1.0,0.16003,-0.26319000000000004,nan,-0.078592,-0.24921999999999997,-0.17217000000000002,-0.15672,-0.26486,-0.20374,-0.15930999999999998,-0.19742,-0.22134,-0.21839,-0.24031,-0.27976999999999996,nan,-0.23621,-0.26918000000000003,nan,-0.29084,-0.32204,-0.34681,-0.34376,-0.35904,-0.37254,-0.36596,-0.38714,nan,nan,nan,nan,-0.37783,-0.36879,-0.40819,nan,-0.42766000000000004,-0.41931999999999997,-0.4379,-0.43596999999999997,-0.44783999999999996,-0.4698,nan,-0.45629,-0.5189,-0.50565,-0.47789,-0.49449,-0.49363,-0.48431,nan,-0.51772,-0.53722,-0.53801,-0.54571,-0.56594,nan,-0.53764,-0.54369,-0.53976,nan,-0.57111,-0.57096,-0.5533399999999999,-0.53723,-0.54187,nan,-0.5283899999999999,-0.54795,-0.59233,-0.5516800000000001,-0.51582,-0.56266,-0.57399,-0.5668300000000001,nan,-0.5788,nan,-0.57311,-0.57318,-0.54155,-0.55156,-0.59392,-0.583,nan,-0.5479999999999999,-0.5855600000000001,-0.59539,nan,-0.57076,nan,nan,-0.5452600000000001,-0.56286,-0.58082,-0.58931,nan,-0.5562199999999999,nan,nan,-0.5664100000000001,nan,-0.61853,nan,-0.59239,-0.63718,nan,nan,nan,-0.63684,nan,-0.59109,-0.63243,-0.61466,nan,-0.5907,nan,-0.59364,-0.60138,-0.61473,-0.5925,nan,-0.63812,-0.63673,nan,-0.5764199999999999,-0.6055,-0.6450899999999999,nan,-0.63195,nan,-0.59129,-0.60132,-0.619,-0.6191800000000001,-0.61429,-0.6139600000000001,nan,-0.61888,-0.5998100000000001,-0.58782,-0.5929,-0.58773,-0.59251,nan,-0.56806,-0.5767399999999999,-0.59143,nan,-0.5949800000000001,-0.57536,-0.57105,-0.59163,-0.56971,-0.57686,-0.6177,-0.58192,-0.57348,-0.6202,nan,-0.62752,-0.63926,-0.61727,nan,-0.62373,-0.56947,nan,-0.59458,-0.59232,nan,-0.6040399999999999,-0.58759,-0.6191399999999999,-0.62547,nan,nan,-0.58144,-0.61716,-0.60197,nan,-0.57014,-0.5463600000000001,-0.51573,-0.5345300000000001,-0.5472,-0.5385,-0.54399,nan,nan,-0.52108,-0.54088,-0.53674,-0.5455899999999999,-0.54656,-0.50303,-0.49093000000000003,-0.51969,nan,-0.46092,nan,-0.41881999999999997,-0.42312,-0.45276000000000005,-0.44204,-0.3816,-0.35681,-0.37141,-0.38809,-0.40743,-0.41516000000000003,-0.41922,-0.42161000000000004,-0.39129,-0.36791,-0.40655,-0.43228,-0.39663000000000004,nan,nan,-0.36568,-0.40035,-0.44188,-0.41363999999999995,-0.38715,nan,-0.42053,-0.41534,-0.44776000000000005,nan,nan,-0.38991,-0.41615,-0.42276,-0.40605,-0.4211,-0.44285,-0.42413,nan,-0.44201999999999997,-0.44085,-0.44288,-0.44298000000000004,-0.43273999999999996,nan,nan,-0.44636000000000003,-0.45133999999999996,-0.46616,-0.44371000000000005,-0.4533,-0.4777,-0.46355,-0.48148,-0.53377,nan,nan,-0.54063,-0.51873,-0.49121000000000004,-0.53246,nan,-0.53491,nan,-0.54495,-0.53167,-0.51336,-0.49191999999999997,-0.49826000000000004,-0.52346,-0.5434899999999999,-0.54598,-0.5280100000000001,-0.5180899999999999,nan,-0.5372399999999999,-0.50563,-0.51463,-0.54581,-0.5182899999999999,nan,-0.51308,-0.50153,-0.49418999999999996,-0.53874,-0.5482,nan,-0.54414,-0.52425,nan,-0.52128,-0.54076,-0.54655,-0.52767,-0.49233999999999994,-0.48053999999999997,-0.5117,-0.5484600000000001,-0.5663100000000001,-0.57043,-0.5564399999999999,-0.51942,-0.5019,-0.54294,nan,-0.54552,-0.5476300000000001,-0.5738,nan,-0.55929,-0.57897,-0.59109,-0.5724600000000001,-0.55887,-0.57519,-0.61595,nan,-0.58872,-0.5705399999999999,nan,nan,nan,nan,nan,-0.61269,nan,nan,nan,-0.62662,-0.66747,nan,-0.60017,nan,-0.6271,-0.58836,-0.60009,-0.64151,-0.62312,-0.62332,-0.67105,-0.6571199999999999,-0.62447,-0.65025,-0.6702,-0.64746,-0.64366,-0.6703100000000001,-0.6726,-0.6528,-0.6423800000000001,-0.6593100000000001,-0.69747,-0.7158399999999999,-0.69434,-0.69311,-0.74158,-0.7369,-0.6907399999999999,-0.71709,-0.73821,nan,-0.69416,-0.7321,-0.7437199999999999,-0.74221,nan,-0.7450100000000001,-0.7458600000000001,-0.72656,-0.76627,-0.7941699999999999,-0.76343,-0.79723,-0.80695,-0.7467,-0.76702,nan,-0.74303,-0.76541,nan,-0.8082699999999999,nan,-0.8083100000000001,-0.81721,-0.84541,-0.85674,-0.80235,-0.80309,-0.8648899999999999,-0.8359200000000001,-0.8236600000000001,nan,-0.8874200000000001,-0.8454799999999999,nan,-0.83883,-0.8670399999999999,-0.89571,-0.8720399999999999,-0.84301,-0.8425799999999999,-0.87474,-0.9126200000000001,-0.9048200000000001,-0.89056,-0.89576,nan,-0.86774,-0.89761,nan,-0.8741700000000001,-0.86806,-0.89113,-0.91319,-0.9074700000000001,-0.8952700000000001,-0.90701,-0.92261,nan,nan,-0.9379200000000001,-0.93175,-0.91915,-0.93434,-0.9415399999999999,-0.9434299999999999,-0.9456,-0.9191299999999999,-0.9222600000000001,-0.9451700000000001,-0.9059200000000001,nan,-0.95495,-0.9927299999999999,-0.9800399999999999,nan,-0.96978,-0.9769700000000001,-0.9395399999999999,nan,-0.93847,nan,-0.94834,-0.97044,-0.93255,-0.9113,-0.94816,-0.9664,-0.96641,-0.9637100000000001,-0.9456100000000001,nan,nan,nan,-0.88735,nan,nan,-0.99555,-0.96899,-0.91245,-0.8967700000000001,-0.9323899999999999,-0.9395899999999999,-0.9471299999999999,-0.96999,-0.9329999999999999,-0.91917,-0.97146,-0.9606899999999999,-0.9128299999999999,-0.92356,-0.9633200000000001,-0.9631,-0.9231600000000001,-0.91922,nan,-0.96747,-0.9698899999999999,-0.9734299999999999,-0.92465,-0.88521,-0.91722,-0.9404899999999999,-0.93645,-0.9454,-0.96383,-0.9623700000000001,-0.92712,-0.9167799999999999,-0.9531200000000001,-0.96252,-0.94225,-0.95729,-0.97754,nan,-0.9436,-0.9446700000000001,-0.9293899999999999,-0.9185700000000001,-0.93416,-0.94568,-0.93791,-0.9204700000000001,-0.9056700000000001,-0.9278799999999999,-0.9440000000000001,-0.91809,-0.9243299999999999,-0.9422200000000001,-0.9211,-0.90965,nan,nan,-0.94894,-0.9751799999999999,-0.9284600000000001,-0.88941,-0.9370200000000001,-0.9661200000000001,-0.9202899999999999,-0.88779,-0.90112,-0.92007,nan,-0.94463,nan,nan,nan,-0.96472,nan,-0.90202,nan,-0.91922,-0.9178299999999999,-0.94457,-0.97315,-0.9383,-0.90943,nan,-0.9656799999999999,nan,-0.89628,-0.9405100000000001,-0.9691,nan,-0.9120299999999999,-0.95178,-0.9497700000000001,-0.89894,-0.8991299999999999,nan,nan,-0.9064700000000001,-0.9487,nan,-0.92424,-0.9066200000000001,-0.89638,-0.9057799999999999,-0.9259799999999999,-0.9457200000000001,-0.9468799999999999,-0.91817,-0.9220200000000001,-0.94484,-0.92215,-0.91453,nan,-0.87461,-0.86835,-0.90365,-0.9188700000000001,-0.90275,-0.88049,-0.8998299999999999,-0.93886,-0.9263899999999999,nan,-0.94316,-0.9254899999999999,-0.91576,-0.9457399999999999,-0.9294100000000001,-0.88944,-0.90141,-0.94089,-0.92512,-0.86264,-0.87355,-0.9361,-0.912,-0.8595700000000001,-0.86605,-0.87697,-0.9073,-0.91837,-0.88431,-0.9318,-0.96359,nan,-0.8991,nan,-0.8963700000000001,-0.9308700000000001,-0.9209999999999999,-0.86046,nan,-0.85998,-0.8332299999999999,nan,-0.84429,-0.83652,nan,-0.86141,-0.8768,-0.85293,-0.81927,-0.8297100000000001,-0.83905,-0.8153100000000001,nan,-0.8700399999999999,-0.85451,-0.81893,-0.8301,-0.84141,-0.84509,nan,-0.84872,-0.80599,-0.79502,-0.77967,nan,-0.7713,-0.78969,-0.7906,-0.79469,-0.79625,nan,-0.76775,-0.79665,-0.8009,-0.76845,-0.73769,-0.7378899999999999,nan,-0.80188,-0.79674,-0.7398,-0.6863199999999999,-0.6674,nan,-0.71109,-0.7120000000000001,-0.71791,-0.72727,-0.68585,-0.67213,-0.71306,-0.69128,nan,-0.69218,-0.66179,-0.63441,-0.67389,-0.69192,-0.67952,-0.65976,-0.64357,-0.65545,nan,-0.66961,-0.66793,-0.66181,-0.67133,-0.67295,nan,-0.61741,nan,-0.64203,-0.6432399999999999,-0.63631,-0.5968399999999999,-0.58338,nan,nan,-0.6096600000000001,-0.60501,-0.55933,-0.55875,-0.59788,-0.56696,-0.51927,-0.54682,nan,-0.56618,-0.54901,nan,-0.52478,-0.54537,nan,nan,-0.54566,-0.52398,-0.51065,-0.51085,-0.47276,-0.45764,-0.47162,-0.4684,-0.46503999999999995,-0.46813,-0.46631999999999996,-0.46903999999999996,-0.45642,-0.42448,nan,-0.43858,nan,nan,-0.41734,-0.40334000000000003,-0.37898000000000004,nan,-0.37833,-0.40381999999999996,-0.3799,nan,nan,-0.38556,nan,-0.40338,nan,-0.36183000000000004,-0.36349000000000004,-0.37245,-0.36112,-0.34536,-0.3177,-0.31879,nan,-0.2715,nan,-0.25728,nan,-0.2202,-0.2609,nan,-0.22603,-0.19607,-0.19097,nan,nan,-0.22732,-0.18962,-0.18248,-0.20745999999999998,-0.21397,-0.19502,-0.17175,-0.159,-0.16818,-0.18558,-0.19028,-0.19132000000000002,-0.19296,-0.17498,-0.15644,-0.1442,-0.13407,-0.16208,-0.1948,-0.19325,nan,-0.14798,nan,-0.14382,-0.17481,-0.13072,-0.08771699999999999,nan,-0.16845,-0.12183,nan,-0.07948200000000001,-0.12252,-0.14172,-0.12470999999999999,-0.069597,-0.042838,nan,-0.083412,-0.03809,-0.013925,-0.026810000000000004,-0.046025,-0.045952,-0.0080256,0.019403999999999998,0.006106800000000001,nan,0.020364,0.0013334000000000002,-0.018715,nan,0.0075616,nan,nan,nan,0.034872,0.054592999999999996,nan,0.06731799999999999,0.08098,0.050700999999999996,nan,0.034142,0.012740999999999999,0.022241999999999998,0.084521,0.10701,0.08817699999999999,0.093213,0.10997,nan,0.13163,0.17367,0.16057000000000002,0.13155999999999998,0.15744,0.18299,0.16507,0.1677,0.18999000000000002,0.1834,nan,0.16151,0.18623,0.21373000000000003,0.18937,0.19186,0.21074,0.15907000000000002,0.14074,nan,0.18871,0.18415,0.18144000000000002,0.17908,0.21222,0.19168,0.15888,0.21875999999999998,nan,0.17417,0.17783,0.20205,0.21874000000000002,nan,nan,0.25027,0.25895,0.25498000000000004,0.2967,0.30236999999999997,0.25875,0.28749,0.32548,0.30429,0.30296999999999996,0.3316,0.32976,0.28465999999999997,nan,nan,0.3602,0.34055,0.33562,0.33066,0.3081,0.32614,0.33429000000000003,0.30595,0.32129,0.36696,nan,0.38323,0.38219000000000003,0.38781,nan,0.39476999999999995,nan,0.42183000000000004,0.36251,0.38598000000000005,nan,0.38048000000000004,0.37633,0.39871999999999996,nan,0.43151999999999996,0.43851999999999997,0.43831000000000003,0.45793,0.4696,0.44595,0.43559,nan,0.46661,0.45692,0.43388999999999994,0.41128000000000003,0.42485,0.4645,nan,nan,nan,0.48118999999999995,0.51272,0.50053,0.48445,nan,0.48405,0.49053,0.48768,0.44911999999999996,0.44256999999999996,0.48846000000000006,0.5122800000000001,0.49973999999999996,0.48285,0.48273999999999995,nan,0.50548,nan,0.48377,0.50144,0.54611,0.54501,0.47129,0.4858,0.55878,0.53225,0.50253,0.54292,0.5411600000000001,nan,0.5481199999999999,0.53341,0.48768999999999996,0.5093,0.5338,0.51113,0.52389,0.53504,0.53168,0.57777,0.57347,0.53235,0.57238,0.59451,0.5436300000000001,0.53094,0.5734100000000001,nan,0.55487,0.53263,0.55285,nan,0.53501,0.54491,0.5764699999999999,0.58416,0.56977,0.54493,0.536,0.55562,0.5805899999999999,0.58973,0.5838800000000001,0.5843,0.59258,0.58132,nan,0.5726,0.59597,nan,nan,0.63546,nan,0.58292,nan,0.60406,0.584,0.60196,nan,nan,0.66368,0.63126,0.61061,0.63221,0.63426,0.64847,0.6573,0.61715,0.62254,0.67669,0.68602,nan,0.6521600000000001,0.63269,nan,0.6843100000000001,0.6813100000000001,0.65956,0.68487,0.72605,0.7044699999999999,0.6630699999999999,0.68033,nan,0.71068,0.7056100000000001,0.71421,nan,0.69216,nan,0.6889,nan,0.7135699999999999,0.70797,0.70686,0.72755,0.73819,0.69962,0.67943,0.7244,0.72845,0.70672,0.74956,0.75121,0.70414,0.72335,0.75889,nan,0.7591899999999999,0.74537,nan,0.76341,0.77151,0.72027,0.6815,0.70352,0.74638,0.7734300000000001,0.7852,0.7864,0.7952,0.81279,0.79161,nan,0.74529,0.7864,0.80833,0.8175399999999999,0.8401799999999999,nan,nan,0.8127300000000001,0.80678,0.8005399999999999,0.8387700000000001,0.8588600000000001,0.8350700000000001,0.86167,0.88951,0.83357,0.7983399999999999,0.8448399999999999,nan,0.8705200000000001,0.8347700000000001,0.84664,0.88323,0.87992,0.8401200000000001,0.83744,nan,0.8944700000000001,0.88359,nan,0.8779299999999999,0.843,0.83586,0.8759600000000001,0.89644,0.88174,0.8825200000000001,0.9157200000000001,nan,0.98611,0.97616,0.93374,0.9442,0.96345,0.9109,0.8905799999999999,0.93468,0.9422200000000001,0.9309999999999999,0.9356200000000001,0.93353,0.9493799999999999,nan,0.95824,0.9457700000000001,nan,0.9153100000000001,0.95399,0.9595600000000001,0.92076,0.9094,0.93166,0.93548,0.9358700000000001,0.9560200000000001,nan,0.95596,nan,0.9277700000000001,0.95149,nan,0.9368200000000001,0.9469200000000001,0.96365,0.9591,nan,0.9512,0.93371,0.95541,0.9570799999999999,0.9284399999999999,0.9313799999999999,0.9436200000000001,0.92775,nan,nan,0.9464600000000001,0.93752,0.9587399999999999,0.9464899999999999,0.9409799999999999,0.9857899999999999,0.9994799999999999,nan,0.96524,nan,0.9606899999999999,0.9287799999999999,0.95831,1.0086,0.9989600000000001,nan,0.9517,0.99936,1.0071,0.96004,0.93432,0.94932,0.99279,1.0165,0.9824799999999999,0.95839,0.95921,0.95373,0.98405,nan,0.97249,0.9525100000000001,0.96346,nan,0.9753700000000001,0.9929899999999999,0.9838399999999999,0.98375,nan,1.0176,1.0147,0.97585,nan,0.98559,nan,0.98355,nan,nan,1.0342,1.0262,0.9832200000000001,nan,0.9678,0.99115,nan,0.95865,0.9805,1.0325,1.0108,0.96462,0.9609700000000001,nan,0.9688399999999999,nan,1.0101,0.99618,0.9816799999999999,0.9868600000000001,0.9893,nan,0.99551,nan,0.99421,0.98751,0.9832,0.9620000000000001,0.98041,1.0215,1.0136,0.99065,nan,0.9842700000000001,0.98462,0.99156,nan,0.96065,0.97152,0.99636,nan,nan,1.011,nan,0.96201,nan,0.98421,0.95824,nan,nan,nan,1.0064,1.0123,0.96652,0.93281,nan,nan,1.0062,0.9844799999999999,nan,0.97188,0.95688,1.01,0.98898,0.9623200000000001,1.0096,nan,0.9693,1.0108,0.95896,0.94905,1.0145,0.99705,0.99018,1.0147,0.9878,0.99459,1.0226,1.0088,0.99349,0.9647399999999999,0.92986,0.9522200000000001,0.9920399999999999,0.97303,nan,1.0028,1.0037,0.94865,0.93161,0.9527100000000001,0.96667,0.98406,1.0085,1.0146,nan,nan,nan,0.96778,0.9842200000000001,0.95631,0.92542,0.9707100000000001,1.0146,0.9819899999999999,0.9599,0.9598200000000001,0.93655,0.9537899999999999,0.98621,0.96621,0.96845,0.9892200000000001,0.96225,0.9517899999999999,0.9702200000000001,0.9571,0.9537,0.97577,0.94794,0.92906,0.99403,nan,0.93035,0.94296,0.98113,0.94857,0.91305,0.91114,0.91599,0.93363,0.96005,nan,nan,0.86426,0.8468200000000001,0.8304799999999999,0.8325299999999999,0.8436799999999999,nan,0.7849,nan,0.8654700000000001,0.85135,0.8327200000000001,0.8545200000000001,0.85926,0.8293799999999999,0.8112,0.80278,0.7772,0.75879,0.7762100000000001,0.79462,0.78249,0.7635,0.76148,0.75861,0.73668,0.7038399999999999,0.68094,nan,0.76136,0.73224,nan,0.65975,nan,0.66894,0.68491,0.70017,0.73306,0.72501,0.64683,0.60521,nan,nan,0.5897899999999999,nan,nan,0.5644899999999999,0.55404,0.56821,0.5586399999999999,0.53562,0.54408,0.52795,nan,0.5495,0.54556,0.46115,nan,0.54304,0.52828,nan,0.5221399999999999,nan,0.48167,0.54479,nan,nan,nan,0.43738999999999995,nan,0.43921000000000004,0.40267,0.43478999999999995,0.45726999999999995,0.40099,0.38328,0.41543,nan,0.34567,0.33562,0.33248,0.31915,0.29581,0.28139000000000003,0.26497,nan,nan,0.25806,nan,0.26904,0.25314000000000003,nan,0.21289,0.19888,0.15855999999999998,0.17457,0.18461,nan,0.15691,0.1669,nan,0.15821,0.16355999999999998,0.16002,0.16057000000000002,0.17978,0.17709,0.11189,nan,0.14052,0.15771,nan,0.10153999999999999,nan,0.066742,0.033083,0.046235000000000005,0.014662,-0.017984,0.023767,0.030357,nan,-0.065936,-0.051899,-0.034283999999999995,-0.045125,-0.062681,-0.064083,-0.10377,-0.14467,-0.10415,nan,-0.16783,nan,-0.12478,-0.1491,-0.16639,-0.15805,-0.17155,-0.19283,-0.19052,-0.18897,-0.19144,-0.18905999999999998,-0.20027,-0.22261,-0.24301,-0.24693,-0.22701999999999997,-0.21896999999999997,-0.25214000000000003,nan,-0.29186,-0.31504,-0.32666,-0.29948,-0.32397,nan,-0.40431,-0.35724,-0.36458,-0.39723,nan,nan,nan,-0.39732,nan,-0.49828,-0.44991000000000003,nan,-0.4946,-0.54715,-0.583,-0.5574399999999999,-0.51675,-0.54238,-0.5713199999999999,-0.57044,-0.5977100000000001,-0.62542,-0.6140100000000001,-0.61245,-0.63064,-0.64352,-0.64474,-0.63705,-0.64954,-0.67035,nan,nan,-0.73356,-0.747,-0.6842699999999999,-0.67413,-0.7522,-0.77752,-0.73545,-0.75673,-0.81508,nan,nan,nan,-0.86934,-0.8662,-0.8645200000000001,-0.8649,-0.9029299999999999,-0.9081600000000001,nan,-0.93019,-0.9405100000000001,nan,-0.9906200000000001,-0.97829,-0.97349,-1.0459,-1.0744,nan,-1.0434,-1.0442,-1.0334,-1.0522,-1.0956,-1.0984,-1.0885,-1.1242,-1.1277,-1.0774,-1.121,-1.1954,-1.1420000000000001,-1.1138,-1.1762,nan,nan,nan,nan,nan,-1.2797,-1.2654,nan,-1.2719,-1.2895,-1.2687,nan,nan,-1.3223,-1.3428,-1.3075,-1.2638,nan,-1.3457,-1.3333,nan,nan,-1.3228,-1.321,-1.3229,-1.3032,nan,-1.3967,-1.3757,nan,-1.3655,-1.3421,-1.3667,-1.3919,-1.3466,-1.3249,-1.3613,-1.3656,-1.3426,-1.3517,-1.3676,-1.3463,-1.3416,-1.3943,-1.3885,-1.3394,-1.3729,-1.3847,-1.3447,-1.3719999999999999,nan,-1.3696,-1.405,-1.4173,-1.3855,-1.3929,-1.3852,-1.3488,-1.3451,-1.36,-1.3769,-1.3969999999999998,-1.3973,nan,-1.3661,-1.3705,-1.3609,-1.3818,-1.3908,-1.3694,-1.3706,-1.3539,-1.3451,nan,-1.3806,-1.3706,-1.3943,-1.3679,-1.3817,-1.4224,-1.3596,-1.3499,-1.3969,-1.3723,-1.3768,-1.389,-1.3697,-1.3904,-1.3658,nan,-1.3732,-1.4001,-1.3530000000000002,-1.3643,nan,-1.4131,-1.3932,-1.3548,-1.3179,nan,-1.3251,-1.2671,nan,nan,nan,-1.2101,-1.2212,-1.2214,-1.2048,-1.1804,nan,-1.1555,-1.1094,-1.0962,-1.1184,-1.0763,-1.0316,-1.0699,-1.0693,-0.9923299999999999,-0.9719700000000001,-1.0123,-0.99711,-0.9534100000000001,nan,nan,-0.86925,-0.8710600000000001,-0.87425,nan,-0.8103199999999999,nan,-0.7560100000000001,nan,-0.7146399999999999,-0.6734600000000001,-0.67195,-0.69085,-0.6509699999999999,-0.59625,nan,-0.5919,-0.5719,nan,-0.53479,-0.5183800000000001,-0.50105,-0.42208,-0.34294,-0.35326,-0.36961,-0.33252,-0.31685,nan,-0.23063000000000003,-0.19351,-0.21353000000000003,-0.19648,-0.16168,nan,-0.15383,-0.1332,-0.095105,-0.010795,nan,-0.019574,0.00020087,nan,0.077537,0.13057,0.15505,0.1704,0.15525,0.14531,0.23315,0.28883000000000003,0.26016999999999996,0.27553,0.28567,0.31494,0.41641999999999996,nan,0.41262,0.47667,0.50297,nan,nan,0.53789,0.53395,0.5766399999999999,nan,0.63395,0.64859,0.68488,0.70211,0.73416,0.76295,nan,0.79593,0.85596,0.85829,0.8668600000000001,0.9254899999999999,0.96352,0.97864,1.0203,1.0358,1.0323,1.0592,1.0537,nan,nan,1.1303,1.1552,nan,1.2127,1.1823,nan,1.3017,1.3369,1.3695,nan,1.3894,1.3867,1.4147,1.4585,1.4524,nan,1.5522,1.5701,1.5649,1.6133,1.6424,1.6278,1.6459,1.6814,1.7074,1.7714,1.8364,1.8407,1.8493,1.895,1.9118,1.9172,1.9559,nan,1.999,2.0375,2.065,2.0802,2.1239,2.135,2.134,2.2202,nan,2.2559,2.2499,2.3107,nan,2.3357,2.3648,2.4129,2.4383,2.4552,2.4926,2.5584,nan,nan,nan,nan,2.6249,nan,2.6579,nan,2.7529,2.7795,nan,2.8258,2.8795,2.9509,2.9446,nan,3.0313,3.0876,3.0655,3.0858,nan,3.1637,3.1756,3.2456,nan,3.3506,3.3828,3.3864,3.3816,nan,3.5116,3.5385,3.5635,3.6183,3.6403,3.6695,3.7585,3.7882,3.7634,3.8358,nan,3.9387,3.9526,nan,nan,3.9644,3.9992,4.0762,4.1173,4.1285,nan,4.2239,4.2185,4.2286,4.3001,4.3393,nan
2.0,-0.036166000000000004,-0.15164,nan,-0.13327999999999998,-0.077171,-0.11789000000000001,nan,-0.09277200000000001,-0.09373300000000001,-0.08644600000000001,-0.075907,-0.12877,nan,nan,-0.10177,nan,-0.12972999999999998,-0.091849,-0.086814,-0.072412,-0.12402,-0.11942,nan,-0.128,-0.09916599999999999,-0.066843,-0.094779,-0.069303,-0.099563,-0.086268,-0.051651999999999997,-0.11055999999999999,-0.09780499999999999,nan,-0.12805999999999998,nan,-0.08974299999999999,-0.092172,-0.088602,-0.09099299999999999,nan,nan,-0.089575,-0.089211,-0.09097100000000001,-0.087908,-0.073019,-0.09261799999999999,-0.11068,-0.09123200000000001,-0.10517,-0.10046000000000001,nan,-0.081701,-0.09274199999999999,-0.083432,-0.071949,-0.099208,-0.10550999999999999,-0.073519,nan,-0.09278,-0.075751,-0.070971,-0.076376,-0.065634,nan,nan,nan,nan,-0.07095,-0.076115,-0.091553,nan,-0.063096,nan,-0.066028,nan,-0.058436,-0.031201999999999997,-0.068648,-0.070365,-0.075864,-0.07208300000000001,-0.075376,-0.091775,-0.07377,-0.089247,-0.066646,-0.047497000000000004,-0.058514,-0.049605,-0.061475,nan,-0.071079,nan,-0.091071,-0.074932,-0.07273099999999999,nan,-0.09377100000000001,nan,-0.067027,nan,nan,-0.065322,-0.032487,-0.060579999999999995,nan,-0.07446699999999999,-0.054776,-0.08623099999999999,-0.081862,-0.047067000000000005,nan,-0.064485,-0.050656,-0.013319,-0.039498,-0.011146,-0.044059,nan,nan,-0.054439999999999995,nan,-0.0013845,-0.029620999999999998,nan,-0.017929,-0.033091,-0.011541,-0.020024,-0.014502000000000001,0.0015606,0.00068798,nan,-0.020402,-0.00052789,0.0009874,0.012282,0.021087,0.01938,0.017883,0.02101,nan,0.021639,0.054970000000000005,0.019916,nan,0.08332300000000001,0.031367,nan,0.051636,0.063034,0.081374,nan,0.057416999999999996,0.077338,nan,0.10884,0.11258,0.092892,0.10344,nan,0.12629,0.092874,0.11185999999999999,0.15705999999999998,0.14422000000000001,0.15099,0.16452999999999998,0.1474,0.14432,0.16842000000000001,0.14277,0.20057,0.21254,nan,0.16862,0.16952,0.21788000000000002,0.21286,0.18495,0.23997,0.2255,0.18115,0.2162,0.22096,0.22813000000000003,0.19805,0.19137,0.19838,0.18864,0.22644,0.19585,0.18404,0.21927,0.22408000000000003,nan,0.21824000000000002,0.21233000000000002,nan,0.2063,nan,0.20823000000000003,nan,nan,0.22175,0.22052,0.20128,0.22113000000000002,0.19407,0.18803,0.22266999999999998,nan,0.23433,0.23199,0.19552,0.20794,0.22061,0.22063000000000002,0.23892,nan,0.20254,0.22514,nan,0.20367000000000002,nan,nan,0.18085,nan,nan,0.18154,0.14757,0.16307,0.15249000000000001,0.14754,0.13831,nan,0.13219,0.12252,nan,nan,0.045572,0.0023999000000000004,0.054783000000000005,0.037769,0.055466999999999995,0.016782,-0.0036655999999999998,0.0027986,0.0084097,-0.018344,-0.027924,nan,-0.028222000000000004,-0.0028541,-0.075362,-0.039457,-0.049207,-0.057227999999999994,-0.07224,-0.11847,-0.1302,-0.1301,-0.19744,-0.20246,nan,-0.18922,-0.18169000000000002,-0.18249,-0.20174,-0.19909000000000002,nan,-0.22019,-0.22525,-0.24264000000000002,-0.22819,-0.2511,-0.271,-0.23231,-0.26095999999999997,nan,nan,-0.28181999999999996,nan,-0.29438000000000003,nan,-0.28849,nan,-0.33881999999999995,-0.3491,-0.37387,-0.40448,nan,-0.38695,-0.39631,-0.42536,-0.38825,-0.40696,-0.41425,-0.39829000000000003,-0.39875,-0.41234,-0.43959,-0.4204,-0.44153000000000003,-0.42303999999999997,-0.41818999999999995,-0.43985,nan,-0.41561000000000003,-0.43801999999999996,-0.47395,-0.46462,-0.46531999999999996,-0.49833999999999995,-0.46725,nan,-0.47678000000000004,-0.45807,-0.47772,-0.44233,-0.47313999999999995,-0.49425,-0.4564,-0.46066,-0.45729,-0.48541000000000006,-0.48901999999999995,-0.45658000000000004,-0.4599,-0.4595,-0.47136999999999996,-0.50584,nan,nan,-0.53223,-0.49378,nan,-0.54292,-0.48988000000000004,-0.53767,nan,-0.53147,nan,-0.4918,-0.52628,-0.50867,-0.49378,-0.52827,nan,-0.53793,-0.58025,nan,-0.58624,-0.60651,-0.60801,-0.57245,-0.56155,nan,-0.6100899999999999,-0.59614,-0.62512,-0.67269,nan,-0.65661,-0.66206,nan,-0.66193,nan,-0.70285,-0.73095,nan,-0.73807,-0.76368,-0.7663800000000001,-0.77685,nan,-0.77077,-0.76974,-0.75238,nan,-0.7722,nan,-0.7740199999999999,nan,nan,nan,-0.83035,-0.81935,-0.8303200000000001,-0.8629600000000001,nan,nan,-0.8632,nan,-0.86405,-0.8874,-0.86646,-0.90125,-0.9086200000000001,-0.90128,-0.9159,nan,-0.95331,-0.90149,-0.89536,nan,nan,-0.92127,-0.909,-0.9319799999999999,-0.9542,-0.9177799999999999,-0.9267299999999999,-0.9499700000000001,nan,-0.9345899999999999,-0.9502799999999999,-0.97301,nan,-0.9444600000000001,-0.9358,-0.9107700000000001,nan,-0.9728100000000001,-0.96675,-0.9499700000000001,-0.9545799999999999,-0.9727899999999999,nan,-0.93148,-0.95229,nan,-0.94589,-0.9402299999999999,-0.94368,-0.9776,-0.96495,-0.94826,-0.9570000000000001,-0.97124,-0.93494,-0.9527100000000001,nan,-0.97401,-0.97585,-0.93561,-0.9701200000000001,-0.95925,-0.95316,-0.94837,-0.95754,nan,-0.93509,nan,nan,nan,-0.9543200000000001,-0.9488700000000001,-0.95683,-0.98365,-0.97877,-0.94683,nan,-0.9526899999999999,-0.95386,-0.9529700000000001,-0.95447,-0.93519,-0.94325,-0.96346,-0.97511,-0.95731,-0.9579799999999999,-0.9679399999999999,nan,-0.95258,nan,-0.97257,nan,-0.9406399999999999,-0.9960200000000001,-1.0146,-0.99229,-0.99623,-1.01,-1.0072,nan,-1.0098,-1.0085,-0.99156,nan,-0.98739,-1.0165,-1.0206,-0.99615,-1.0259,-1.0091,-1.0264,-1.0597,-0.99792,-1.0156,-1.065,-1.048,nan,-1.0694,-1.0167,-1.0282,-1.037,-1.0282,-1.042,-1.0228,-1.05,-1.041,-1.0269,-1.0444,-1.0787,-1.0859999999999999,-1.0643,-1.0637,-1.0565,-1.0802,-1.0967,nan,-1.0861,-1.0997,-1.0798,-1.0645,-1.1148,-1.1068,-1.0791,-1.0937,-1.0981,-1.1023,-1.1295,-1.1297,-1.1151,-1.1175,-1.1188,-1.1188,-1.0998,-1.1293,-1.1565,-1.1395,-1.1417,-1.1642,nan,-1.1247,-1.1618,-1.1508,nan,-1.1734,-1.1733,-1.1740000000000002,-1.157,-1.1546,-1.1513,nan,-1.1652,nan,-1.1295,-1.1444,-1.1498,-1.1192,-1.1735,-1.1611,-1.1325,-1.1563,-1.1282,-1.1181,-1.158,-1.1732,-1.1671,-1.1476,nan,-1.1584,-1.156,nan,-1.1546,-1.1409,-1.1323,-1.1445,-1.1683,-1.1571,-1.1285,-1.139,-1.1348,-1.1623,-1.1917,nan,-1.1528,nan,-1.1492,-1.1133,-1.1384,-1.1577,-1.1498,-1.1208,-1.1004,-1.1431,-1.1340000000000001,-1.1193,-1.1541,nan,-1.1167,-1.1294,-1.1307,-1.1036,-1.1374,nan,-1.0641,nan,nan,-1.0834,-1.0989,-1.1016,nan,-1.0917,-1.1088,-1.1234,-1.097,-1.0829,-1.099,nan,-1.0861,-1.0998,-1.0999,-1.1021,-1.0671,-1.0729,-1.0862,-1.075,nan,-1.0977,nan,-1.0952,-1.0799,-1.0839,-1.1006,nan,-1.105,nan,-1.0963,-1.0861,nan,-1.0994,-1.1017,-1.1186,-1.0908,-1.0853,-1.1198,-1.1198,-1.1004,-1.1104,-1.1164,-1.0490000000000002,-1.0786,-1.1281,-1.1106,-1.1192,-1.1166,-1.1174,-1.1193,-1.1195,-1.1141,-1.155,-1.1232,-1.1385,-1.1504,-1.1337,-1.1652,-1.1412,-1.1432,nan,-1.153,-1.1571,-1.1916,nan,-1.1372,-1.1338,nan,-1.1633,nan,-1.1658,-1.1801,-1.1853,-1.1546,-1.1741,-1.1735,-1.1734,-1.1562,-1.1757,-1.2007,nan,nan,-1.1805,-1.1893,nan,-1.1584,-1.1724,-1.1565,-1.1885,-1.1795,-1.1539,-1.1627,-1.1918,-1.2166,-1.1925,-1.1648,-1.1776,-1.1913,-1.192,nan,nan,nan,-1.1604,-1.1485,-1.1676,nan,nan,-1.1909,-1.1909,-1.1874,-1.1724,-1.1929,nan,nan,nan,nan,nan,-1.1924,-1.1609,-1.1781,-1.1638,-1.1821,-1.2094,-1.1916,-1.2109,-1.196,-1.1589,-1.1513,nan,-1.1716,-1.1709,-1.1693,-1.1735,-1.1662,-1.1562,-1.1735,-1.1565,-1.1691,-1.2096,-1.1933,nan,-1.1387,-1.1626,-1.1898,-1.1653,nan,-1.1516,-1.1567,-1.1562,-1.1391,-1.1161,-1.1607,-1.1692,-1.1382,-1.1877,-1.1606,nan,-1.2007,-1.1568,-1.1631,-1.1909999999999998,-1.1735,nan,-1.1833,-1.1501,-1.1615,-1.1420000000000001,nan,nan,-1.1366,-1.1792,-1.1452,-1.1405,-1.1738,-1.1575,-1.1657,nan,nan,-1.1349,nan,-1.1503,-1.1394,nan,-1.159,-1.195,-1.1909,-1.1578,nan,-1.1893,-1.1645,-1.1578,-1.1856,-1.1867,-1.1481,-1.1127,-1.1457,-1.1528,-1.137,-1.1564,nan,nan,nan,nan,-1.1604,-1.1362,-1.1532,-1.1597,-1.1092,-1.1469,-1.1728,nan,nan,-1.1533,-1.1549,-1.1566,-1.1403,-1.1425,-1.1533,-1.122,nan,-1.1141,-1.1218,-1.1367,nan,-1.0993,-1.0847,-1.0825,-1.0589,-1.0349,-1.0547,-1.0603,-1.0313,-1.0309,-1.0421,-1.0268,-1.0275,-0.975,-0.9712200000000001,-0.9543799999999999,nan,-0.95215,-0.9243299999999999,-0.93661,nan,-0.9066,-0.8756700000000001,nan,-0.8609399999999999,-0.8270299999999999,-0.82342,nan,-0.78091,-0.81681,-0.79869,-0.7600399999999999,-0.76668,-0.71259,-0.70033,nan,-0.67672,-0.6425,-0.6246,-0.61824,-0.62829,nan,-0.58819,nan,-0.52146,nan,-0.5038600000000001,-0.52051,-0.5291399999999999,-0.4769,nan,-0.43281000000000003,nan,nan,-0.41926,nan,nan,-0.36611,-0.35858,-0.32347,-0.308,-0.27492,nan,-0.26181,-0.23456,-0.25295,-0.24441999999999997,-0.22841,-0.20178,-0.17707,-0.17903,-0.13633,nan,-0.16104000000000002,-0.092059,-0.10968,-0.06561399999999999,-0.050543,-0.036555000000000004,0.0025280000000000003,0.00024225,0.006254399999999999,0.031602,nan,nan,nan,0.054890999999999995,0.086586,nan,0.12897999999999998,0.13982999999999998,0.17540999999999998,0.23555,0.22285,0.21236999999999998,0.26846,0.22651,0.22860999999999998,0.29431999999999997,0.27610999999999997,0.29013,0.29653,0.3209,0.40869,nan,0.37804,nan,0.40567,nan,nan,0.45898999999999995,0.475,0.49475,nan,0.53677,0.5130100000000001,0.53984,0.54792,0.57955,0.63345,0.62965,0.68876,nan,0.67876,0.73254,0.71644,0.74041,0.77089,0.77769,0.80793,0.83978,0.84278,0.8514299999999999,0.86136,0.8447899999999999,0.8812700000000001,0.89907,0.8968700000000001,0.9155,0.91804,0.9268200000000001,0.95529,0.99161,1.0194,nan,1.0272,1.0511,1.0627,nan,1.0949,nan,1.0727,1.1146,1.1072,1.1117,nan,nan,1.1888,1.2079,nan,nan,1.2106,1.2233,1.251,1.2302,1.2513,1.2634,nan,nan,nan,1.2912,1.2997,1.2846,1.3211,1.2878,1.3079,1.3514,nan,1.4041,1.3865,1.4082,nan,nan,1.4333,nan,1.4289,1.4686,1.4613,1.5151,1.5012,1.4964,nan,nan,nan,1.5262,1.5427,1.5186,1.5036,1.5391,1.5423,1.5534,1.5573,1.5154,1.5567,1.5688,1.5304,1.5191,1.5301,1.5602,1.5407,1.5416,nan,1.5899,1.5814,1.5908,1.5825,1.5952,1.6053,nan,nan,1.6667,1.6494,nan,1.7226,nan,1.7031,1.7082,1.7189,nan,1.7436,1.7642,1.8218,1.7928,1.8011,nan,1.8003,nan,1.8183,nan,1.8533,1.8148,1.8319999999999999,nan,1.84,1.8613,1.8929,nan,1.8877,1.9254,1.8948,1.9011,1.8971,1.8962,1.9036,1.8882,1.9152,1.9008,1.8886,1.8883,1.8885,1.8895,1.8861,1.8947,nan,1.8978,1.8964,1.9027,1.9225,1.8805,1.8918,nan,1.9078,1.9095,1.8873,1.9067,1.8852,1.8637,1.8851,nan,1.867,nan,1.8653,1.8558,1.8891,1.8551,nan,1.8383,1.8259,1.8656,nan,1.8285,1.8355,1.8383,1.8538,nan,nan,1.7795,1.7976,nan,1.8015,1.7992,1.8462,1.7848,1.7882,nan,1.7439,1.7690000000000001,1.7566,1.7423,1.7602,1.7615,1.7608,1.7522,1.7243,1.7443,1.7616,1.7288,nan,nan,1.7224,1.7055,1.6879,1.7023,nan,1.6725,1.6829,1.6776,1.6748,1.6907,1.6887,1.6831,1.6691,1.6672,nan,1.6857,1.6733,nan,1.6474,1.6396,1.6986,1.6564,1.6429,1.6667,1.63,1.6754,1.6674,nan,1.6839,1.6621,nan,1.6583,1.6356,nan,1.6522,1.6499,1.6487,1.6312,nan,1.67,1.6181,nan,1.6380000000000001,1.6295,1.6369999999999998,nan,1.6375,1.6280000000000001,1.6433,1.6668,1.6096,nan,1.6680000000000001,1.6277,1.5879,1.6289,1.6201,1.6249,1.6234,1.587,1.601,1.5919999999999999,1.5986,1.6142,1.6135,1.619,1.5786,1.614,1.6358,1.5913,1.6112,1.6054,1.6004,1.6136,1.5937,1.5958,1.5954,1.5971,nan,nan,1.5965,1.6056,nan,nan,nan,1.6092,1.5715,1.5796,1.5955,nan,1.6025,1.5588,1.5923,1.5629,1.5459,nan,nan,nan,1.5144,1.5463,1.5401,1.5392,1.561,nan,1.579,1.5523,1.5487,1.5573,nan,nan,1.5404,1.5421,nan,1.561,1.5217,1.5562,1.535,1.5259,1.5528,1.5248,1.5311,1.5423,1.5423,1.5387,1.5219999999999998,1.5411,1.5433,1.5219999999999998,1.5376,1.5421,1.5425,1.5384,1.5477,1.526,1.5053,1.5241,1.5238,1.5411,1.5229,1.5376,nan,1.5395,1.5347,nan,1.5457,1.5522,1.5138,nan,1.5408,nan,1.5414,1.5387,1.5616,nan,nan,1.5486,1.5304,1.5196,1.5291,1.541,1.5184,1.5243,1.5221,1.5021,1.5378,nan,1.5204,1.5148,1.4986,1.5047,1.4716,nan,nan,1.4773,1.4503,nan,1.5127,nan,1.4982,1.4852,1.4662,1.5074,nan,1.4673,1.4659,nan,1.4852,1.4492,1.4825,1.4649,1.4087,nan,1.4649,1.4408,1.4573,nan,1.4611,1.4589,1.4134,1.4491,1.4172,1.4085,1.4304,1.4298,1.4313,1.4308,1.4302,1.4298,1.4007,nan,nan,nan,1.3969999999999998,1.3563,1.3893,nan,1.4123,nan,1.3773,1.3601,nan,1.3764,1.3315,1.3217,nan,1.3598,1.3090000000000002,nan,nan,1.3,nan,1.3130000000000002,1.3135,1.2801,1.3104,1.3201,1.3022,nan,1.2817,1.2894,1.2570000000000001,nan,nan,1.2830000000000001,1.2683,1.2553,1.2838,nan,1.2488,1.2483,1.2619,1.2588,1.2139,1.2242,nan,1.2073,1.2095,1.1821,1.1783,1.1927,1.1724,1.1558,1.1581,nan,1.1428,1.1174,1.1388,1.1126,1.1178,nan,1.0805,nan,1.0405,1.0648,1.0849,nan,nan,nan,nan,1.0013,0.9750700000000001,nan,0.9409799999999999,0.9376700000000001,0.91179,0.8792200000000001,0.8797799999999999,0.86654,nan,0.88255,nan,0.87825,0.8595700000000001,0.81294,0.80051,0.76468,0.77569,0.7876,0.7709999999999999,0.75376,0.72468,0.69211,nan,0.67635,0.67309,0.65937,0.62459,0.6393399999999999,0.60268,0.62715,0.60455,0.5699,0.53784,0.52775,0.55074,0.5421600000000001,0.52941,0.53763,0.52615,0.51054,nan,nan,0.47526,0.45913000000000004,0.46133,0.42956000000000005,0.40839000000000003,0.38921,nan,0.42551000000000005,0.38706,nan,nan,0.34231,0.35079,0.34831999999999996,nan,nan,0.2834,0.27588,0.25971,0.22560999999999998,0.22139,0.22615,0.24420999999999998,0.23794,0.24043,0.21932,0.20002999999999999,nan,0.16105,0.14677,0.12894,nan,nan,0.053339,nan,0.038149,0.05293200000000001,nan,0.016694999999999998,0.0052341,-0.014131999999999999,-0.032892000000000005,-0.031105,nan,-0.072658,-0.08186900000000001,-0.084971,-0.10438,-0.1468,-0.13007,-0.18352000000000002,-0.18315,-0.21308000000000002,-0.22276999999999997,-0.22751,-0.23969000000000001,nan,nan,-0.26974000000000004,-0.25015,-0.26205,-0.29594000000000004,-0.29418,-0.30868,nan,nan,-0.35539,-0.38361,-0.37916,-0.39674,-0.39532,-0.41868,nan,nan,-0.44323999999999997,-0.44225,nan,-0.48141999999999996,-0.5021899999999999,-0.48299,nan,-0.525,-0.5034,-0.49118,-0.52695,nan,-0.53537,-0.58763,-0.55292,nan,-0.58608,-0.59302,-0.62016,-0.61644,nan,nan,-0.62065,-0.64686,nan,-0.68055,nan,-0.70136,-0.6904899999999999,-0.72512,nan,-0.70424,-0.73098,-0.7552,-0.74954,-0.78136,nan,-0.76971,nan,-0.8085399999999999,-0.7744,-0.7881,-0.83106,-0.79408,nan,-0.8233600000000001,-0.79848,-0.81037,-0.82795,nan,nan,-0.8804200000000001,-0.86116,-0.88569,-0.9062100000000001,-0.8783200000000001,-0.8888799999999999,nan,-0.8991100000000001,-0.89323,-0.90402,-0.91461,-0.8999,-0.93434,-0.91663,-0.9479200000000001,-0.91743,-0.8932399999999999,-0.9452799999999999,nan,-0.9285,-0.9344299999999999,-0.90546,-0.9043100000000001,-0.93353,-0.89936,-0.93127,nan,-0.92515,-0.9363299999999999,-0.93106,-0.92999,-0.94547,-0.97359,-0.94294,-0.95916,nan,-0.8995299999999999,-0.9499299999999999,-0.9537700000000001,-0.95581,-0.91271,-0.90646,-0.9546100000000001,-0.93616,-0.90438,-0.9006200000000001,nan,-0.91674,nan,-0.9178799999999999,-0.90296,-0.8768299999999999,-0.89656,-0.88089,-0.89754,-0.9094399999999999,-0.85929,-0.86782,-0.8756299999999999,-0.83659,nan,-0.86149,nan,-0.82739,-0.82004,-0.8322200000000001,-0.79366,-0.80843,nan,-0.83444,-0.81908,nan,-0.8054100000000001,-0.78851,nan,nan,-0.78267,-0.78667,-0.78942,nan,-0.74627,-0.74753,-0.727,-0.73658,-0.7532,-0.7520600000000001,-0.73435,-0.73227,-0.73331,-0.73135,-0.7246600000000001,-0.69603,-0.7027899999999999,-0.67742,-0.66267,-0.67557,nan,nan,nan,-0.6608,-0.64161,-0.6553100000000001,nan,-0.6391,-0.62951,-0.6260600000000001,-0.63652,-0.59223,-0.58854,-0.58494,-0.58797,-0.6223,-0.593,-0.57991,-0.5929,-0.56677,-0.57834,-0.58272,-0.59453,nan,-0.58612,-0.58432,-0.58922,-0.6241899999999999,-0.55483,-0.5737899999999999,-0.59328,-0.5735600000000001,-0.53906,-0.49978999999999996,nan,-0.52672,-0.5077699999999999,-0.49251999999999996,-0.49578,nan,nan,-0.47731999999999997,nan,-0.46191000000000004,-0.4339,-0.41806000000000004,-0.41633000000000003,-0.4309,-0.43004,-0.40278,-0.42100000000000004,-0.40352,-0.43913,-0.41088,-0.38363,-0.38559,-0.38606,-0.36783000000000005,-0.33676999999999996,-0.35854,-0.36185,nan,nan,-0.29345,-0.30998000000000003,-0.30088000000000004,-0.25417,nan,-0.28215999999999997,nan,-0.29212,-0.26318,-0.28331999999999996,nan,nan,-0.2757,-0.23858000000000001,-0.23453000000000002,-0.24309,-0.20474,nan,nan,nan,-0.2067,nan,nan,-0.1773,-0.2048,-0.2022,-0.21925,nan,-0.19238,-0.22419,-0.19044,-0.19199000000000002,-0.1884,-0.15547,-0.16579000000000002,-0.16422,-0.18635,nan,-0.18486,-0.16199000000000002,-0.18402000000000002,-0.16114,-0.20040999999999998,-0.21544000000000002,-0.20076,-0.22433000000000003,nan,-0.16551,-0.18487,-0.18191,-0.16494,-0.17936,-0.20414000000000002,-0.16968,-0.17264000000000002,-0.17817,nan,-0.18329,-0.19862,-0.1754,-0.16152,nan,-0.20306,-0.2037,-0.18292,nan,nan,-0.18974000000000002,-0.15592,nan,-0.1854,nan,-0.19905,nan,-0.16627999999999998,-0.18372,-0.16559000000000001,-0.17477,-0.20263,-0.18423,-0.19345,-0.18900999999999998,nan,-0.15157,-0.16546,nan,nan,-0.16498,-0.14643,-0.16397,-0.15745,-0.18621,nan,-0.17098,-0.15703,-0.13869,-0.18298,-0.14357999999999999,-0.18759,-0.16333,-0.16161,-0.18666,-0.14919000000000002,-0.15938,-0.15232,-0.15764,nan,nan,-0.17305,-0.14039000000000001,-0.15227000000000002,-0.18384,-0.16566,-0.1491,-0.15575999999999998,-0.1801,-0.12786,nan,nan
2.0,-0.5542699999999999,-0.59367,-0.57967,-0.60239,nan,-0.60131,-0.60446,-0.63265,nan,-0.63041,-0.63156,nan,-0.66691,nan,-0.6624800000000001,-0.67706,-0.67678,-0.67867,-0.67406,-0.70438,nan,-0.71609,-0.69829,nan,-0.7236899999999999,-0.73095,nan,nan,-0.7336600000000001,-0.7428100000000001,-0.74755,-0.7460100000000001,-0.74535,-0.75839,-0.77596,-0.7539899999999999,nan,-0.77127,-0.78261,-0.78835,nan,-0.77798,-0.8023899999999999,-0.8380299999999999,-0.80689,-0.81418,-0.83031,-0.8235,-0.83278,-0.8400700000000001,nan,-0.8438700000000001,-0.8494299999999999,-0.8498600000000001,-0.8440799999999999,nan,nan,-0.84473,-0.8593299999999999,-0.8723799999999999,-0.8557100000000001,-0.8684799999999999,nan,-0.8459200000000001,-0.8738799999999999,-0.8791,nan,-0.88116,nan,-0.87466,-0.8886700000000001,-0.89925,nan,-0.88725,-0.89656,nan,-0.90274,nan,-0.89743,-0.8969299999999999,-0.9127700000000001,-0.9000600000000001,-0.87816,nan,nan,-0.92089,-0.8954700000000001,-0.92616,-0.9284100000000001,nan,nan,-0.8980899999999999,nan,-0.9091,nan,nan,-0.92163,-0.9214200000000001,-0.90964,-0.9211299999999999,-0.92171,-0.90917,-0.92085,nan,-0.93237,-0.9322799999999999,nan,-0.93001,-0.94714,-0.90843,-0.9420200000000001,-0.91343,-0.9163600000000001,-0.92101,-0.93022,-0.91412,-0.9038200000000001,-0.92061,-0.9093200000000001,-0.91479,nan,-0.93878,-0.90917,nan,-0.90144,-0.9320200000000001,-0.9022399999999999,-0.91975,-0.92671,-0.91766,-0.9052100000000001,-0.9041399999999999,-0.93571,-0.9122399999999999,-0.9075,-0.9041299999999999,-0.9178299999999999,-0.90494,-0.8997299999999999,-0.9055799999999999,-0.8856700000000001,-0.8896299999999999,-0.9007799999999999,-0.88555,-0.8964200000000001,-0.90509,-0.89266,-0.89559,-0.86951,-0.8599100000000001,-0.8594700000000001,-0.86919,-0.8913700000000001,-0.8715700000000001,-0.8600899999999999,-0.85685,-0.8467399999999999,nan,-0.84796,-0.85009,-0.84783,nan,-0.8467399999999999,-0.8529200000000001,-0.84178,-0.8457,-0.83814,-0.8195100000000001,-0.8543700000000001,-0.83267,-0.84478,-0.84736,nan,-0.82552,-0.82788,nan,-0.79343,-0.78986,nan,-0.8044899999999999,-0.79357,-0.81952,-0.7976800000000001,-0.78387,-0.79143,nan,-0.7611,-0.7693,-0.7582300000000001,-0.75854,-0.75905,-0.7581600000000001,-0.74838,-0.7592,nan,nan,nan,-0.73688,-0.74845,-0.75902,nan,-0.7484,-0.75825,-0.7592800000000001,-0.7580399999999999,nan,-0.76107,nan,-0.74593,-0.7492,nan,nan,-0.75066,-0.71659,-0.71768,-0.73019,-0.69698,-0.7324,nan,-0.72107,-0.71285,-0.7226100000000001,nan,-0.70917,nan,-0.6953,-0.6975,-0.71824,-0.70809,-0.69717,-0.69245,-0.6896100000000001,-0.66752,nan,nan,-0.6564300000000001,-0.65225,-0.6519,-0.65895,-0.6672100000000001,nan,-0.65469,-0.6732100000000001,-0.6411399999999999,nan,-0.63959,-0.65664,-0.6501399999999999,-0.6317,-0.66369,nan,nan,-0.6419199999999999,-0.64415,-0.63483,-0.63766,-0.65423,-0.6338699999999999,-0.63076,-0.62978,nan,-0.62561,-0.59797,-0.6229899999999999,-0.6351100000000001,nan,nan,nan,-0.61647,-0.6218,-0.61341,-0.61027,-0.5974,-0.57758,-0.6260399999999999,nan,-0.6161800000000001,-0.61035,-0.5883,-0.6055,nan,-0.6078100000000001,-0.58407,-0.6118100000000001,-0.6058399999999999,-0.60975,-0.60598,-0.5848,nan,-0.61988,-0.59648,-0.59892,-0.60846,-0.5979800000000001,-0.6092,-0.5978600000000001,-0.58663,-0.6090800000000001,-0.58643,-0.60853,-0.58719,-0.59658,-0.59935,-0.58538,-0.59749,nan,-0.61805,nan,-0.59533,nan,-0.5855899999999999,-0.60587,-0.59001,-0.58257,-0.59541,nan,nan,nan,-0.5855100000000001,-0.60228,nan,nan,nan,-0.59497,-0.5879300000000001,-0.59024,nan,-0.60732,-0.60145,-0.58053,-0.56679,-0.5905,nan,-0.60354,-0.60119,-0.59878,-0.6120800000000001,-0.59623,nan,nan,-0.57726,-0.58481,-0.5897899999999999,nan,-0.59695,-0.5920000000000001,-0.61016,-0.60636,-0.57521,-0.59426,-0.5932,-0.60259,-0.6026699999999999,-0.59712,-0.6089899999999999,-0.58382,-0.594,-0.58418,-0.58004,-0.59223,nan,nan,nan,-0.5907100000000001,-0.59495,-0.60053,-0.60345,-0.57922,-0.58915,-0.57772,nan,-0.59433,-0.56994,-0.59133,-0.594,nan,-0.6003,nan,-0.58839,nan,nan,-0.59968,-0.59688,-0.5956100000000001,-0.57228,-0.58837,-0.59745,-0.5978,nan,nan,-0.58528,-0.58692,-0.59795,nan,-0.59858,-0.59824,nan,-0.6092,-0.58634,nan,-0.59877,-0.59754,-0.59815,-0.5875600000000001,-0.57303,-0.59659,-0.58687,-0.5953,nan,nan,-0.5985,-0.59564,nan,-0.5682699999999999,-0.6074,-0.58506,-0.60775,-0.57614,-0.60118,-0.59655,-0.63375,nan,-0.5803,-0.58707,-0.59025,-0.6005699999999999,-0.5855199999999999,-0.59117,-0.60048,-0.57895,-0.57553,-0.6014,-0.60825,nan,-0.58638,-0.58999,-0.59878,nan,-0.60868,nan,nan,-0.59177,-0.58983,nan,-0.59455,-0.58103,-0.6118399999999999,-0.58781,-0.59963,-0.5897100000000001,-0.57968,-0.59327,nan,-0.62043,-0.58065,-0.59407,-0.58907,-0.5888,nan,-0.5821,-0.5847399999999999,-0.58502,-0.5819,-0.5922,nan,-0.5766100000000001,-0.5749,-0.58949,-0.59448,-0.58406,-0.60323,-0.6206699999999999,-0.59932,-0.5867100000000001,nan,nan,nan,-0.57575,-0.59744,-0.58527,-0.59673,nan,-0.57585,-0.58683,-0.5977899999999999,-0.5838800000000001,-0.5878899999999999,-0.6090300000000001,-0.59591,nan,-0.58782,-0.60852,nan,-0.58675,-0.59834,-0.59841,-0.58667,-0.58597,-0.59859,-0.5856100000000001,-0.6089,-0.57573,-0.5844600000000001,-0.5865,-0.5858899999999999,-0.5845899999999999,-0.59796,-0.58545,-0.58841,-0.56077,nan,nan,-0.63798,-0.61026,-0.57875,-0.60758,nan,-0.60573,-0.56119,-0.5976,-0.59513,nan,-0.5825,-0.55572,nan,-0.5908399999999999,nan,nan,-0.5896600000000001,-0.5915,nan,-0.58762,nan,-0.60002,-0.6035699999999999,-0.58655,-0.5837100000000001,-0.5849,-0.57843,-0.569,-0.57563,-0.56729,nan,-0.56903,-0.57363,nan,-0.56421,nan,-0.58716,-0.58229,-0.58578,nan,-0.56919,nan,-0.5844,nan,-0.57926,-0.57212,nan,-0.55878,-0.56283,-0.5798300000000001,-0.57777,-0.5595600000000001,-0.57897,-0.58457,-0.58438,nan,nan,nan,-0.58949,-0.57852,-0.5777800000000001,-0.57955,nan,-0.58597,nan,-0.57099,-0.5501,-0.57875,nan,-0.5867,-0.58417,-0.58743,-0.58208,-0.55116,-0.5756600000000001,nan,-0.56447,-0.5858300000000001,-0.56138,nan,-0.58655,-0.57434,-0.5867399999999999,-0.59855,nan,nan,nan,-0.5613199999999999,nan,-0.58629,-0.58577,-0.57619,-0.56086,-0.58421,-0.58544,-0.58736,nan,-0.58087,nan,nan,-0.5825100000000001,-0.58782,-0.5724100000000001,-0.59282,-0.5826399999999999,-0.55667,-0.58348,nan,-0.59049,-0.59114,nan,-0.59573,nan,-0.58157,-0.58797,-0.57832,-0.60551,nan,-0.5818,-0.6038100000000001,-0.58822,-0.6157199999999999,-0.60004,-0.58122,-0.61329,nan,-0.60683,nan,-0.5816600000000001,nan,-0.6034,nan,-0.62448,-0.6290600000000001,-0.6070800000000001,-0.61741,-0.6330399999999999,-0.62953,-0.6265,-0.6179,nan,-0.63472,-0.63755,nan,-0.63294,-0.6350399999999999,-0.6431600000000001,-0.63998,-0.62721,-0.65686,-0.65445,-0.6522600000000001,-0.67364,nan,-0.6813,-0.6763899999999999,-0.67315,-0.66846,nan,nan,-0.69915,-0.6753899999999999,-0.6903600000000001,nan,-0.70596,-0.69387,-0.6953199999999999,nan,-0.71208,-0.72459,-0.7257,-0.7488600000000001,-0.73432,-0.73685,-0.73606,nan,-0.74693,-0.73703,-0.75954,nan,-0.74898,-0.75918,-0.7487199999999999,-0.7592800000000001,-0.75883,-0.78261,-0.76,-0.769,-0.78345,nan,-0.76794,-0.79351,nan,nan,-0.79251,nan,-0.80571,-0.7941699999999999,nan,-0.7995399999999999,-0.82625,-0.8252,-0.84752,-0.84803,-0.86305,nan,-0.86531,-0.86719,nan,-0.87672,-0.87654,-0.8998700000000001,-0.8773,-0.8796700000000001,-0.89207,-0.9067200000000001,-0.90285,-0.9268200000000001,-0.9154,-0.91232,-0.9186799999999999,-0.9327,-0.93978,nan,-0.9431299999999999,-0.9597899999999999,-0.9345899999999999,-0.9515600000000001,-0.98761,-0.95857,-0.96198,-0.98405,nan,-0.97831,-0.98413,nan,-0.9869600000000001,nan,-0.99984,-0.99065,-0.9978799999999999,-1.0099,-0.99765,-1.0211,-1.0167,-1.0142,-1.0265,-1.0412,-1.0414,-1.0376,-1.0456,-1.0485,-1.0368,-1.0295,-1.0633,-1.0755,-1.0929,-1.0816,-1.0951,-1.0941,nan,nan,-1.1191,-1.1004,nan,nan,-1.1319,-1.1391,nan,-1.1623,nan,nan,-1.1528,nan,-1.1644,-1.1748,-1.1641,-1.1879,-1.1751,-1.1759,-1.1758,-1.176,-1.1759,-1.176,nan,-1.2107,-1.1866,-1.2212,-1.1982,nan,nan,-1.2083,-1.1981,-1.2084,-1.2065,-1.2418,-1.2136,-1.2255,-1.2372,-1.2185,-1.2321,nan,-1.2191,nan,-1.2429,-1.2327,-1.2398,-1.2417,-1.252,-1.2405,nan,nan,nan,-1.2408,-1.2419,-1.2427,-1.2394,nan,-1.2409,nan,-1.2348,-1.2214,-1.2283,-1.2555,-1.2387,nan,nan,-1.2398,-1.2331,-1.2429999999999999,-1.2465,-1.2248,-1.2348,-1.2273,-1.2348,-1.2225,-1.2243,-1.2285,-1.2129,-1.2018,-1.1968,-1.2123,-1.1996,-1.2,nan,nan,nan,-1.189,-1.1945,-1.1822,-1.1878,-1.1794,-1.157,-1.1675,-1.1704,nan,-1.1588,-1.1505,-1.1458,nan,-1.1424,-1.1376,-1.1251,nan,-1.114,-1.0908,-1.0808,nan,-1.07,-1.0422,nan,nan,-1.0241,-1.0246,-1.0122,-1.0006,-0.99092,-0.9904799999999999,nan,-0.9911,-0.96744,-0.96765,nan,-0.94573,nan,nan,-0.93466,-0.9097700000000001,nan,-0.8425799999999999,-0.84821,-0.85388,-0.81881,-0.80667,-0.77482,-0.75753,-0.75944,nan,-0.74736,nan,-0.70812,-0.66967,nan,nan,-0.61175,-0.60732,-0.59905,-0.5968899999999999,-0.58255,-0.54028,-0.51027,-0.524,nan,-0.49185,-0.41886,-0.42006000000000004,-0.41203999999999996,-0.37864000000000003,-0.38345,-0.33631,-0.32589,-0.29448,-0.23994000000000001,-0.22255999999999998,-0.22413000000000002,nan,nan,-0.10799,-0.098909,-0.056762,-0.019288999999999997,-0.0086489,0.010911,0.036368,0.10497000000000001,0.12351,0.15044000000000002,nan,0.22538000000000002,0.26142,0.27404,0.31931,0.38184,0.4046,nan,0.48754,0.52098,nan,0.59111,0.61326,0.6913699999999999,0.70234,0.76344,0.79293,0.8281,0.88192,0.9149299999999999,nan,1.0075,1.0357,nan,1.1251,1.1977,1.2394,1.2329999999999999,1.2944,1.3267,1.4005,1.4381,1.4506,1.5028,nan,1.5999,1.6364,nan,nan,1.7626,1.8187,1.8541,1.9342,1.9676,2.0132,2.0597,2.0818,nan,2.1848,2.2646,nan,2.3344,2.358,2.4213,2.4847,2.5172,2.5538,2.5839999999999996,2.6522,2.6912,2.7256,2.7553,2.8236,2.847,2.8683,2.9205,2.9493,3.0078,3.0377,3.0607,3.0712,3.1097,3.1361,3.138,3.17,3.1986,3.2107,3.2246,nan,3.2337,3.2411,3.2409,3.2576,3.2326,3.2668,3.2515,3.2454,3.2341,3.245,3.2535,3.2404,3.2426,3.2218,3.2254,3.2046,3.1755,3.1485,3.1411,3.1302,3.1128,3.0903,nan,nan,3.0468,3.023,3.0143,2.9804,2.9514,2.9117,2.9076,nan,nan,2.8821,2.8449,2.8307,2.781,2.752,2.7472,2.7102,2.693,2.6825,2.6671,nan,nan,2.5857,2.5806,2.5639,nan,2.5315,2.5065,2.4716,2.4538,nan,2.4283,2.4172,nan,2.3836,2.3583,nan,2.3375,2.3263,nan,nan,2.28,2.2687,2.2561,nan,2.2104,2.2117,2.1658,2.1746,2.1658,2.1633,2.1554,nan,2.1216,2.106,2.1181,2.0912,2.0594,2.0632,2.0379,2.0562,nan,2.0324,2.0028,2.0232,2.0017,1.9795,nan,1.9671,nan,1.9323,1.9366,nan,nan,1.9274,1.9033,1.9056,1.9078,1.8827,1.8629,1.8408,1.8502,1.8422,1.8179,1.8197,nan,1.7805,nan,1.7547,1.746,1.7523,1.7373,1.7216,1.7249,1.7042,1.7043,1.6694,nan,1.6703,1.6367,1.6502,1.6358,1.6112,1.5984,1.6146,1.5826,1.5872,1.6086,1.5779,nan,1.5404,1.5332,1.5012,nan,1.4888,1.4797,1.4347,1.4339,1.4568,nan,1.4244,1.3954,1.3766,nan,1.3880000000000001,1.365,1.3383,1.3229,1.3279,1.2845,1.2835,1.2518,1.2736,nan,1.2293,1.2403,1.2387,1.2052,1.2173,1.2054,1.2172,nan,nan,1.1722,nan,1.1486,1.1253,1.113,1.1146,1.0908,1.0904,nan,1.0516,1.0703,1.0343,1.0415,1.0358,1.0129,1.0056,1.0244,nan,0.9958799999999999,0.9807899999999999,nan,0.96645,0.9645600000000001,0.93906,0.92119,0.9422799999999999,0.9223399999999999,0.917,nan,nan,nan,0.88171,0.8810600000000001,0.8850299999999999,0.86703,0.85844,0.85411,0.84016,0.8327600000000001,nan,0.81875,0.82232,0.8122199999999999,0.80615,0.80619,0.7797,0.7761600000000001,nan,0.7763,0.772,0.73815,0.71521,0.7306,nan,0.70767,0.7063,0.69296,0.67908,0.68008,0.6782,0.63761,0.63112,0.64146,0.61659,0.61142,0.6279,0.5959,0.59459,0.5724899999999999,0.57968,0.58699,0.55596,nan,0.5817100000000001,0.57844,0.55395,0.54673,0.5475399999999999,0.54445,0.5201899999999999,0.51346,0.5261899999999999,0.5220899999999999,0.51188,0.49732,0.49066000000000004,0.49848000000000003,0.4785,0.50059,0.46258,0.45511999999999997,0.45296000000000003,0.44253000000000003,nan,0.44166000000000005,nan,0.41943,0.41941999999999996,0.4314,0.42,0.40814,0.40736999999999995,nan,0.40881,0.40776999999999997,0.39825,0.38398000000000004,0.39621,0.36822,0.34602,nan,0.35486999999999996,0.34965999999999997,nan,nan,0.32957,0.32942,0.30916,0.303,0.30454000000000003,0.31355,0.31063,0.29301,0.28893,nan,0.27408000000000005,0.28670999999999996,0.2727,0.26379,0.25453000000000003,0.27032,nan,0.26076,0.24425999999999998,0.23483,nan,0.24443,0.24136999999999997,0.23196999999999998,0.21209,0.22544,0.2023,nan,0.22869,0.1995,0.20214000000000001,0.171,0.17799,0.19036,0.19197999999999998,0.17452,0.14993,0.15696,0.15463,0.15331,0.16113,nan,nan,0.13401,0.14289000000000002,nan,0.13376,0.13905,0.11664000000000001,0.11929000000000001,0.1062,nan,0.092265,0.08315499999999999,nan,nan,nan,0.059953,0.06540399999999999,0.072619,0.042286000000000004,0.028242000000000003,0.025436,nan,0.034875,0.017244,0.024925,0.019992,nan,0.015004,0.039625,0.013874000000000001,nan,0.014669,0.027712999999999998,nan,0.025741000000000003,0.0033085999999999996,nan,0.014678,0.026657,0.014704,0.026389,0.015569999999999999,0.0023969,0.026706999999999998,0.0045831000000000005,0.0020856,nan,nan,0.0023645,0.0053273999999999995,-0.009215899999999999,nan,-0.009048700000000002,nan,nan,-6.0046e-05,0.0064453,-0.0063961999999999995,-0.0096605,0.0035859000000000004,-0.005877899999999999,nan,-0.0013189999999999999,-0.020007,-0.0080139,-0.010277,0.011276999999999999,nan,-0.0060479999999999996,-0.0023213,0.018635,nan,-0.015531999999999999,0.0033341,0.0051246,0.0029676999999999998,0.013222999999999999,0.011198,nan,0.0078461,0.00052414,0.015396,0.0087774,0.0023765,nan,0.0069473999999999985,-0.0012814999999999999,-0.009984200000000002,0.0023855,-0.00022241,0.019313,-0.0096789,-0.017504,0.004771500000000001,-0.006272,0.010734,0.018762,-0.011128,0.01222,-0.0037608000000000003,nan,0.007878699999999999,-0.0013585000000000001,nan,0.0041175,-0.011895000000000001,-0.0011827,nan,0.0090456,0.013966999999999999,0.0046762,0.019569,0.013636,0.018831,0.011514,0.006618000000000001,0.015143,nan,0.020496,nan,0.028412,0.026625,0.028276999999999997,0.010438,0.008922200000000002,0.038726,nan,0.028577999999999996,0.027719999999999998,0.038922000000000005,0.026761,nan,0.050516000000000005,0.06055599999999999,0.038268,0.049687,nan,0.08466900000000001,0.072674,0.072752,0.07246799999999999,nan,0.084619,0.10665999999999999,0.096273,0.10611,0.10829000000000001,0.10695999999999999,0.10809,0.10697999999999999,0.11802,0.12127,0.10793,0.11769,nan,nan,0.13295,nan,0.1442,nan,0.1522,nan,0.17728,0.17001,0.16382,nan,0.18561,nan,0.17920999999999998,0.18552000000000002,0.18959,nan,0.21055,0.21363000000000001,nan,0.20184000000000002,nan,0.23758,0.21704,nan,0.2468,0.2535,0.26084,nan,nan,0.25378,0.24286999999999997,0.25992,0.27031,nan,0.27816,0.29259,0.27529000000000003,nan,0.29375999999999997,0.2829,0.29918,0.31025,nan,0.32059,nan,nan,nan,0.34128000000000003,0.31575,0.31281,0.3468,0.35224,0.34495,nan,nan,nan,0.3531,nan,0.36364,0.37826,0.38437,0.37205,0.39378,0.41883000000000004,nan,0.39116999999999996,0.40725,nan,0.39516,0.38521,0.41097,0.39208000000000004,0.40196,0.42891,0.38392,0.42216000000000004,0.41891999999999996,0.40676,0.38431,0.4081,0.39574000000000004,0.40776999999999997,0.40764,nan,0.40806,0.40759,0.41867,0.44206999999999996,nan,0.42876000000000003,0.4646,nan,0.47523000000000004,0.49964,0.49044,0.49671000000000004,nan,0.49958,0.52942,nan,0.51784,0.54913,0.53074,0.5765399999999999,0.5552600000000001,0.56015,0.5838800000000001,nan,0.55996,nan,0.58473,0.5848899999999999,0.61448,0.60328,0.5870000000000001,0.60693,0.5937,0.6040399999999999,0.5954,0.60351,nan,0.58653,nan,0.60121,0.5990800000000001,0.59833,0.60658,0.61163,0.6098100000000001,nan,0.61137,0.6070399999999999,nan,0.6137100000000001,0.5925699999999999,0.60507,nan,0.59237,0.6008,nan,0.60945,nan,0.60949,nan,nan,0.61127,nan,0.59806,nan,0.59883,0.58812,0.60297,0.61483,0.60628,nan,0.5997,0.59295,0.59475,0.60765,0.60255,0.6091,0.61373,0.59021,nan,0.60758,0.6160399999999999,0.60282,0.59106,0.59619,0.61653,0.60388,0.60378,0.59277,0.6048600000000001,nan,0.60618,nan,0.60423,nan,0.59229,0.60441,0.6159600000000001,nan,nan,nan,0.59321,0.58076,nan,nan,nan,0.6037899999999999,0.5943,0.60141,0.60855,0.5797800000000001,0.6129600000000001,0.60807,0.60346,nan,0.5805100000000001,nan,0.61042,0.58153,0.5937600000000001,0.57384,0.57998,0.56435,nan,0.58194,0.5462199999999999,0.56614,0.56434,0.55686,0.56085,0.55207,0.54271,0.56526,0.56577,0.55172,0.53787,0.54266,nan,0.53178,nan,0.52747,0.5262899999999999,0.5182,nan,0.50837,nan,0.50421,0.49446999999999997,0.49200000000000005,0.50762,0.48794,0.47963,0.47463,0.49213,nan,0.49372,0.47192,0.46424,0.46731999999999996,0.42391999999999996,0.43795,nan,0.44598999999999994,nan,nan,0.41234,0.43144,nan,nan,nan,0.41043999999999997,0.41476999999999997,0.38498000000000004,0.42921000000000004,nan,0.37851999999999997,0.39611,0.36949,0.37895,nan,0.34633,nan,0.3458,nan,nan,0.30095,nan,0.30245,nan,0.27999,0.26975,0.28208,0.29214,nan,0.26971999999999996,nan,0.24541,0.25728,nan,0.23485,0.23545,nan,0.19926,0.20105,nan,nan,0.16485,0.1785,0.15454,0.16665,0.12527,0.13482,0.14901,0.10919000000000001,0.11067,0.08688,0.10325999999999999,0.11062999999999999,nan,0.062628,0.075071,0.039697,nan,0.048369,0.016477000000000002,0.022055,nan,-0.0025314,-0.0064191000000000005,nan,-0.030004000000000003,-0.021671,-0.027591,-0.06129299999999999,-0.061873000000000004,-0.072202,-0.079722,-0.10477,-0.10262,-0.11477000000000001,-0.14256,-0.12427,-0.15733,-0.1587,-0.1476,-0.18924000000000002,-0.17808,nan,nan,-0.19525,-0.19862,-0.22391999999999998,-0.22102,-0.21134,nan,-0.25038,nan,-0.25093000000000004,-0.28831999999999997,-0.28888,nan,nan,nan,-0.34136,nan,-0.31645999999999996,nan,-0.36108,nan,-0.38273,-0.39803,nan,-0.39433,nan,-0.40083,nan,-0.43468999999999997,-0.42206000000000005,-0.43816000000000005,-0.43276000000000003,nan,-0.466,nan,nan,-0.46998999999999996,-0.49563999999999997,-0.49398000000000003,-0.53191,-0.4981,-0.53783,-0.51741
3.0,0.14952000000000001,0.026358999999999997,0.16752,0.05415,0.092847,0.085971,0.10904000000000001,nan,0.1057,0.10718,0.099611,0.08201900000000001,0.10589000000000001,0.097478,0.097732,0.12162,0.072379,0.098284,0.12917,0.10812000000000001,0.11117,0.1021,0.11696,0.1195,0.10817,0.13777999999999999,0.12569,0.1246,0.11170999999999999,0.11609000000000001,nan,0.10502,0.10520999999999998,0.088908,0.10539000000000001,0.10868,0.10339000000000001,0.12113,0.11882999999999999,0.10113,0.11760999999999999,nan,0.12050999999999999,nan,0.15537,0.14157999999999998,nan,nan,nan,0.1276,0.11160999999999999,0.13721,0.089849,0.12859,0.14901,nan,0.15703,0.14376,0.12194,nan,0.15424000000000002,0.13835999999999998,0.13979,nan,nan,0.14453,0.13530999999999999,nan,0.17645999999999998,nan,0.13655,0.17323,0.15399000000000002,0.18492,0.16517,0.14483,nan,0.13066,0.1409,nan,nan,nan,0.16401,nan,0.16799,0.15692,0.15145999999999998,0.13984000000000002,nan,0.13087000000000001,0.13074000000000002,0.14209000000000002,nan,nan,0.14422000000000001,0.14275,0.15482,0.13905,nan,0.13959000000000002,0.14057999999999998,0.13721,0.14697000000000002,nan,0.15697,0.15412,0.13792000000000001,0.15484,0.15247,0.17442,0.14874,0.12766,0.16367,0.15331,0.15545,0.15517999999999998,0.1693,0.16751,nan,0.15156,0.15064,nan,nan,0.17260999999999999,0.17452,0.13034,0.13812,0.17982,0.15312,nan,0.15921,0.15479,0.15512,0.15517,0.16777999999999998,0.18809,nan,0.1916,0.18884,0.1918,0.18774000000000002,0.18958,nan,0.19812000000000002,0.19155999999999998,0.22514,0.17072,0.17572000000000002,nan,0.20271,nan,0.20648000000000002,nan,0.19379000000000002,nan,0.2106,0.20385,0.18355,nan,nan,0.20884,0.2159,nan,nan,0.24681999999999998,0.23325,0.24456999999999998,0.23306,0.20575,0.23654,0.22560999999999998,0.23945999999999998,0.26816,0.24081999999999998,0.24724000000000002,0.25325,0.23805,0.25478,0.25742,0.24005,0.24779,0.26908000000000004,0.27319,0.27455999999999997,0.26932,0.25489,0.27153,0.27505999999999997,0.25503000000000003,0.26992,nan,0.25886,0.27887,nan,0.25527,0.27142,0.27507,nan,0.29556,0.25314000000000003,0.25764000000000004,0.28749,nan,0.27571999999999997,0.27183,0.26975,0.27776999999999996,nan,0.27161,0.2956,0.28274,0.29391,0.30259,0.27203,nan,0.28594,0.28315,0.25758000000000003,0.2658,0.2682,0.25818,0.28966,nan,0.23951999999999998,0.25965,0.29512,nan,0.2658,nan,0.26141,nan,0.2551,0.27141,0.24766,0.24519000000000002,0.26050999999999996,0.25675,0.25008,0.24213,0.27355999999999997,0.25579,nan,0.2616,0.23339000000000001,0.21745,0.23056,0.23924,nan,0.18819,nan,0.2021,0.22416999999999998,nan,0.18869,0.18457,0.17604,0.21402,nan,0.18747,0.23493000000000003,0.21043,0.16473,0.19804000000000002,0.19726,0.16968,0.19602,0.18624000000000002,0.17035,0.21856,0.19157000000000002,0.15984,nan,0.1749,0.15723,nan,0.15325,0.15332,0.1756,0.14511,0.14837,0.15356,0.13392,nan,0.11667999999999999,0.10761,0.13751,0.13809000000000002,nan,0.12320999999999999,nan,0.11925999999999999,0.09227,0.10359000000000002,0.07246799999999999,0.12032999999999999,0.10161,nan,0.11227000000000001,0.092539,0.10045,0.10017999999999999,0.072099,0.10822999999999999,0.10948,0.073667,0.086225,0.097444,0.11893,0.086628,0.083768,0.10224,nan,0.10278,0.086262,0.051722000000000004,nan,0.066384,0.05608099999999999,0.061711,nan,0.055834,0.039606999999999996,0.056790999999999994,0.04742,nan,0.042117,0.043200999999999996,0.037122,0.023171,nan,0.0224,0.029171,-0.0033696999999999998,nan,-0.0063636000000000005,-0.022298,-0.009432600000000001,-0.047095,-0.042272000000000004,-0.025522,-0.036236000000000004,-0.057604999999999996,-0.047744,nan,nan,-0.073361,-0.12927,-0.10809,-0.089666,nan,-0.10332000000000001,nan,-0.15372,-0.1868,-0.18012,-0.14056,-0.17551,-0.19183,-0.18900999999999998,-0.1915,nan,nan,-0.19369,-0.23605,-0.25506999999999996,nan,-0.27097,-0.28389000000000003,-0.30604000000000003,-0.28257,-0.28784,-0.33109,nan,-0.34428000000000003,-0.35597,nan,-0.34823000000000004,-0.37659000000000004,-0.39934000000000003,-0.41283000000000003,-0.45165,-0.44536000000000003,-0.42422,-0.45569,-0.43933,-0.46933,-0.52142,-0.50425,-0.51507,-0.54197,-0.5343600000000001,nan,-0.53875,-0.52079,-0.54233,-0.57201,-0.5583199999999999,-0.5967399999999999,-0.64278,nan,-0.61948,-0.6210399999999999,-0.65035,nan,-0.63063,-0.63595,-0.63685,nan,nan,-0.65167,nan,-0.70209,-0.70031,-0.70891,nan,-0.67966,-0.70262,-0.6841,nan,nan,-0.68805,-0.68169,-0.70604,-0.72117,-0.71418,-0.7209899999999999,-0.7396199999999999,-0.75208,-0.7206899999999999,-0.71245,-0.74965,-0.73769,-0.74259,-0.74973,nan,-0.76326,nan,-0.7345,-0.75385,nan,nan,-0.7117399999999999,-0.72568,-0.73423,-0.73731,-0.75289,-0.72154,nan,-0.73159,-0.72195,-0.72414,-0.73444,nan,-0.75098,-0.7353,-0.73647,-0.71888,-0.7391300000000001,nan,-0.76779,-0.7660600000000001,-0.77265,-0.78365,-0.76885,nan,nan,nan,nan,-0.80023,nan,-0.80477,-0.81886,-0.81921,-0.8347700000000001,-0.83614,nan,-0.8736,-0.87933,nan,-0.8491299999999999,-0.84978,-0.8512,-0.85103,nan,nan,nan,nan,-0.92805,nan,nan,-0.97039,-1.0155,-1.0139,-1.0308,nan,nan,-1.0968,nan,-1.07,nan,-1.0641,-1.0956,-1.0927,-1.1237,-1.1066,nan,-1.0966,-1.0839,-1.1334,-1.1194,-1.1197,-1.1621,nan,nan,-1.1699,nan,-1.2174,-1.2143,-1.2116,-1.2441,-1.2362,-1.2259,nan,-1.2319,-1.2528,nan,-1.2656,-1.2643,-1.2764,nan,-1.2524,-1.2845,-1.2855,-1.2641,-1.3017,-1.2973,nan,-1.2823,-1.2633,nan,-1.3062,-1.3115,-1.2851,-1.2659,-1.2983,-1.2984,nan,-1.2626,-1.2806,-1.2941,-1.2711,-1.2847,-1.2969,nan,-1.2979,-1.2823,-1.276,-1.2804,-1.2711,-1.2624,-1.2868,-1.2948,-1.2812,-1.2966,-1.2721,nan,-1.3042,-1.306,-1.2921,-1.2976,nan,nan,-1.2604,-1.2948,nan,-1.2783,-1.3318,-1.286,nan,nan,nan,-1.295,-1.3007,-1.2778,-1.2952,-1.3172,-1.3091,-1.3148,-1.3124,nan,nan,-1.3087,-1.3149,-1.3082,-1.3163,nan,-1.2986,-1.3139,-1.2981,-1.3097,-1.3168,-1.3135,-1.3509,-1.3175,-1.3014,-1.3323,-1.3326,nan,-1.3227,-1.2916,nan,-1.3447,-1.3324,-1.3392,-1.3609,-1.3465,nan,nan,-1.3586,-1.3497,-1.3514,-1.3566,-1.3447,nan,nan,-1.4123,-1.3984,-1.4043,-1.4139,-1.4024,-1.3887,-1.4056,-1.4289,-1.4306,nan,-1.45,nan,nan,-1.4553,-1.4326,-1.4326,-1.4678,-1.4607,-1.4456,-1.4633,nan,nan,nan,-1.4443,nan,-1.4559,-1.4474,-1.4636,nan,nan,-1.4501,-1.4444,-1.4372,nan,nan,-1.4624,-1.4794,-1.4649,-1.4625,-1.4456,-1.4606,nan,-1.463,-1.4776,-1.445,-1.4608,nan,nan,-1.4531,nan,-1.4817,-1.4736,-1.4846,-1.5123,-1.4824,-1.4749,-1.4908,nan,-1.4899,-1.4996,-1.5094,-1.4905,-1.4802,-1.493,-1.511,-1.5059,-1.5247,nan,-1.5198,nan,-1.5251,-1.5298,-1.5292,-1.5277,-1.5244,nan,-1.5657,-1.5499,-1.546,nan,-1.5613,-1.574,-1.6096,-1.5955,-1.6023,-1.6043,-1.5867,-1.5703,-1.5851,-1.6452,nan,-1.6036,-1.6344,-1.6456,-1.6354,-1.6495,nan,-1.6157,-1.6618,nan,-1.6695,-1.6754,-1.6937,-1.6998,-1.6669999999999998,-1.6807,-1.6946,-1.7106,-1.694,-1.7011,nan,-1.7480000000000002,nan,-1.7348,-1.7601,-1.7409999999999999,-1.7618,-1.7915,-1.78,-1.7598,-1.7590000000000001,nan,nan,-1.7955,-1.79,-1.7767,-1.7885,-1.8096,-1.7917,-1.8062,nan,-1.8179,-1.805,-1.8121,-1.8426,-1.8418,nan,nan,-1.8497,-1.8548,-1.8628,-1.8697,-1.8206,-1.827,-1.8589,-1.8401,-1.8538,-1.8396,-1.8231,nan,-1.837,-1.8433,-1.8593,-1.8591,-1.8438,-1.8439,-1.8682,-1.8327,-1.8358,nan,-1.8264,-1.859,nan,-1.8606,-1.8847,-1.8494,-1.838,-1.8369,-1.8219,nan,nan,-1.7804,-1.7803,-1.7957,nan,-1.7179,-1.7418,nan,-1.7258,-1.6947,-1.6772,-1.6749,nan,nan,-1.6459,-1.6873,-1.6653,-1.626,-1.6436,-1.6328,-1.5958,-1.6019,-1.6076,-1.5783,nan,-1.5709,-1.5625,-1.5637,-1.4988,nan,nan,nan,-1.452,nan,nan,-1.4591,nan,-1.4345,-1.3754,-1.3579,-1.3485,-1.3222,nan,nan,-1.2974,-1.2977,-1.2964,nan,-1.2572,-1.2313,-1.1947,nan,-1.1994,-1.1807,-1.1661,-1.129,-1.0753,-1.1123,-1.0813,-1.046,-1.0647,-1.048,nan,-1.018,-1.0169,-0.99082,nan,-0.9713799999999999,-0.9732700000000001,-0.97436,-0.92695,nan,-0.88674,-0.8817200000000001,-0.88374,-0.8848799999999999,-0.8675799999999999,-0.84601,nan,-0.85898,-0.81823,-0.8187800000000001,-0.80484,-0.78915,-0.76361,-0.7459100000000001,-0.7511800000000001,-0.7236199999999999,nan,-0.68603,nan,-0.65159,nan,-0.6228,-0.61734,nan,-0.5875600000000001,-0.53063,-0.5218,-0.5368,-0.5283800000000001,-0.49781000000000003,nan,-0.48176,nan,-0.46136000000000005,-0.42777,-0.37177,-0.36923,-0.40285,-0.37773,-0.3221,-0.33014,-0.30159,-0.27301,nan,-0.27446,-0.27518000000000004,-0.2459,nan,-0.22583000000000003,-0.19199000000000002,-0.19166,-0.18754,nan,-0.15793,-0.15803,-0.13452,-0.096208,-0.09007799999999999,-0.080917,-0.042291,-0.023117,-0.024929,-0.0089805,0.0066399,0.0054568,nan,nan,0.0578,nan,nan,0.072713,0.08899299999999999,0.14923,nan,0.17195,nan,0.20643000000000003,0.22764,0.24485,0.25443000000000005,0.25453000000000003,0.30030999999999997,0.30584,0.32268,0.36005,0.38474,0.41201000000000004,0.39865,0.38797,0.40338,0.40458,nan,0.45478999999999997,0.48045,nan,0.49213999999999997,0.54204,0.5353600000000001,nan,0.5552199999999999,0.5484899999999999,0.57485,0.6026,nan,nan,0.64415,0.68629,0.66773,nan,0.72447,nan,0.69605,nan,0.71533,0.7557699999999999,0.7506,0.7812399999999999,0.8015100000000001,nan,0.78986,nan,0.84235,0.85346,0.86982,0.88354,0.89841,0.92661,0.95849,0.97121,nan,nan,1.0001,nan,1.0181,1.0152,1.0106,1.0397,1.0704,1.0905,1.1053,1.1178,1.1345,1.1455,1.1294,1.1426,1.1682,1.2156,1.2327,1.2304,1.2261,1.2363,1.2803,1.2936,1.3496,1.3739,1.3369,nan,1.3674,1.3719999999999999,1.3924,1.3802,1.4571,1.4652,1.4671,nan,1.5337,1.5708,1.579,1.595,1.5924,1.6077,1.615,nan,1.6244,1.65,1.6736,nan,nan,1.7424,nan,1.76,1.8068,1.8108,1.8419,1.8277,1.8342,1.8551,1.8402,1.8868,1.905,1.9180000000000001,1.9153,1.9066,1.9306,1.916,1.9289,1.956,1.925,1.9182,nan,1.9409999999999998,1.9326,nan,1.9291,1.9606,nan,1.9233,nan,1.9271,1.9695,1.9468,1.9269,1.9608,1.9339,nan,1.9218,1.9369,1.9306,1.9166,1.9283,1.9131,1.9084,nan,1.9225,nan,nan,1.9058,1.9148,1.9216,nan,1.9171,nan,1.8735,1.919,1.9112,nan,1.8888,nan,nan,1.8573,1.8742,1.8559999999999999,1.8403,1.8475,nan,1.8629,1.8371,1.8648,1.8514,1.8599,1.8732,nan,1.8242,1.8259,1.8219999999999998,nan,1.817,1.8093,1.8247,1.7902,1.7572,1.7846,1.7937,nan,1.7657,nan,1.8025,nan,1.7582,1.7737,1.7731,1.7679,1.7429,1.7538,1.7776,nan,1.7244,1.7412,nan,nan,1.725,1.7231,1.7280000000000002,1.7176,1.7094,1.7256,1.7245,1.7257,1.7102,1.7162,nan,1.7129,1.6793,1.6828,1.7280000000000002,1.7249,nan,nan,1.6656,1.6691,1.7036,1.675,1.6622,1.6740000000000002,nan,1.6554,1.6508,nan,1.6643,1.6702,1.6268,nan,1.6583,nan,1.6439,1.6153,nan,1.6265,1.6282,1.6126,1.5718,1.5957,1.6097,1.5957,1.5873,1.6159999999999999,1.6268,nan,1.5723,1.5694,1.6255,1.5778,1.5845,1.6036,nan,1.5933,1.5765,nan,1.5966,1.5922,nan,1.5768,nan,1.5931,1.597,nan,1.5854,1.609,1.5928,1.6097,1.5806,1.5762,1.5571,nan,1.5419999999999998,1.5509,nan,1.5269,1.5579,1.5341,1.5221,1.5235,1.4957,nan,1.4895,1.4752,1.4597,1.4445,1.4429,1.4453,1.4491,1.4731,1.4376,1.4095,1.4064,nan,1.4274,nan,1.3773,1.365,1.3780000000000001,1.3891,1.3559999999999999,1.3606,1.3437,1.3598,1.349,1.3498,1.3732,1.3382,1.3393,1.3617,1.3204,1.2949,1.3101,1.3278,1.3203,1.3049,1.3268,nan,1.2915,nan,1.2771,1.2634,nan,1.2399,1.2679,nan,1.2769,1.2514,1.209,1.2301,1.2477,nan,1.2177,1.2483,nan,1.2085,1.2154,1.2328,nan,nan,1.1759,1.1973,1.1829,nan,nan,1.1808,nan,1.1631,1.1812,1.1505,nan,1.1471,1.1261,nan,1.1382,1.1614,1.1135,1.1124,nan,1.1163,1.1089,1.1294,1.1154,1.1027,1.1095,1.0631,1.11,1.0919,1.083,1.1082,nan,nan,1.081,1.0793,1.0631,nan,1.0557,nan,1.0444,1.0387,1.004,1.0006,1.0369,1.0482,0.98792,0.97951,0.9826299999999999,0.9922200000000001,nan,nan,nan,0.98009,0.98172,nan,0.98925,0.9735299999999999,1.0081,1.0019,0.9836600000000001,nan,0.9804299999999999,0.96552,nan,0.97725,0.9732,0.97193,0.98213,0.9579799999999999,nan,0.95021,0.9652,0.94957,0.9519700000000001,0.9258,0.91396,nan,0.9241799999999999,0.9257200000000001,0.9001100000000001,0.93095,nan,0.9069299999999999,0.91432,0.88323,0.8909,0.9016,0.8990100000000001,0.8996799999999999,nan,0.8851600000000001,0.88016,0.8875799999999999,nan,0.8641200000000001,nan,nan,0.8498399999999999,nan,0.8312,nan,0.83042,0.83878,0.8286600000000001,0.8410799999999999,0.82355,nan,0.83094,0.82624,0.78414,0.79505,0.7966,0.7753,0.7953399999999999,0.8156399999999999,0.77993,0.76681,0.78104,0.78517,0.78083,0.78842,0.77091,0.7479,0.75151,0.75055,0.7509899999999999,0.73632,nan,0.7016399999999999,nan,0.7053,0.68435,0.68138,0.66862,0.70103,0.6735,0.6772199999999999,0.6821699999999999,nan,0.64944,nan,nan,nan,0.63208,0.66266,0.66651,nan,nan,0.6346,0.6038,0.63622,0.5996100000000001,nan,0.60768,0.57602,0.56499,0.5777800000000001,0.58555,0.55814,nan,0.5355800000000001,0.53542,0.5384800000000001,0.52254,0.52247,0.50521,0.48603,0.51073,0.5177,0.48486999999999997,0.45298999999999995,0.46863999999999995,nan,0.45264,nan,0.43341,nan,0.43515,0.41988000000000003,0.4041,nan,0.39964,nan,0.4099,nan,0.39105999999999996,0.37685,0.43595,0.39141,0.39781,0.39771999999999996,0.39093,nan,0.40207,nan,0.38372,nan,0.3844,nan,nan,0.36459,0.36167,0.33394,0.3628,0.34651,0.30356,0.30474,0.3005,nan,0.32444,0.2987,nan,0.27925,0.25304,nan,0.27231,0.26902,0.29011,0.26716,0.26354,0.26603000000000004,0.23479,0.23859,0.23768000000000003,0.25597,nan,0.23041999999999999,nan,0.21556999999999998,0.22516,0.1973,0.19272,0.22083000000000003,0.17975,0.16279000000000002,0.20426,0.19663,0.19228,nan,0.17425,0.16919,0.13799,0.1689,nan,0.11835999999999999,0.13985999999999998,0.12722,0.1004,0.086447,0.07180700000000001,0.072028,0.072421,0.07498400000000001,0.06940299999999999,0.087804,0.07900700000000001,0.054667999999999994,0.057214999999999995,0.038449000000000004,0.023459999999999998,0.007423300000000001,nan,0.028176999999999997,0.017388999999999998,-0.0016820999999999997,-0.0038145,0.0062515,-0.029693,-0.043447,-0.024634,nan,-0.038961,-0.056625,-0.078266,-0.07130299999999999,-0.074568,-0.075005,-0.091111,-0.10585,nan,-0.1681,nan,-0.13375,-0.17683,-0.20628000000000002,-0.17155,-0.15769,-0.16976,nan,-0.18479,-0.20928000000000002,-0.21739,nan,-0.26598,-0.25351999999999997,-0.22304000000000002,-0.26561,-0.28094,-0.25495,-0.27064,-0.29409,-0.28205,-0.27309,nan,-0.30346999999999996,-0.3526,-0.33279000000000003,-0.31504,-0.33076,-0.34804,nan,-0.38771,nan,-0.3903,-0.3721,-0.38228,-0.39632,-0.42148,-0.4368,-0.41731,-0.4464,nan,nan,-0.45558000000000004,-0.44835,-0.47875,-0.47439,-0.45015,-0.48200000000000004,-0.5062399999999999,-0.50327,-0.48793000000000003,-0.52856,-0.54403,-0.5161399999999999,nan,-0.47233,nan,nan,-0.52163,-0.53747,-0.53598,-0.54177,-0.51779,-0.5398,nan,-0.54668,-0.58803,-0.5704600000000001,-0.602,-0.57985,nan,-0.56053,-0.58435,-0.60651,-0.6014,-0.60341,-0.60451,-0.6050300000000001,-0.5875199999999999,-0.58716,-0.57917,-0.60475,-0.6120800000000001,-0.58176,-0.60898,nan,-0.59104,nan,-0.5727899999999999,-0.59977,-0.59772,-0.57755,-0.59517,-0.59867,-0.57072,nan,-0.55587,-0.5859800000000001,-0.59451,-0.55295,-0.5858899999999999,-0.6017,-0.58345,-0.5705899999999999,nan,-0.56809,-0.5714,-0.55782,-0.55324,-0.55105,-0.5571699999999999,-0.55009,nan,-0.55156,-0.54483,-0.52857,-0.55169,-0.5412,-0.51072,-0.5281600000000001,-0.5343899999999999,-0.50476,-0.53318,-0.5322899999999999,-0.49456000000000006,nan,-0.5202100000000001,nan,-0.49508,-0.47386999999999996,-0.52173,-0.49509,-0.46943999999999997,-0.47201000000000004,-0.4702,-0.46776999999999996,-0.47741000000000006,-0.48591000000000006,-0.47096000000000005,-0.47267,-0.46978000000000003,-0.48849,-0.46487,-0.45114,-0.44414,-0.41363,-0.42751000000000006,nan,-0.43873999999999996,-0.43836,-0.43631000000000003,-0.43231,nan,-0.39193,-0.40471,-0.38345,nan,-0.40671,-0.37779,-0.3518,nan,-0.36129,-0.35341999999999996,-0.34926999999999997,nan,-0.35641999999999996,-0.35597,nan,-0.32114000000000004,-0.33626,-0.32754,-0.32846,nan,-0.32211999999999996,-0.32109,-0.29015,-0.30378,-0.29369,-0.29388000000000003,nan,-0.29599000000000003,-0.28602,-0.29047,-0.28748,-0.25828,-0.26827,-0.29,-0.27684000000000003,nan,nan,-0.22321,-0.24133000000000002,nan,-0.22265,-0.22880999999999999,-0.19028,-0.21374,-0.20384000000000002,-0.15987,-0.18381,-0.1879,-0.17325,-0.14422000000000001,-0.1462,-0.20678000000000002,nan,nan,-0.16343,-0.14262,-0.17808,nan,nan,-0.095413,-0.087814,-0.09173400000000001,-0.085137,nan,nan,-0.070921,nan,-0.075928,-0.030888,-0.034015,-0.035514,-0.023749,-0.053923,-0.055347,-0.03739,-0.0071804,0.0063555,0.0065236,0.0088797,0.0051986,0.016585,0.029272000000000003,0.050677999999999994,0.074943,nan,0.08790099999999999,0.092839,0.07687999999999999,0.071877,0.080063,0.09929,0.10777,0.10772000000000001,0.12415999999999999,0.15320999999999999,0.16054000000000002,0.13787,0.16050999999999999,0.17634,0.1772,0.19280999999999998,0.18980999999999998,0.20651,nan,0.16808,0.2105,0.22546,0.22778,0.24323000000000003,0.2375,0.23879,0.23820999999999998,0.26850999999999997,0.27971,0.2505,0.28908,0.30154000000000003,0.2893,nan,0.30464,0.32125,nan,nan,nan,0.35151,nan,nan,nan,0.36045,0.40378000000000003,0.38761999999999996,0.4031,0.38253000000000004,0.37482,0.38969000000000004,0.36125,0.38119000000000003,nan,0.38626,0.38497,0.40418000000000004,0.39326,0.39223,0.41465,0.38947,nan,nan,nan,0.38679,0.40084000000000003,0.40759,0.40173000000000003,0.41361000000000003,0.41823999999999995,0.40196,0.40407,0.40347,0.37642,nan,0.40976
7.0,-0.36313,-0.64623,nan,-0.51555,-0.63154,-0.62868,-0.60133,-0.6512899999999999,-0.61722,-0.6129399999999999,-0.62613,-0.61454,-0.6340600000000001,-0.63238,-0.62692,-0.63967,-0.62532,-0.63239,-0.6673,-0.6432899999999999,nan,-0.65386,nan,-0.65567,nan,-0.65422,-0.6649,nan,-0.68798,-0.67543,-0.7037800000000001,-0.71234,-0.68557,-0.68435,-0.6965100000000001,-0.68943,-0.7056600000000001,-0.72415,-0.70954,-0.7179,nan,-0.7258,-0.72882,-0.75581,-0.74227,-0.70805,nan,-0.7391800000000001,-0.72004,-0.69993,-0.72954,-0.76284,nan,-0.7178100000000001,-0.71999,-0.73757,-0.7531399999999999,-0.75233,nan,-0.74354,-0.7661899999999999,nan,-0.74175,-0.7531100000000001,-0.76346,-0.76083,-0.7661600000000001,-0.77764,-0.77879,nan,nan,-0.74975,-0.75465,-0.78125,-0.78369,-0.76447,-0.76677,-0.77852,nan,-0.76645,-0.79082,-0.79098,-0.76469,-0.7519,-0.7561399999999999,-0.77025,-0.7796,nan,-0.77732,nan,nan,nan,-0.79143,-0.78085,-0.77172,-0.78375,-0.79428,-0.7816,-0.77669,-0.79599,-0.79845,-0.77074,-0.76674,-0.78968,-0.79773,nan,-0.8215399999999999,-0.7915800000000001,-0.7729,-0.7953899999999999,nan,-0.82534,nan,-0.82311,nan,-0.80213,-0.79372,-0.7956300000000001,nan,-0.80735,-0.7926300000000001,-0.79389,-0.80719,-0.80593,-0.80491,-0.82339,nan,-0.8005899999999999,nan,-0.83568,-0.7985899999999999,-0.77496,-0.82129,-0.8508600000000001,-0.8321,-0.82035,-0.8292799999999999,nan,nan,-0.82196,-0.8127,-0.82405,-0.83501,-0.82765,-0.84147,-0.84891,-0.80628,-0.78533,-0.80992,-0.82896,-0.8411700000000001,-0.84735,-0.84716,-0.8521700000000001,-0.83565,nan,-0.81698,nan,-0.8339799999999999,-0.8268200000000001,-0.84345,-0.84629,-0.83363,-0.83888,nan,-0.8481200000000001,nan,nan,-0.8213299999999999,-0.83299,nan,-0.86106,-0.85025,-0.8419399999999999,-0.85083,-0.8614700000000001,nan,-0.8310299999999999,-0.8466299999999999,nan,-0.83835,-0.8355899999999999,-0.84414,-0.84315,-0.8332,-0.8307100000000001,-0.8383,-0.85031,-0.86001,-0.85535,nan,-0.8349700000000001,-0.83306,-0.83042,-0.8355799999999999,-0.8440200000000001,-0.8466100000000001,-0.8487399999999999,-0.8494299999999999,nan,-0.81519,-0.81809,nan,-0.81237,-0.80679,-0.80595,nan,-0.8232200000000001,nan,nan,-0.80499,-0.8186,-0.80043,nan,-0.79033,-0.79257,-0.76513,-0.76579,-0.77795,-0.76956,-0.76576,-0.77635,-0.7679600000000001,-0.7459399999999999,-0.74707,-0.75469,-0.74358,nan,-0.74029,-0.7278899999999999,-0.72509,-0.74356,-0.74578,-0.73745,nan,-0.7268100000000001,-0.7239899999999999,nan,-0.6994,-0.70103,-0.73723,nan,-0.71823,-0.72443,-0.70299,-0.68966,-0.7139,nan,-0.7076399999999999,-0.69053,-0.69321,nan,-0.70498,-0.6967300000000001,-0.6795899999999999,-0.65169,-0.65714,-0.68979,-0.6832,nan,-0.68043,-0.6694,nan,-0.65375,-0.6524,-0.65459,-0.65562,-0.62958,nan,-0.64049,-0.62778,-0.6240600000000001,nan,-0.61174,-0.6271399999999999,-0.6371,-0.61555,-0.6069100000000001,-0.6129600000000001,-0.6143,-0.62121,-0.6191800000000001,-0.59551,-0.59202,nan,-0.5889,-0.56816,-0.59683,-0.609,-0.58645,-0.58917,-0.59933,-0.60001,-0.6029100000000001,-0.57413,-0.54004,-0.54178,-0.5351,-0.53005,-0.5546300000000001,-0.56211,-0.55114,nan,-0.53891,-0.54682,-0.54223,-0.5159199999999999,-0.52435,nan,-0.5219600000000001,-0.49945,-0.50316,-0.50355,nan,-0.50459,-0.51666,-0.50994,-0.48582,nan,-0.4839,nan,-0.48844,-0.49999,-0.49996999999999997,-0.47802,-0.47366,-0.49413999999999997,-0.49853000000000003,-0.48927,-0.49568999999999996,-0.5020100000000001,-0.48371000000000003,-0.44372,-0.41498999999999997,-0.4458,-0.48723999999999995,-0.46998999999999996,nan,-0.47526,-0.44833,-0.42326,-0.43466000000000005,-0.43362,-0.43361000000000005,-0.44895,-0.43895,nan,nan,nan,-0.42688999999999994,-0.43925,-0.44871000000000005,-0.4229,nan,-0.4334,nan,-0.42773,nan,-0.43617,nan,-0.43095,nan,-0.42253999999999997,-0.43413,-0.4198,-0.40895,nan,-0.43018999999999996,-0.40360999999999997,nan,-0.44778,-0.4138,-0.38033,nan,nan,-0.40819,-0.40124,-0.40591,-0.41191000000000005,nan,-0.41491999999999996,-0.39075,nan,-0.4209,-0.41901000000000005,nan,-0.42903,-0.40671999999999997,nan,-0.4123,-0.41902,-0.39812,-0.37973,nan,-0.40702,-0.38771,-0.39845,-0.43231,-0.41153,-0.37893000000000004,-0.39171999999999996,-0.41096000000000005,nan,-0.41781999999999997,nan,-0.40715999999999997,-0.39935,-0.37782,-0.39043,-0.40381,-0.39184,-0.39639,-0.40103,-0.37833,-0.36888000000000004,-0.38965,-0.40593,-0.40498,-0.40119,-0.40510999999999997,-0.40556,-0.39989,-0.40676,-0.40662,-0.38182,-0.38032,-0.40683,-0.40895,nan,-0.39125,-0.40104,-0.40726999999999997,-0.40010999999999997,-0.39103000000000004,-0.39058000000000004,-0.38479,nan,-0.38492,-0.38968,-0.39141,-0.39166999999999996,-0.3808,-0.37819,-0.37989,-0.36263,-0.3697,-0.40303,-0.39894,-0.38681,-0.40614,-0.40174,nan,-0.38134,-0.40435,-0.38552,-0.35916,-0.36157,nan,-0.38404,-0.40488,-0.39629000000000003,-0.3846,-0.37838,-0.36130999999999996,-0.37585,-0.40731999999999996,-0.38918,-0.35059,-0.35334,-0.37564000000000003,-0.37804,-0.37609000000000004,nan,nan,-0.37821,-0.37806999999999996,-0.3718,nan,nan,nan,-0.39576,-0.40294,-0.39175,-0.39044,nan,-0.36498,-0.37011,-0.37806999999999996,-0.37854,-0.37943000000000005,-0.36539,-0.36648000000000003,-0.3886,-0.37706,nan,nan,nan,-0.35333000000000003,-0.36527,nan,-0.4038,-0.3879,-0.36678,-0.35784,-0.36577,nan,-0.37706,-0.37538,-0.36589,-0.34023000000000003,nan,-0.36598,-0.37945999999999996,-0.36685,-0.36472,-0.37562,-0.37155,-0.36028000000000004,nan,nan,-0.35968,-0.36421,-0.37458,-0.37039,-0.34842,nan,-0.36841999999999997,-0.39158000000000004,-0.37153,-0.3435,-0.35600000000000004,-0.37783,-0.3621,nan,nan,-0.36157,nan,-0.349,nan,-0.35891999999999996,-0.38079,nan,-0.33526,-0.34295,-0.37689,-0.37088000000000004,-0.359,-0.36480999999999997,nan,-0.34588,nan,-0.33718000000000004,-0.33552,nan,-0.36329,-0.35715,-0.34265,-0.34896,-0.366,nan,-0.33693,-0.36762,-0.37185999999999997,-0.34545,-0.33616999999999997,-0.32469000000000003,-0.32495999999999997,-0.34767,nan,-0.33021,-0.33618000000000003,-0.34163000000000004,-0.35463,-0.34785,nan,-0.33576,nan,-0.31311,-0.31281,-0.34071,-0.33725,-0.33021,-0.33403,nan,nan,-0.32881,-0.33545,-0.33235,-0.34183,nan,-0.32763000000000003,-0.30657,-0.3106,nan,nan,-0.29795,-0.29549000000000003,-0.30433000000000004,-0.30646,-0.30959000000000003,-0.32037,nan,nan,nan,-0.33648,nan,-0.29517,-0.30653,-0.29479,-0.2816,-0.31342,-0.31071,-0.27573000000000003,-0.28664,-0.30113,-0.28836999999999996,nan,nan,-0.28317,-0.2954,nan,-0.25987,-0.28399,-0.30799,-0.29367,nan,-0.27968000000000004,-0.27555999999999997,-0.2836,nan,-0.28133,-0.28119,-0.28107,-0.2529,-0.2661,-0.29543,-0.27391,-0.26405,-0.28304,-0.28164,nan,-0.25877,-0.24029,-0.24365,-0.25665,-0.26886,-0.27926,nan,-0.26871999999999996,-0.28023000000000003,nan,-0.2526,-0.26643,-0.25843,-0.25123,-0.25444,-0.23855,-0.24366,-0.25343000000000004,nan,-0.27263000000000004,-0.27323000000000003,-0.21786,nan,-0.24222,-0.23884,-0.25536,-0.26272,-0.24034,nan,-0.24811,-0.22295,-0.22803,-0.24991999999999998,-0.23085999999999998,nan,nan,-0.25565,-0.24181,nan,nan,-0.24033000000000002,-0.24213,-0.22734000000000001,nan,nan,-0.24928000000000003,-0.23543000000000003,-0.23747,-0.2398,nan,-0.2393,-0.24675,-0.25253000000000003,-0.23845,-0.21227,-0.21315,nan,nan,-0.22934000000000002,-0.23873000000000003,-0.2272,-0.22276999999999997,nan,-0.25485,-0.22662,-0.23123000000000002,-0.25455,-0.24377,nan,-0.23972,-0.23864000000000002,-0.24239000000000002,nan,nan,-0.24931999999999999,-0.25186,nan,-0.22118000000000002,-0.2341,-0.25432,-0.24345999999999998,-0.23143000000000002,-0.24155,-0.25161,-0.25745,nan,-0.26899999999999996,-0.25887,-0.27584000000000003,-0.28055,-0.25392,-0.25908000000000003,-0.2661,-0.25906999999999997,-0.29974,-0.31842,-0.28264,-0.2976,-0.32431,-0.29675999999999997,-0.29149,-0.32147,-0.3365,-0.3365,-0.32569000000000004,-0.32359,-0.33388,-0.33064,-0.33913000000000004,nan,nan,-0.34292,-0.36486999999999997,-0.34112,-0.3388,-0.36573,-0.3634,nan,nan,-0.35294000000000003,-0.35379,-0.38627,-0.39214,nan,-0.39597,-0.40603,-0.40019,-0.41318999999999995,nan,-0.43423,-0.42861000000000005,-0.43428,-0.44478,-0.4503,-0.4413,nan,-0.4765,-0.48499,-0.47518999999999995,nan,-0.5076,-0.50088,-0.49906999999999996,-0.5077699999999999,-0.5166,-0.52747,-0.5373100000000001,-0.54213,-0.5312899999999999,-0.5191899999999999,-0.54447,-0.57191,-0.56099,-0.55577,-0.5741,-0.5929399999999999,-0.6137100000000001,-0.62532,-0.61505,nan,nan,-0.62697,-0.64122,-0.6632,nan,-0.67178,-0.70565,-0.72187,nan,-0.69458,-0.71486,-0.7359,-0.75776,-0.7592,-0.7518699999999999,-0.76771,nan,-0.77873,-0.78679,-0.79933,nan,nan,nan,-0.8429399999999999,nan,-0.86951,-0.8663700000000001,-0.8488600000000001,-0.8539,-0.86151,-0.8616299999999999,-0.88036,-0.90589,-0.9185200000000001,-0.9188200000000001,-0.90669,-0.90165,nan,-0.9295,-0.92248,-0.9187700000000001,nan,-0.9611700000000001,-0.9898,-0.99065,-0.9614799999999999,-0.9637700000000001,-0.9977,nan,-0.97731,-0.98718,nan,-1.0201,-1.0288,nan,-1.0328,-1.0395,-1.0191,-1.0016,-1.0236,nan,-1.0494,nan,nan,-1.055,-1.0445,-1.0422,-1.0533,-1.046,nan,-1.0536,-1.0482,-1.0369,-1.0547,-1.0698,-1.0578,nan,-1.0367,-1.0444,nan,-1.0668,nan,-1.0678,-1.0696,-1.0614,-1.0484,nan,nan,nan,-1.0564,-1.0674,-1.0565,nan,-1.0504,nan,-1.0292,-1.0141,-1.0277,-1.0426,nan,-1.002,-0.9983700000000001,-0.99903,-0.97882,-0.9569700000000001,nan,-0.9293899999999999,nan,-0.94001,-0.92019,-0.90435,-0.89786,-0.8901399999999999,-0.8780700000000001,-0.86798,-0.87754,nan,-0.8517600000000001,-0.8518600000000001,nan,-0.82271,-0.8062,-0.83478,nan,-0.7558699999999999,-0.75149,-0.74295,-0.72622,-0.7227399999999999,-0.7133,nan,-0.65732,-0.64045,nan,nan,-0.5866399999999999,-0.55857,-0.55628,-0.55776,nan,-0.5006,-0.46793999999999997,-0.45031000000000004,-0.43473,nan,-0.42268,-0.3747,nan,-0.32368,-0.3129,-0.29769,nan,-0.23676,-0.19589,-0.1596,nan,-0.12017,nan,-0.076027,-0.046613999999999996,-0.011881999999999998,0.025415,0.055408000000000006,nan,0.12650999999999998,0.14536,nan,0.22245,0.26916,0.28406,0.32131,0.35486999999999996,0.36369,0.42627,0.49751000000000006,nan,0.51957,0.59058,0.6271399999999999,0.66227,0.7208100000000001,nan,0.77691,0.8226700000000001,0.8806799999999999,0.91822,0.9304,0.97288,1.0539,1.1053,nan,1.149,nan,1.2654,1.3197,nan,1.4058,1.4489,1.476,nan,1.5649,1.5895,1.6474,1.7115,nan,nan,1.8149,nan,1.9108,1.9548,2.0059,2.0608,2.0831,2.1243,2.1878,2.2044,2.2436,nan,2.3477,2.3616,2.4297,2.4834,2.5255,2.5731,2.6089,nan,2.6986,2.7136,nan,2.8334,2.8462,2.8662,nan,2.9578,nan,nan,3.0711,3.1092,3.1468,3.1709,nan,3.2504,3.2661,3.2865,nan,3.3331,3.3456,3.3856,3.4072,3.3985,3.407,3.4303,3.4462,nan,3.4774,3.4589,3.4423,3.4581,3.4744,3.4685,nan,3.445,3.4245,nan,3.4102,3.3930000000000002,nan,3.3711,3.3716,3.3591,3.3388,nan,3.3014,3.282,3.2582,3.2272,3.2086,nan,3.1618,nan,3.1034,3.1089,3.0818,3.0553,3.0543,nan,3.0122,3.022,3.0004,2.928,2.8963,2.9046,2.8899,nan,2.8735,2.8589,2.8525,nan,2.8693,2.8273,2.8134,2.8182,2.7966,2.7722,2.7573,2.7373,2.7243,2.7221,2.7222,2.7147,2.6971,2.6955,nan,2.6716,2.6487,2.6407,2.6195,2.614,2.6245,2.6010000000000004,2.5696,2.5701,2.5653,2.5349,2.5099,2.4924,nan,2.44,2.4323,nan,2.4090000000000003,nan,2.333,2.3169999999999997,2.3213,2.3036,nan,2.2484,2.2392,2.2358,2.2383,2.2125,2.1519,2.1159,nan,2.1043,2.0909999999999997,2.0668,2.0447,2.0465,2.0166,1.965,nan,1.9693,1.9337,1.9286,1.932,nan,1.8809,nan,1.8779,1.8692,1.841,nan,1.8098,1.7874,1.7544,1.7386,1.7326,1.7185,nan,1.7143,nan,1.6969999999999998,nan,1.67,1.6781,1.6852,1.6477,nan,nan,1.6099,1.6023,1.6173,1.6086,1.5869,1.5684,1.5487,nan,1.5497,1.5594,1.5736,1.5673,nan,1.5421,1.5591,1.5753,1.5678,1.5396,1.5355,1.5469,1.5256,1.4928,1.4767,1.4655,1.4672,1.4771,1.4695,nan,1.4312,nan,1.4063,nan,1.3948,nan,1.3812,1.3799,1.3733,nan,nan,1.3546,1.3419999999999999,1.3194,1.3112,nan,1.3093,1.2974,1.2946,1.2998,1.2808,1.2478,1.2471,1.255,1.2251,1.1968,nan,1.2045,1.1735,1.1559,nan,1.1516,nan,1.1294,1.1087,1.1022,nan,1.0913,nan,1.0892,1.0885,1.0824,1.0413,nan,1.0193,nan,0.9607399999999999,0.94829,0.95829,0.94742,nan,0.9138,0.9112299999999999,nan,0.9018799999999999,0.89571,0.89518,0.8810399999999999,0.85244,0.8402,0.8338200000000001,0.8083199999999999,0.8003899999999999,0.81262,0.79982,0.78175,nan,nan,nan,0.76958,0.73034,0.71141,0.71587,nan,nan,0.69763,0.67593,nan,nan,0.64683,nan,0.65371,nan,0.63494,0.6301,0.61502,0.60528,0.61431,0.61862,0.60688,0.59717,nan,0.57623,0.56872,0.55802,0.5496800000000001,0.55147,0.54676,0.53359,0.52393,0.51548,0.50562,0.49563999999999997,0.47926,0.46132,0.4664,0.48318999999999995,0.47163,0.45056,0.45148,0.45526000000000005,0.45286000000000004,0.4532,0.44246,0.41655,nan,0.38906,0.38111999999999996,0.38295,nan,nan,0.35470999999999997,0.35604,0.35675,nan,0.36979,0.35974,0.33454,0.3405,0.36157,0.34192,0.31349,0.32295,0.33423,nan,nan,nan,0.30072,0.30067,0.29538000000000003,0.28259,0.27143,nan,0.26288,0.27364,0.26889,0.24106999999999998,0.23371,0.24564,nan,0.23586999999999997,0.25795,0.25306,0.21406999999999998,0.2028,0.22658000000000003,0.2326,0.21431,nan,0.20151,nan,nan,0.18603,nan,0.18967,0.18577,0.16532,0.14690999999999999,0.15783,0.16760999999999998,nan,nan,0.1496,0.17143,0.17875,nan,0.14065,0.16087,nan,0.13234,0.14992,0.16322,0.16261,0.1621,nan,nan,0.13823,nan,0.15124,0.14639000000000002,0.13384000000000001,0.12385999999999998,0.1254,0.1367,0.14699,0.15142,0.14642,0.1363,0.13934000000000002,0.15583,0.16176,0.14786,0.12782000000000002,0.12025999999999999,nan,0.14174,0.13257,0.12119,0.13054000000000002,0.13499,nan,0.1258,nan,0.1471,0.14110999999999999,0.13169,0.11940999999999999,0.11002,0.10960999999999999,0.12584,0.14656,nan,nan,0.092587,0.10084,0.11309000000000001,0.11977,0.13269,0.13674,0.11775999999999999,0.097294,0.08937200000000001,0.07737899999999999,0.076748,0.095675,0.087038,0.077785,0.10655,nan,0.049993,0.067495,0.090227,0.077581,0.069191,nan,0.052998,0.054016999999999996,0.033023000000000004,0.030673000000000002,0.050480000000000004,0.031284,0.0010282,0.01103,nan,0.023679,0.025498,0.017915,-0.009840799999999999,-0.013275,0.0084894,0.007307300000000001,-0.006104999999999999,nan,nan,-0.004287600000000001,nan,-0.041348,-0.038143,-0.032124,nan,-0.039235,nan,-0.031991000000000006,-0.031096,-0.032527,nan,-0.046557999999999995,-0.039876999999999996,nan,-0.047035,-0.036429,-0.050401,-0.072777,-0.056438999999999996,-0.043454,nan,-0.088737,-0.079302,-0.074169,-0.080897,nan,-0.085221,-0.072176,nan,-0.10262,nan,nan,-0.10049,-0.12912,-0.11656,-0.11849000000000001,nan,-0.13623,nan,-0.13268,-0.14431,nan,-0.13213,-0.1542,nan,-0.1395,-0.1562,-0.1679,-0.16399999999999998,-0.15478,-0.15089,-0.16330999999999998,nan,-0.15648,-0.15329,-0.1542,-0.1673,-0.19342,nan,-0.17065,-0.18674000000000002,-0.20037,-0.19822,nan,-0.20539000000000002,-0.19632,-0.20763,-0.21385,-0.20529,-0.19897,-0.19391,-0.20262,nan,nan,-0.22801999999999997,-0.2075,-0.205,-0.2262,-0.23928000000000002,nan,-0.24578000000000003,-0.25153000000000003,-0.24051,-0.23263000000000003,-0.24424,nan,-0.26031,-0.2761,-0.27792,-0.26674000000000003,-0.27314,-0.27779,-0.26816999999999996,-0.27171,-0.28047,-0.28131999999999996,nan,-0.29466,nan,nan,-0.31516,nan,-0.32281,-0.32273,nan,-0.35124,-0.32771999999999996,-0.32288,-0.33655999999999997,-0.33252,-0.34112,-0.34847,-0.32639,-0.32219000000000003,-0.33716,nan,-0.33887,nan,nan,-0.3379,-0.33261999999999997,-0.35202,-0.37526,-0.36559,nan,-0.35825,-0.36741,-0.35995,-0.36213,-0.37305,-0.37462,-0.3651,-0.35807,-0.36873,-0.3786,-0.37590999999999997,-0.38066,nan,-0.40184000000000003,-0.40811,nan,-0.37921,-0.38104,nan,-0.39187,nan,nan,-0.39087,-0.39783,-0.41502,nan,-0.40474,nan,-0.41763999999999996,-0.40671,-0.39205999999999996,-0.3886,-0.40679,-0.42977,nan,-0.40292,-0.40276,-0.40208,-0.40721,-0.42978999999999995,-0.43688,nan,-0.42016000000000003,-0.4149,-0.4225,-0.43405,nan,nan,nan,-0.44332,-0.4444,nan,-0.41816000000000003,-0.42849,-0.42846999999999996,-0.4202,-0.42507,-0.43535,-0.43268,-0.42088000000000003,-0.41371,-0.42038000000000003,-0.42128000000000004,nan,-0.40881999999999996,-0.43238999999999994,-0.42646000000000006,-0.4128,-0.42028999999999994,-0.42011000000000004,-0.41413999999999995,-0.42015,-0.42071000000000003,-0.40824,nan,nan,-0.39971,-0.4085,-0.42,-0.40038,-0.38359,-0.39197,-0.39216999999999996,-0.38247,-0.37743000000000004,-0.38463,nan,nan,-0.37966,-0.37961999999999996,-0.39316,nan,-0.37961999999999996,-0.37354,nan,-0.39684,-0.40541,-0.38486,nan,nan,-0.39987,-0.37927,-0.3876,nan,-0.40615999999999997,-0.39155999999999996,-0.38493,-0.37756999999999996,-0.38268,nan,-0.40098,-0.3805,-0.37337,-0.3773,-0.37831,-0.37808,-0.37096,-0.36485,-0.37861999999999996,-0.39966999999999997,-0.40428000000000003,-0.39326,nan,-0.39296,nan,nan,-0.36626,-0.39044,nan,-0.39081,nan,-0.39723,-0.38059,-0.39381,-0.39621,-0.36609,-0.36930999999999997,-0.40248,-0.39766999999999997,-0.38883,-0.40554,-0.39826,nan,-0.37861,-0.3844,-0.39618000000000003,-0.38487,-0.36241,-0.3822,-0.40795,-0.40538,-0.41145,-0.41466000000000003,-0.39186,-0.38174,-0.3994,-0.40417,-0.39166,nan,-0.3899,-0.38982,-0.39100999999999997,-0.38594,nan,nan,-0.37141,-0.36468,-0.37143000000000004,-0.37843000000000004,-0.37839,nan,-0.41047,-0.37667,-0.34788,-0.37496,-0.38543,-0.35197,nan,-0.35202,-0.34986999999999996,-0.34715999999999997,-0.34789000000000003,-0.3498,nan,-0.33842,-0.33576999999999996,nan,-0.34258,-0.3296,-0.3363,-0.33788,-0.32636,-0.32343,-0.33125,-0.33536,-0.33455999999999997,-0.33501,-0.32894,-0.31801,-0.32169000000000003,nan,nan,-0.32375,-0.32235,-0.31256999999999996,-0.29236,-0.29785,nan,-0.33208000000000004,-0.32189,-0.32668,-0.3116,-0.29453,-0.31382,-0.31482,-0.29489,-0.31085,-0.32403000000000004,-0.30467,-0.29317,-0.29649000000000003,-0.31292,nan,-0.3083,-0.31314000000000003,-0.33589,-0.33301,-0.34002,-0.34962,-0.32659,-0.32639,nan,-0.34151,-0.32203000000000004,nan,-0.36436999999999997,-0.3453,-0.33157,-0.35054,-0.3554,nan,-0.33751,-0.35858,-0.35904,nan,-0.34775,-0.34962,-0.34842,-0.36246,-0.36971,nan,-0.35097,-0.36424,-0.35056,nan,-0.38576,-0.37756999999999996,nan,-0.39847,-0.40694,-0.37856999999999996,-0.37776,-0.38789,-0.38915,-0.40708,-0.42938999999999994,-0.42313,-0.40164,-0.40046,-0.41243,-0.41941000000000006,-0.43076000000000003,-0.45116999999999996,nan,-0.43355,-0.45201,-0.40425,nan,-0.5241,-0.41348,nan,-0.5625399999999999
6.0,0.09073099999999999,nan,-0.026174,-0.064635,-0.08995299999999999,-0.06295,-0.07953500000000001,-0.08337699999999999,-0.10165,-0.10925,-0.11144000000000001,nan,nan,-0.14929,nan,-0.14949,-0.16825,-0.18356,-0.19881,-0.19774,-0.20965,nan,-0.22637,-0.23981,-0.2563,-0.26231,-0.27153,-0.27484000000000003,-0.27618000000000004,nan,nan,-0.2963,-0.32199,nan,-0.32534,-0.32927,-0.35334,-0.36404000000000003,-0.3646,-0.37434,-0.37165,-0.38966999999999996,-0.40658,nan,-0.41417,-0.43043000000000003,nan,-0.43438999999999994,nan,nan,-0.46867,-0.46681999999999996,-0.45406,nan,-0.49201999999999996,-0.49136,-0.48777,-0.49371000000000004,-0.50435,-0.5214300000000001,-0.52093,-0.51305,-0.53725,nan,-0.5393,-0.5574,-0.5677300000000001,-0.5666100000000001,nan,-0.56894,-0.5786600000000001,nan,-0.59326,-0.5964,-0.5978100000000001,-0.6081300000000001,-0.6080300000000001,-0.60746,-0.6279100000000001,-0.63395,-0.6279899999999999,-0.63515,nan,-0.64388,-0.65663,-0.65715,nan,-0.67489,-0.67998,-0.69892,-0.69428,-0.69299,-0.7098800000000001,-0.71454,-0.7156600000000001,nan,-0.7246,-0.7277600000000001,-0.74147,-0.74106,-0.74624,-0.76286,nan,-0.75279,-0.7691600000000001,-0.77162,-0.77299,-0.7894899999999999,nan,nan,-0.78496,-0.8025,-0.8129,-0.80089,-0.8105899999999999,-0.8352200000000001,-0.83265,-0.82275,-0.8219799999999999,-0.8459899999999999,-0.8598600000000001,-0.85156,-0.86667,-0.87398,-0.86572,-0.87277,-0.8703200000000001,-0.8602200000000001,-0.87266,-0.8836,-0.87605,nan,-0.8790899999999999,-0.88936,-0.8825299999999999,-0.8817200000000001,-0.89033,-0.8899,-0.89641,-0.89904,-0.8993700000000001,-0.8982899999999999,-0.8903399999999999,nan,-0.9137200000000001,-0.9023899999999999,-0.90048,-0.9103600000000001,-0.9100799999999999,-0.91055,-0.92653,nan,-0.92081,-0.9295100000000001,-0.9134899999999999,-0.91406,-0.9293399999999999,-0.92037,nan,-0.9302799999999999,-0.92548,-0.92881,nan,-0.9286200000000001,-0.92719,nan,-0.92658,-0.9298299999999999,-0.93069,-0.9120299999999999,-0.9120799999999999,-0.9193600000000001,-0.92094,nan,-0.9398200000000001,-0.9362,nan,-0.9272,nan,-0.9308799999999999,-0.91899,-0.92406,-0.94032,-0.9396899999999999,nan,-0.9381299999999999,nan,-0.9244899999999999,-0.9107799999999999,-0.9217700000000001,-0.93926,-0.93109,-0.92994,-0.9397399999999999,-0.9374,-0.9453,-0.94199,-0.92311,-0.92075,-0.9339200000000001,-0.9555100000000001,-0.9472700000000001,-0.922,-0.93073,-0.9397700000000001,-0.92827,-0.93509,nan,-0.9364399999999999,nan,nan,-0.94011,-0.9232299999999999,-0.9303,-0.93027,-0.91866,-0.92361,-0.92781,-0.9291200000000001,nan,-0.91955,-0.92319,-0.92799,-0.9291200000000001,-0.92994,-0.9117200000000001,-0.91558,nan,-0.9248700000000001,nan,-0.94079,-0.9220200000000001,-0.92332,-0.92542,-0.9209799999999999,-0.9385899999999999,-0.91812,-0.91227,nan,-0.91974,-0.91933,-0.9164,nan,nan,-0.91945,-0.92745,-0.92366,-0.9158200000000001,nan,-0.90856,-0.90885,-0.9178299999999999,-0.9148700000000001,-0.90543,-0.91174,-0.92045,-0.91102,-0.9080799999999999,-0.9077,nan,nan,-0.8979600000000001,-0.9114700000000001,-0.9146,-0.8971399999999999,-0.91033,-0.9199700000000001,nan,-0.9059200000000001,-0.9112100000000001,-0.91056,-0.8983700000000001,-0.9082,-0.8995799999999999,-0.8894299999999999,-0.90064,nan,-0.89376,-0.89725,-0.88797,-0.9128700000000001,-0.9232600000000001,nan,-0.8927299999999999,-0.8971299999999999,-0.8902100000000001,-0.89961,nan,-0.8779899999999999,nan,-0.88741,nan,-0.8892399999999999,-0.8819600000000001,-0.88255,-0.88933,nan,-0.88139,-0.86787,-0.8625299999999999,-0.8966200000000001,-0.90138,-0.8795700000000001,-0.8924799999999999,nan,-0.8776,nan,-0.88085,-0.8832399999999999,nan,-0.8874799999999999,-0.89087,-0.89156,-0.8797799999999999,-0.8845200000000001,-0.88738,-0.8814799999999999,-0.88884,nan,-0.8777799999999999,-0.8800100000000001,-0.88169,-0.8894200000000001,-0.88354,nan,-0.8806299999999999,-0.8809299999999999,-0.8811700000000001,-0.8791200000000001,-0.8814299999999999,-0.8756,-0.8712700000000001,nan,-0.8863,nan,-0.86695,-0.86416,-0.8819600000000001,nan,nan,-0.88323,-0.86706,-0.87155,-0.87213,nan,nan,-0.85224,nan,-0.8731399999999999,nan,nan,nan,-0.85244,nan,-0.83734,-0.83645,-0.8512299999999999,-0.8418899999999999,-0.84914,nan,-0.83629,nan,-0.84099,-0.83219,nan,-0.84399,-0.83654,-0.8320200000000001,-0.8327399999999999,nan,-0.81986,-0.8204,nan,-0.8323,-0.81896,-0.8014899999999999,-0.82521,-0.8407100000000001,-0.8232,-0.8201,-0.81733,-0.80543,-0.79995,-0.79394,-0.79808,-0.8094,nan,-0.7984600000000001,nan,-0.7993600000000001,nan,-0.7941,-0.79362,nan,nan,-0.79648,-0.79488,-0.77871,-0.78387,nan,-0.78285,-0.77404,-0.75652,-0.75431,-0.75422,-0.75837,-0.7630100000000001,nan,-0.73561,-0.75388,-0.74123,nan,-0.72401,-0.72334,nan,nan,-0.7367199999999999,-0.72632,-0.72568,-0.7349399999999999,-0.72445,-0.72527,-0.71395,-0.70539,-0.71595,-0.70527,nan,-0.72064,-0.69911,-0.70658,-0.7157100000000001,-0.71085,-0.71897,-0.70709,-0.69597,-0.70578,nan,-0.6884399999999999,-0.6904899999999999,-0.67508,-0.69277,-0.69206,-0.67219,-0.66091,-0.65657,-0.66578,-0.66575,nan,-0.66176,nan,nan,nan,-0.63447,nan,nan,-0.64678,-0.64846,-0.63075,-0.63297,-0.65995,-0.6472,-0.6261899999999999,-0.63029,-0.61736,-0.6208899999999999,-0.62745,-0.59919,nan,nan,nan,nan,-0.59777,-0.59648,-0.5918800000000001,-0.5872,-0.58804,-0.57862,-0.58414,-0.5848,-0.57447,-0.5795399999999999,-0.58778,-0.58929,-0.58086,nan,-0.59017,-0.5975600000000001,nan,-0.57524,nan,-0.58185,-0.58937,-0.57172,-0.56138,nan,-0.5615899999999999,-0.56935,-0.5424,-0.55027,-0.57414,-0.5489,nan,-0.5646899999999999,-0.5637,-0.55406,nan,-0.54923,-0.5389,nan,-0.5323399999999999,-0.52969,-0.5403600000000001,nan,nan,-0.53678,-0.52357,-0.53214,-0.55014,-0.5276,-0.51383,-0.5213,-0.53096,-0.5316,-0.50395,-0.5069100000000001,-0.51926,nan,-0.52784,-0.5362100000000001,nan,-0.50007,-0.49816000000000005,-0.50021,-0.52718,nan,-0.4813,-0.49368999999999996,-0.50122,-0.5011,-0.49177,-0.49266000000000004,-0.49905,-0.48047,-0.46879,-0.48107,nan,-0.49685,-0.47997,-0.4778,nan,-0.48312,-0.48172,-0.49062,-0.47383000000000003,-0.45953,-0.46279,-0.4569,nan,-0.46021000000000006,-0.46873000000000004,-0.46665,-0.45571999999999996,-0.45173,nan,-0.46837,-0.47052,-0.46553,-0.4475,-0.44158000000000003,-0.45046,-0.44803999999999994,-0.45483,-0.44592,-0.43198000000000003,nan,-0.45125,nan,-0.45278999999999997,-0.44206999999999996,-0.43856999999999996,-0.44851,-0.44892,-0.43628,-0.43249,-0.449,nan,-0.43361000000000005,-0.42928999999999995,-0.42263,nan,nan,-0.41689,-0.42241000000000006,-0.4518,-0.42555,-0.42517,-0.42901000000000006,nan,nan,-0.42386999999999997,-0.42051000000000005,-0.42107,-0.42461000000000004,-0.43113999999999997,nan,-0.42218999999999995,-0.41568,-0.41262,nan,-0.42333000000000004,nan,-0.42323,nan,-0.41103,-0.4133,-0.40648,-0.39005,-0.40037,-0.41284,-0.41335,-0.42213999999999996,nan,-0.39792,nan,-0.39225,nan,-0.40107,-0.39712,-0.39073,-0.39284,nan,-0.37917,-0.38983,-0.38882,nan,-0.39200999999999997,-0.39215,-0.39228,-0.38861999999999997,-0.38374,nan,-0.38711999999999996,nan,-0.38765,-0.39169,-0.38441,nan,-0.38351,-0.38158000000000003,-0.38395,-0.38437,-0.37499,-0.37103,-0.3737,-0.37239,-0.37435999999999997,nan,-0.37406,-0.39546,nan,nan,-0.37956999999999996,nan,-0.37423,-0.37539,-0.38421,-0.3835,-0.38359,-0.37786,-0.37253000000000003,-0.38552,-0.3932,-0.38456999999999997,-0.38235,-0.38197,nan,nan,nan,-0.39283,-0.38668,-0.37188000000000004,-0.38245,-0.39416999999999996,-0.38565,-0.40105,-0.39696,nan,-0.39644,-0.39839,-0.39113000000000003,nan,-0.36441,-0.38329,-0.40094,-0.38053000000000003,-0.38855,nan,nan,-0.39695,nan,nan,-0.41175,-0.39171,-0.40789000000000003,-0.40247,nan,-0.41357,-0.40368000000000004,nan,-0.42353999999999997,-0.40565,-0.41511000000000003,nan,-0.41123999999999994,-0.4211,nan,-0.42086,-0.42218,-0.42385,-0.41848,-0.42457,nan,-0.42198,-0.44093999999999994,-0.42767,-0.4261,nan,-0.44209,-0.45096,-0.43832,-0.43148000000000003,-0.44205,nan,nan,-0.45669,-0.44788,nan,nan,nan,nan,nan,-0.45232,-0.46306,-0.47936000000000006,-0.46958999999999995,-0.45536000000000004,-0.4819,-0.50024,nan,nan,-0.50061,-0.51097,-0.50807,-0.50046,-0.5069100000000001,-0.50693,nan,-0.5309699999999999,nan,-0.52172,-0.51626,-0.5456300000000001,-0.56791,-0.55038,-0.56047,-0.5774,-0.57615,-0.57812,-0.57911,nan,-0.5928899999999999,-0.59851,-0.5939399999999999,nan,-0.59585,-0.59922,-0.62012,-0.63727,-0.63699,-0.64555,-0.638,-0.64041,-0.66089,-0.66672,-0.67335,-0.68703,-0.70036,nan,-0.68855,-0.72255,-0.71183,nan,nan,nan,-0.73361,-0.73465,nan,-0.75103,-0.7642899999999999,-0.77299,nan,-0.77655,nan,-0.78608,-0.79381,-0.7965800000000001,-0.8197200000000001,nan,-0.8298399999999999,nan,-0.8395299999999999,nan,-0.8704700000000001,-0.88107,-0.8816700000000001,-0.8876700000000001,-0.89505,-0.9035200000000001,-0.90981,-0.91027,nan,-0.91296,nan,nan,-0.9314600000000001,-0.95741,nan,-0.9529299999999999,-0.97224,-0.9788600000000001,nan,nan,-1.0059,-1.0073,-1.02,-1.0456,-1.0553,-1.0493,-1.0458,-1.0727,-1.0955,nan,-1.0791,-1.085,nan,-1.1255,-1.1208,-1.1449,nan,-1.1359,-1.1647,-1.1549,nan,nan,-1.1624,-1.1844,-1.1924,-1.1912,-1.1892,nan,-1.2027,-1.2009999999999998,-1.2118,-1.2018,-1.2103,-1.2439,nan,nan,nan,nan,-1.2718,-1.2624,-1.2545,nan,nan,nan,-1.2704,-1.2791,-1.2767,-1.2836,-1.2895,-1.291,-1.3059,-1.304,nan,-1.3002,-1.3105,-1.3189,nan,nan,-1.3183,-1.3097,-1.3081,-1.3088,nan,-1.2946,-1.3015,-1.327,-1.3234,nan,-1.3037,-1.3005,-1.3179,-1.3133,-1.3044,-1.3095,-1.3090000000000002,-1.3095,nan,nan,-1.3052,-1.2986,-1.3086,-1.3189,-1.3114,-1.3075,-1.3079,-1.3003,-1.3047,-1.3083,-1.287,-1.2954,nan,nan,-1.2876,-1.2992,-1.2868,nan,nan,-1.2656,-1.2502,-1.238,-1.2424,nan,-1.2323,-1.2276,-1.2131,-1.1913,-1.1828,-1.1803,-1.1833,-1.1751,-1.151,-1.1437,-1.1335,nan,nan,-1.1006,-1.0763,-1.0902,nan,-1.0402,-1.0371,-1.0286,-1.0028,-0.9849100000000001,nan,-0.9675,nan,-0.9327799999999999,-0.9225399999999999,-0.9102,-0.89756,-0.89065,-0.86462,-0.85154,nan,-0.78841,-0.79352,-0.7630600000000001,nan,-0.7229399999999999,-0.72139,-0.7034699999999999,-0.67089,-0.64588,-0.61616,-0.5886899999999999,-0.57758,-0.5696100000000001,-0.5524100000000001,-0.51027,nan,-0.46676999999999996,-0.43433,-0.41884,-0.38475,-0.33301,nan,-0.26818000000000003,-0.24405,-0.21491,-0.18381,-0.1508,-0.11185999999999999,-0.08127999999999999,-0.032559,0.017149,0.029047000000000003,0.064651,0.1325,0.16171,0.19643,nan,0.28049,0.31566,0.37666,0.41493,0.44983999999999996,0.50718,0.54847,nan,nan,0.69391,0.73293,0.78068,0.8208,0.8947700000000001,0.9417399999999999,0.9463299999999999,1.011,nan,nan,nan,1.2406,1.2618,1.3138,1.3618,1.4024,1.4742,1.5351,nan,1.6224,1.6831,1.7477,1.81,1.8515,1.8919,1.9678,2.0269,2.0746,nan,nan,2.2113,2.2892,2.3291,2.3804,2.458,2.5062,2.5469,2.6057,2.6525,2.694,2.7529,nan,nan,nan,2.975,3.0060000000000002,nan,nan,3.1439999999999997,nan,nan,3.2621,3.2868,3.3196,3.3481,nan,3.3841,3.4019999999999997,3.4097,3.4357,3.4341,3.4328,3.4511,3.4409,3.4294,3.4297,3.4304,nan,3.4402,3.4217,nan,nan,nan,3.3607,3.3279,3.3076,nan,nan,nan,3.222,3.1939,3.1634,3.1266,nan,3.0922,nan,nan,3.0202,2.9953,2.9476,2.9078,2.8946,2.8695,nan,nan,nan,2.7645,2.7510000000000003,2.7312,2.7089,2.6872,2.6526,nan,2.6125,2.5815,2.5797,nan,2.5295,2.5109,nan,2.4782,2.4667,2.4548,2.4247,nan,nan,2.3537,2.3342,2.312,nan,nan,2.2516,2.2284,2.2136,2.1998,2.1937,2.1683,nan,nan,2.1151,2.085,nan,2.0641,2.0469,2.0326,2.0264,nan,1.9671,1.9569,1.9531,1.9284,nan,1.9167,1.8795,1.8559999999999999,1.8503,nan,1.8397,1.8212,1.8219999999999998,1.8195,1.7958,nan,nan,1.7336,1.7425,1.7269,nan,1.7149,1.71,1.6918,1.6754,nan,1.6455,1.6184,1.6281,1.6275,1.6119,1.6288,1.6106,nan,nan,1.5732,1.5689,nan,1.5393,1.5673,1.5474,1.526,1.5319,1.5405,1.5375,1.5026,1.5089,1.5172,1.492,1.4792,1.4552,nan,1.462,1.4692,1.459,1.4512,1.4389,1.4191,1.4104,1.4223,1.4232,nan,1.4045,nan,nan,1.389,nan,1.3769,1.3722,1.3588,1.3424,1.3659,1.3676,1.3445,nan,1.3338,nan,1.2947,1.2959,1.2916,nan,1.2858,1.276,1.2786,1.2695,nan,nan,1.2628,1.2573,1.2637,nan,nan,1.2356,1.2161,nan,1.1977,1.2,1.1733,1.1719,1.1727,nan,1.1474,1.1382,1.1199,1.1361,nan,1.0988,1.1171,1.1036,1.0891,1.0994,nan,1.0773,1.0777,1.0658,1.0582,nan,1.0254,1.013,1.0139,1.0072,0.98215,0.97349,0.9668200000000001,nan,0.96199,0.9519,0.94453,0.93855,0.92789,0.92424,0.93425,0.9359700000000001,0.9187,0.9113700000000001,0.8972600000000001,0.8730100000000001,nan,0.8719399999999999,0.8502299999999999,0.82983,0.82605,0.8264,0.81792,0.81895,0.81116,0.7953899999999999,0.79673,0.779,nan,0.7659999999999999,0.7501399999999999,0.71859,0.74254,0.74193,0.72311,0.7161,0.6986600000000001,0.69987,nan,0.67986,0.6762199999999999,0.65028,0.65612,0.66204,0.63548,0.61852,0.61125,0.60251,0.60785,0.61545,0.60956,nan,0.5936899999999999,0.58038,0.5654899999999999,0.5647800000000001,0.5615899999999999,nan,0.54188,0.54213,0.52783,0.5244300000000001,0.5160899999999999,0.495,0.50602,0.51265,0.49056000000000005,0.48477,0.4861,0.48596999999999996,0.48178999999999994,0.46071999999999996,0.4546,0.46593999999999997,nan,0.44404,0.44677,0.43573,0.41935,0.41395,nan,0.41258999999999996,0.40624,0.41731999999999997,nan,0.38321,nan,nan,0.37937,0.3686,0.37298000000000003,0.3768,0.36651,0.36716,0.36283000000000004,0.35624,0.36080999999999996,0.3575,nan,0.35661,0.33200999999999997,0.33626999999999996,0.34746,0.32889,0.33591,nan,0.31645,0.33243,0.32911999999999997,0.30384,0.29872,0.30034,0.29941999999999996,nan,0.27846,0.29632,0.29141,0.26761,nan,0.29063,0.28456,0.27658,0.26985,0.27025,0.27098,nan,0.25653000000000004,0.26645,0.2691,nan,0.26388,0.27141,0.25681,0.26188,0.27033,0.26595,0.25039,0.23844,0.24140999999999999,0.24101999999999998,0.23339000000000001,0.23235,nan,0.23235999999999998,0.23171999999999998,nan,0.22043000000000001,0.20135,0.19528,0.2111,0.19698,0.19585,nan,0.19041,nan,nan,nan,0.19251,0.17768,0.16194,0.16218,0.16407,nan,0.16346,0.16216,0.1557,0.14555,0.14789000000000002,nan,0.1527,0.14449,0.14323,0.14337,0.1272,0.12588,0.15167,0.15099,nan,0.13544,0.13308,0.13302999999999998,0.13654000000000002,0.12405999999999999,0.11255,0.11599000000000001,0.11464,0.10685,0.10444,0.10655,0.10364000000000001,0.094292,nan,nan,0.090294,nan,nan,0.069149,0.067224,0.085099,nan,0.064971,0.065402,0.06692999999999999,nan,0.052128999999999995,0.057385000000000005,nan,0.054333000000000006,nan,0.070413,0.05299500000000001,0.052542,0.080864,0.082764,nan,0.064318,0.05563,nan,nan,0.065958,0.065786,0.065183,0.07368200000000001,0.07263,0.06375700000000001,0.066839,0.055929,0.043185,0.065823,0.073477,0.051802999999999995,0.055254,0.066841,0.059348000000000005,nan,0.06880800000000001,0.064832,nan,nan,nan,0.065992,0.045801,0.07079400000000001,0.07916799999999999,nan,0.06085700000000001,0.045316,0.062201,0.0773,0.069921,0.06608,0.065729,0.06562799999999999,0.066425,0.066354,0.068084,0.076316,0.07544,0.060067999999999996,0.054932,0.057178999999999994,0.055936,0.055501,nan,0.039839,0.036927,nan,nan,0.038771,0.040391,0.049175,0.045997,0.055527,0.058837,0.046837000000000004,0.049686,0.041708999999999996,0.036169,0.062584,0.06367300000000001,0.050232,0.044660000000000005,nan,0.064282,0.06615,0.07216,nan,0.054927,0.071367,nan,0.063628,0.07497000000000001,0.083973,0.082544,0.11702,0.11878,0.10280999999999998,0.11749000000000001,0.11492999999999999,0.11837,0.1351,0.13119,0.13710999999999998,0.1435,0.1267,0.12883,0.13549,0.1359,0.15314,0.15567,0.15631,0.16745,0.14524,0.13387000000000002,nan,0.17201,0.15785,0.16725,nan,0.17256,0.17354,0.17304,0.17432,0.18379,0.19280999999999998,0.18574000000000002,nan,0.19657,nan,nan,0.19513,0.21138,0.21070999999999998,0.21311999999999998,0.22125999999999998,0.21506999999999998,0.21013,0.21525,nan,0.2217,nan,0.22308000000000003,0.23544,nan,0.231,0.23814000000000002,0.24954,nan,0.24065999999999999,0.25028,0.25292,0.24309,0.24159,0.24009,nan,0.25006,0.2457,0.2406,nan,nan,nan,0.25253000000000003,0.25718,0.25883,0.25043000000000004,0.2595,nan,0.26949,0.28395,0.26709,0.25928,nan,0.25979,0.25274,0.27431,nan,0.25816999999999996,0.27526,0.27857,nan,0.27983,nan,0.28212,nan,0.27205,0.28899,nan,nan,0.29662,nan,0.29934,nan,0.30827,0.31821,0.33081,0.32803000000000004,0.32899999999999996,0.32193,0.32569000000000004,0.34379,nan,0.3203,nan,0.33632,0.33889,0.33826999999999996,0.32997,0.32325,0.3449,0.34258,0.3289,0.34708,nan,0.33549,nan,0.33908,0.35691999999999996,0.36482,0.34106,0.34735,nan,0.3381,0.35123000000000004,0.37129,0.35961,0.34674,0.34809,0.35745,0.35929,0.35936,0.35796999999999995,nan,0.36638000000000004,0.3724,0.38827,0.39987,0.40731999999999996,nan,0.42153,0.41702,0.43244,nan,0.44373,0.46303999999999995,0.4645,0.47226999999999997,0.49677,0.4875,0.47718999999999995,0.5060899999999999,nan,0.47845,0.51267,0.51377,0.52796,0.52684,0.51671,0.54247,nan,0.52888,0.52644,0.50189,0.52376,0.53561,0.52915,0.54282,0.55467,0.5421,0.53112,0.55302,0.56806,0.56138,0.56326,0.56438,nan,0.55532,0.56915,0.58298,0.59112,0.59446,0.58695,0.58175,0.58223,0.59017,nan,nan,0.57023,0.58543,nan,0.58334,0.58659,0.59542,0.59019,0.58192,0.58208,0.58594,nan,0.58709,0.5726100000000001,0.59003,0.5865600000000001,nan,nan,0.59136,0.58191,nan,nan,nan,0.59168,0.5928800000000001,0.58903,nan,0.59621,0.5824,nan,0.58983,0.5815,0.57729,0.55067,nan,nan,nan,0.55698,0.5524,0.55298,0.54685,0.54179,0.54319,0.53045,0.52371,0.52682,0.5133,nan,0.50452,0.49433,0.48507,nan,0.47852,nan,nan,0.44777,nan,0.42966000000000004,nan,0.42536,0.40684000000000003,0.42011000000000004,0.42291999999999996,0.40218000000000004,0.4066,nan,nan,nan,0.38129,0.36677,0.36129,nan,0.33526,nan,0.34759,0.34841,nan,0.32001,0.3207,0.30537,0.2814,0.27371,0.2639,0.26224000000000003,nan,0.24998,nan,0.25082,0.23728000000000002,0.22834000000000002,0.21119000000000002,0.2136,0.19182000000000002,0.16439,0.17783,0.17169,0.14615,0.14576,0.13631,0.12245,0.12311,0.10824,0.10232000000000001,0.10395,0.073414,0.055760000000000004,nan,nan,0.040355,0.032529,nan,nan,0.0007085,-0.0037486999999999993,nan,-0.026679,nan,-0.049658,nan,-0.07372000000000001,nan,-0.10305,-0.082875,-0.14307999999999998,-0.078123,-0.14235
7.0,-0.12738,-0.25751,-0.19793,nan,-0.22609,-0.20074,-0.23600000000000002,-0.23722,-0.23148000000000002,nan,-0.2447,nan,-0.25337,nan,nan,-0.24718,nan,-0.27103,-0.26945,-0.27535,-0.2912,-0.2855,-0.27068000000000003,-0.27769,-0.30205,nan,-0.29839,-0.30294,-0.30665,-0.29933000000000004,-0.31040999999999996,-0.32506,-0.32525,-0.32706999999999997,-0.32695,nan,-0.32864,-0.33621,-0.34379,-0.35084,-0.35354,-0.35244000000000003,-0.35397,nan,-0.3691,-0.36793000000000003,nan,-0.35461,-0.35304,-0.37887,-0.38643,-0.37158,-0.38416,-0.3878,-0.37708,-0.39196,-0.40659,-0.41218,-0.41745,-0.41541000000000006,-0.42468999999999996,-0.44238,-0.43509,-0.42332,nan,-0.44371000000000005,-0.44553000000000004,-0.4576,-0.46091000000000004,-0.46071999999999996,-0.47488,-0.47825,-0.46755,-0.47157,-0.48418999999999995,nan,-0.49528,-0.48757,-0.48706000000000005,-0.49915,-0.51071,nan,-0.48911000000000004,-0.49311000000000005,-0.50234,nan,-0.53627,-0.5460699999999999,-0.52556,-0.5342100000000001,-0.55312,-0.54393,-0.54719,nan,-0.5523899999999999,-0.56226,-0.56198,-0.55988,-0.56147,-0.5723600000000001,nan,-0.5815600000000001,-0.5796399999999999,-0.5898100000000001,-0.589,-0.58634,-0.59431,-0.61195,nan,nan,-0.61873,-0.61883,-0.60396,-0.61434,-0.62326,-0.6214,-0.6086,-0.59797,nan,-0.6046100000000001,nan,-0.6148100000000001,-0.60661,-0.6098399999999999,-0.61648,nan,-0.6250399999999999,-0.63357,nan,nan,-0.63508,-0.63552,-0.6231800000000001,-0.63017,-0.64271,-0.63473,-0.62945,-0.64253,-0.65241,-0.6512,-0.64326,-0.63884,-0.64339,nan,-0.63359,-0.6396,-0.63966,-0.6451,-0.6612,-0.65422,-0.6470100000000001,-0.65125,-0.63966,-0.63848,-0.66801,-0.68104,-0.6776300000000001,-0.67075,nan,-0.67265,-0.67333,-0.66092,nan,nan,nan,-0.69413,-0.67101,-0.6792,nan,-0.6752100000000001,-0.6796800000000001,nan,-0.67842,-0.67618,-0.68071,-0.68838,-0.67189,nan,-0.68761,-0.6797,-0.67791,nan,nan,-0.7046899999999999,-0.68113,-0.68272,-0.6814100000000001,-0.66871,nan,-0.69586,-0.69604,-0.69265,-0.67872,-0.67692,-0.68335,-0.68801,-0.68617,-0.6865100000000001,nan,-0.6763,-0.6856300000000001,nan,-0.68384,nan,-0.68643,-0.67888,nan,nan,-0.67908,nan,nan,nan,-0.68645,-0.69511,-0.67806,-0.68235,-0.69475,nan,-0.67328,nan,-0.6786300000000001,-0.66727,-0.6967399999999999,-0.70611,-0.6958,-0.6987800000000001,-0.6882199999999999,-0.67948,-0.69492,-0.68885,-0.66901,-0.68608,-0.70635,-0.6920000000000001,-0.68237,nan,-0.68691,-0.68579,-0.68997,nan,nan,nan,-0.6796800000000001,-0.6766399999999999,-0.67903,nan,nan,-0.6651600000000001,-0.67447,-0.6773600000000001,-0.66166,nan,-0.68635,nan,nan,-0.67025,-0.65689,-0.65242,-0.65993,-0.63751,nan,nan,-0.6319600000000001,-0.63381,nan,nan,-0.62087,-0.61521,-0.61415,-0.61573,-0.6108100000000001,nan,-0.6058600000000001,-0.60572,nan,nan,-0.60647,-0.60487,-0.60627,-0.60237,-0.59697,-0.59022,nan,-0.56687,-0.5694100000000001,nan,-0.55834,-0.56512,-0.55282,-0.5332600000000001,nan,-0.56562,-0.54771,-0.53315,-0.54267,-0.54277,nan,-0.53873,-0.52569,-0.53085,nan,-0.5031899999999999,-0.49904,-0.50738,nan,-0.49853000000000003,-0.49322,-0.48067,nan,-0.50585,-0.47461000000000003,-0.47289,nan,nan,-0.48696999999999996,nan,-0.48117,-0.48362,-0.48996000000000006,-0.48662,-0.47967,nan,-0.46658,nan,-0.45022,-0.45178,nan,-0.44886000000000004,-0.43938,-0.42612,-0.43051000000000006,-0.4383,nan,-0.42596000000000006,nan,-0.41271,-0.40707,-0.41799,nan,-0.39524000000000004,-0.41035,-0.41118999999999994,-0.38842,-0.38693,-0.39255,-0.38326,-0.38024,-0.38072,-0.37845,-0.37953000000000003,-0.36318,-0.35416,-0.37568,-0.37485,nan,-0.35446,nan,-0.36407,-0.35664,-0.35333000000000003,nan,-0.3441,-0.34870999999999996,-0.3513,-0.34402,-0.34425,-0.34143,-0.3474,-0.33959,-0.32621,nan,-0.3435,-0.32250999999999996,-0.33602,nan,-0.3282,-0.32295,-0.31663,-0.31729,-0.31645999999999996,-0.31793000000000005,nan,-0.29948,nan,nan,nan,-0.27234,nan,-0.28056,-0.28369,-0.29069,-0.28239000000000003,-0.27231,-0.27123,-0.27139,-0.27238,-0.27185,-0.27151,nan,-0.26023,-0.24666,nan,-0.23651,-0.24927,-0.25487,-0.23895999999999998,-0.23634000000000002,-0.24925,-0.24328000000000002,-0.23505,-0.24419000000000002,-0.23773000000000002,-0.22389,-0.21818,-0.21331,-0.23001999999999997,-0.23121,-0.21744000000000002,-0.22549,-0.22080999999999998,-0.21721999999999997,-0.21475,-0.20016,-0.21679,-0.23137,-0.22324000000000002,-0.21763000000000002,-0.20878000000000002,-0.21725999999999998,-0.22930999999999999,-0.22571,-0.21894,-0.20474,nan,-0.20058,nan,-0.20442000000000002,-0.21706,-0.212,nan,-0.19932,-0.19933,nan,-0.19831,-0.19122,-0.18995,-0.19135,-0.20554,-0.20863,-0.18394000000000002,-0.18832000000000002,-0.20374,-0.19835,-0.19174000000000002,-0.18194000000000002,-0.18453,-0.1899,-0.18192,-0.18649000000000002,-0.19422999999999999,-0.1851,-0.18199,-0.18979000000000001,nan,-0.17387,-0.17496,-0.19039,-0.19359,nan,nan,-0.17376,nan,-0.18300999999999998,-0.17651,-0.17339000000000002,nan,-0.18198,-0.17976,-0.18137,-0.18188,nan,-0.19459,-0.18253,-0.17314000000000002,-0.18057,-0.18109,-0.1816,-0.17962999999999998,-0.18147,-0.19782,-0.19093,nan,nan,-0.19945,nan,-0.17998,-0.17437,nan,-0.19050999999999998,nan,nan,-0.18106,nan,nan,-0.18822,-0.1922,-0.20015,-0.19238,-0.19221,-0.20123,-0.20044,-0.19901,-0.19964,nan,-0.18925999999999998,-0.18065,-0.18867,-0.18573,-0.18257,-0.19941,nan,-0.19428,-0.18803,nan,-0.20038,-0.19108,nan,-0.20968,-0.201,nan,-0.19569,-0.18947999999999998,-0.19111,-0.18209,-0.18784,nan,-0.19798,-0.18972999999999998,-0.20207,-0.21145,nan,-0.20928000000000002,-0.21597,-0.21428000000000003,nan,-0.21031999999999998,-0.21791999999999997,nan,nan,-0.21754,-0.21736,-0.21986,-0.20798000000000003,nan,-0.24623,-0.24644000000000002,nan,-0.2392,-0.22621,nan,-0.25504,-0.25132,-0.25633,-0.26323,-0.26249,-0.26233,-0.26047,-0.25434,nan,-0.29031999999999997,-0.27869,-0.26186,nan,-0.2859,-0.27138,-0.27458,-0.28175,-0.28639000000000003,-0.3044,-0.30057,nan,-0.29494000000000004,-0.31856,-0.30575,nan,nan,-0.30587,-0.32104,-0.33855,-0.33401,-0.32747,-0.32324,-0.33196,-0.33187,-0.31790999999999997,nan,-0.34415999999999997,-0.35707,nan,-0.33361999999999997,-0.35263,nan,-0.34259,-0.3526,-0.3485,-0.34465,-0.37105,-0.38061,-0.37064,-0.37582,-0.37838,-0.36996,nan,-0.37623,-0.38382,nan,nan,-0.39458000000000004,nan,-0.40738,nan,-0.41436999999999996,-0.42173,-0.42791999999999997,-0.43595,nan,nan,-0.44113,-0.44078,-0.4355,nan,-0.46373000000000003,-0.43928,-0.43722,-0.45974,-0.46279,-0.46166999999999997,-0.47468999999999995,-0.48894,-0.49054,-0.47998999999999997,-0.48273999999999995,-0.48813,-0.47981999999999997,-0.4901,-0.49723,-0.48518999999999995,-0.4805,-0.48331,-0.49878999999999996,-0.50575,nan,-0.50269,-0.52475,-0.55645,-0.55799,-0.53491,-0.53886,-0.54113,-0.5473399999999999,-0.57057,nan,-0.56426,-0.58831,-0.5977899999999999,-0.59739,nan,-0.5977399999999999,-0.60928,-0.6245,-0.62538,-0.6214,-0.62543,nan,-0.61522,-0.6186699999999999,-0.6271100000000001,-0.63548,-0.6501600000000001,nan,-0.66184,-0.67302,-0.67948,-0.67718,-0.68412,-0.6853899999999999,-0.68862,-0.69684,-0.6874100000000001,-0.69457,nan,-0.73306,-0.73939,-0.7438,nan,-0.76894,-0.76025,-0.7624,-0.77154,-0.77984,-0.78765,-0.77891,-0.77971,-0.78874,-0.79647,nan,-0.79642,-0.80062,-0.8265299999999999,-0.8252,-0.81657,-0.8339700000000001,-0.83824,-0.8332200000000001,-0.8519399999999999,nan,-0.8543,-0.86126,nan,-0.8766299999999999,-0.87529,-0.87698,nan,-0.90055,-0.9019299999999999,nan,-0.89675,-0.91056,-0.9162399999999999,-0.9280200000000001,-0.9423600000000001,-0.9487200000000001,-0.9499799999999999,-0.94399,-0.95368,nan,-0.95815,-0.9690799999999999,-0.9928,nan,-0.99364,-0.9943700000000001,-0.99334,nan,-1.0306,-1.0268,-1.0135,-1.0309,-1.0494,-1.0403,-1.0468,-1.0624,-1.0557,-1.0646,-1.085,-1.0743,-1.0822,-1.1042,-1.0936,-1.1076,-1.1222,-1.1221,-1.1383,-1.1375,-1.1451,-1.1417,nan,-1.1406,-1.1478,-1.1525,-1.1774,-1.1763,-1.1748,-1.1722,-1.1914,nan,-1.1975,-1.2035,nan,-1.2289,-1.22,-1.2167,-1.2235,-1.2286,-1.2355,-1.2678,-1.2672,-1.2703,-1.2939,-1.2701,-1.2691,-1.2877,-1.2949,-1.3174,-1.3149,-1.3078,-1.3084,-1.3017,nan,-1.3469,-1.3445,-1.358,-1.3792,-1.3814,nan,nan,nan,-1.3881,nan,-1.4169999999999998,-1.4017,nan,-1.4073,-1.3973,-1.4140000000000001,-1.4351,-1.4441,-1.4445,-1.4472,-1.4556,-1.4543,nan,-1.4674,-1.4738,-1.4795,-1.4909999999999999,-1.4814,-1.4735,-1.4902,-1.4977,nan,nan,-1.5004,nan,-1.5053,-1.5085,-1.5092,nan,-1.5085,-1.5052,-1.4969,nan,-1.5090000000000001,-1.5043,-1.5156,nan,-1.5032,nan,-1.5271,-1.5108,-1.4916,-1.4979,-1.4962,-1.5052,-1.5189,-1.4956,-1.4883,-1.5075,-1.507,-1.4926,-1.482,nan,-1.4788,-1.4647,-1.4544,-1.4541,-1.4516,-1.4455,nan,nan,-1.4201,-1.4062,-1.4019,-1.4026,-1.3872,-1.3656,nan,-1.3674,-1.3438,-1.3135,-1.2994,nan,nan,-1.2768,nan,-1.2477,nan,-1.2311,-1.2168,-1.1908,-1.2002,nan,-1.1763,-1.1633,nan,-1.1233,-1.1208,-1.1139,-1.0924,nan,nan,-1.0425,-1.0364,-1.0149,-0.99229,-0.9702,-0.9530299999999999,-0.94914,-0.93565,-0.9146700000000001,-0.89326,-0.8730899999999999,-0.8527,-0.83441,nan,-0.8155899999999999,nan,-0.77136,-0.7552399999999999,-0.7307100000000001,-0.71297,nan,-0.65798,-0.6247699999999999,-0.61328,-0.59939,-0.5624100000000001,-0.5371100000000001,-0.5139,-0.47781999999999997,-0.45543,nan,nan,nan,-0.36754000000000003,-0.31663,-0.30727,-0.2827,-0.21661999999999998,nan,nan,nan,-0.12202,-0.078841,nan,-0.033946,nan,0.033814,0.062452999999999995,nan,0.14704,nan,0.19255999999999998,0.235,0.28105,0.3009,0.32983,0.36086999999999997,0.3859,nan,0.46926999999999996,0.46857,0.48936,0.5533100000000001,nan,0.59248,0.6220100000000001,0.66414,0.70775,0.74766,nan,0.80197,0.8467899999999999,nan,0.89817,nan,0.98065,nan,1.0275,nan,1.1359,1.1732,1.1926,1.2333,1.2759,1.2836,1.3322,1.4038,1.4103,1.4487,1.5127,1.5345,1.5802,nan,1.67,nan,1.7468,1.784,1.8512,1.8936,1.9213,1.9636,1.9978,2.0405,2.0989,2.1328,nan,2.2307,2.2591,2.2806,2.3303,2.3611,2.3824,nan,2.4477,nan,2.5119,nan,2.5586,2.5883,2.6128,2.6434,nan,2.6734,2.7007,2.7202,nan,2.7229,2.7346,2.7319999999999998,2.7379,2.7526,nan,2.7518,2.7509,2.7446,2.7435,2.7443,2.7444,2.755,nan,2.7505,2.7386,2.7481,2.7535,2.7386,nan,2.7041,2.6789,2.6794,2.6789,2.6597,2.6399,2.6279,nan,2.6067,nan,2.5538,2.5389,2.5282,2.5242,2.5035,2.4824,2.4807,2.4512,nan,2.4373,2.3914,nan,2.3726,nan,nan,2.3239,2.3181,2.3173,2.2934,nan,2.2671,nan,2.2384,2.2322,2.2121,nan,2.1922,2.177,2.1524,2.1458,2.147,nan,2.1309,2.1268,2.1124,nan,2.0695,2.0471,nan,2.042,nan,1.9981,2.0013,2.0137,1.9913,1.9765,1.9796,1.97,nan,1.9689,1.9409999999999998,1.92,nan,1.9046,1.9205,1.9142,1.8972,1.8951,nan,1.8798,1.8689,1.8568,1.8599,nan,1.8534,1.8478,nan,nan,1.8031,1.8083,1.8003,1.7867,nan,1.808,1.8019999999999998,1.7952,1.7935,1.8054,1.7951,1.7761,1.7783,1.7662,1.7546,1.7626,nan,1.7703,1.7559,1.7328,1.7347,nan,1.7331,1.7394,nan,1.7335,1.7154,1.7167,1.7281,nan,1.7173,nan,1.7202,1.7224,1.7148,1.7138,1.7113,nan,1.7065,1.7078,1.6977,nan,1.7059,1.6976,nan,1.7109,1.7005,1.6878,nan,1.7124,1.6971,nan,1.6963,1.6911,nan,1.6867,1.6788,1.6768,nan,1.6764,1.6695,1.6678,1.6783,1.6713,1.6602,nan,nan,1.669,1.6695,1.6702,1.6775,1.671,1.6538,1.6516,1.6447,1.6308,1.6418,1.6512,1.6426,1.6424,1.6343,1.6211,1.6251,1.6187,1.6053,1.6089,1.6027,1.5887,1.6001,nan,1.5912,1.589,1.5965,nan,1.5864,nan,nan,nan,1.5773,1.5747,1.5528,nan,nan,1.5445,1.5335,nan,1.5312,nan,1.5077,1.5163,1.5109,1.5018,1.4947,1.4888,nan,nan,1.4802,1.4703,1.4709999999999999,1.4673,1.4512,1.4422,1.4435,1.4427,1.4453,1.4380000000000002,1.4245,1.4177,1.4131,1.4239,1.4211,1.3908,nan,1.4134,1.4140000000000001,1.4069999999999998,1.4016,nan,1.3616,1.3528,1.3534,nan,1.3486,1.3437,1.3445,1.3435,1.3504,1.3512,1.3317,1.3179,1.3191,1.3086,1.2835,1.2813,1.2982,1.288,1.2658,1.2741,1.2830000000000001,1.2725,1.2757,1.2675,1.2459,1.2572,1.2627,1.2506,1.2542,1.2549,nan,1.2393,1.2253,1.226,nan,1.2348,nan,1.2085,nan,1.1911,1.1772,nan,1.1917,1.1828,1.1856,1.1903,1.1819,1.1823,1.1736,1.1623,nan,1.182,1.1766,1.17,1.1737,1.1735,1.1633,1.1705,1.1686,1.1548,1.1627,nan,nan,1.158,nan,1.1637,1.1436,1.1369,1.1455,nan,nan,1.1167,1.1193,1.1201,1.1152,1.1257,1.125,1.1018,1.0932,1.0869,1.0844,1.1008,nan,1.0768,nan,1.072,1.064,nan,1.0683,1.0514,1.0548,1.0582,1.0467,1.0506,1.0542,1.0395,nan,1.0381,nan,nan,1.0117,nan,1.0277,nan,1.0075,1.0194,1.0141,0.9984799999999999,0.9842,nan,nan,0.9734700000000001,0.96515,0.9574799999999999,0.95204,0.94283,0.9381799999999999,nan,0.9149799999999999,0.9109700000000001,0.90795,0.88485,0.87305,nan,0.8831700000000001,nan,nan,0.87024,nan,0.87265,0.8583799999999999,0.84919,0.84372,0.8201299999999999,0.8023899999999999,0.81106,nan,0.77418,nan,0.7669,0.76148,0.75044,0.73625,nan,0.72564,0.7098,0.7035,nan,nan,0.66062,0.6592600000000001,0.65709,0.64953,0.63788,0.61837,0.61393,0.61226,0.5966600000000001,nan,0.58941,0.57533,nan,0.55798,0.56625,nan,nan,0.53686,0.53571,nan,0.48663,nan,0.46833,0.45721999999999996,0.45847,0.43423,0.413,nan,0.4186,0.40442,0.40637,0.39011,0.37390999999999996,0.37909,0.37076,0.34981,nan,0.33521,nan,nan,nan,0.28717,0.28664,0.27262,0.26066999999999996,nan,nan,0.26975,0.25935,0.23210999999999998,0.2086,nan,nan,0.20376,0.18413,0.15913,0.16126,0.15653,0.15141,0.15138,nan,0.11137000000000001,0.10007,0.098753,nan,0.090107,0.090025,0.085661,0.065015,0.05218,0.05437,0.044242000000000004,nan,0.024778,0.017547999999999998,0.009951,-0.015262000000000001,nan,nan,-0.039314999999999996,-0.022012999999999998,-0.028888,-0.065216,-0.057387,-0.063416,-0.074073,-0.075352,-0.099334,-0.096093,-0.093501,nan,-0.12830999999999998,-0.13027,-0.11679,-0.12800999999999998,-0.15677,-0.15537,-0.15804,-0.16735999999999998,-0.17527,-0.18188,-0.17765999999999998,-0.19605999999999998,-0.20919000000000001,-0.1999,-0.21283000000000002,-0.22229000000000002,-0.21166999999999997,nan,-0.23568000000000003,-0.2387,-0.26169000000000003,-0.28443,-0.27194,-0.25998000000000004,-0.27719,-0.29627,-0.29843000000000003,-0.29803,nan,-0.30726,-0.3096,-0.32663000000000003,nan,-0.33065,-0.33936,-0.34364,nan,-0.34625,nan,nan,-0.37906,-0.38341,nan,-0.36946,-0.37169,-0.37876,-0.38222,-0.39748,nan,nan,-0.40889000000000003,nan,-0.41485,-0.41689,nan,nan,-0.4433,-0.44532,-0.45998,-0.46048999999999995,-0.46688,nan,-0.48073,-0.4794,-0.47796000000000005,nan,-0.48863,-0.48044,-0.48391000000000006,-0.48783999999999994,-0.4894,-0.49761000000000005,-0.49526000000000003,-0.50574,-0.51523,-0.49798000000000003,-0.4929,-0.51264,-0.53082,-0.5330199999999999,nan,-0.52889,-0.53706,nan,-0.54382,-0.5331600000000001,-0.54068,-0.55603,nan,-0.56844,-0.56994,-0.5683199999999999,-0.57007,nan,nan,-0.5948399999999999,nan,-0.58915,-0.59631,-0.59664,-0.59825,-0.60715,-0.60722,-0.59667,-0.60305,-0.6171300000000001,-0.61585,-0.61315,-0.61644,-0.61087,nan,-0.61316,-0.6170399999999999,nan,-0.61756,-0.62505,nan,-0.62126,-0.63637,-0.63366,-0.6318600000000001,-0.63522,-0.62976,-0.6356,-0.64267,-0.6332399999999999,-0.63743,-0.63973,-0.6343300000000001,-0.6471399999999999,-0.64852,nan,nan,-0.6421399999999999,-0.64907,-0.66833,-0.65252,-0.63383,-0.65428,-0.65476,-0.63643,-0.6431600000000001,nan,-0.65203,nan,-0.64248,-0.65117,nan,-0.64154,-0.65488,nan,-0.65359,-0.64266,-0.64445,-0.66293,nan,-0.63915,-0.633,-0.64368,-0.64273,-0.63452,-0.63117,-0.63515,-0.64262,-0.64244,-0.63684,-0.62746,-0.62515,-0.64107,nan,-0.6140100000000001,-0.60754,nan,nan,nan,-0.63185,-0.6194,-0.60393,nan,-0.6180100000000001,-0.5956199999999999,-0.61568,nan,-0.61829,-0.62149,-0.60439,nan,nan,-0.60623,-0.61652,-0.6075699999999999,-0.58836,-0.59278,-0.59546,nan,-0.5887399999999999,-0.57763,-0.5648,-0.57158,-0.579,-0.57834,-0.58022,-0.59121,-0.5886600000000001,-0.55286,nan,-0.52322,-0.5032,-0.49394,nan,-0.54476,nan,-0.5616,-0.56145,-0.5627,-0.55481,-0.54337,-0.55213,-0.5394800000000001,-0.53479,-0.5418,nan,-0.5009,-0.48778,-0.47898,-0.48923,-0.4892,nan,-0.48628000000000005,-0.47903,-0.47943,-0.48158999999999996,-0.47436999999999996,-0.46952,-0.46246000000000004,-0.44038,-0.42641,-0.42346000000000006,-0.41539,-0.40817,-0.40759,-0.40479,-0.3962,nan,nan,nan,nan,-0.3895,-0.37504,nan,-0.35198,-0.36571,-0.37259000000000003,-0.35074,-0.34087,-0.34401,-0.34476,-0.34029,-0.31469,-0.31135999999999997,-0.3273,-0.31867,-0.31717,-0.30951999999999996,-0.29791,-0.3082,-0.29783000000000004,nan,-0.28265,-0.28104,-0.27883,nan,-0.2992,-0.29896999999999996,-0.29972,-0.2857,nan,-0.29564,nan,-0.30893000000000004,-0.3051,-0.31017,-0.30635999999999997,-0.29803,-0.30768,nan,-0.29096,nan,-0.28409,-0.28626999999999997,-0.30189,nan,-0.30506,-0.31858000000000003,-0.3343,-0.3442,-0.33592,-0.33275,-0.33539,nan,-0.33542,-0.335,-0.33326999999999996,-0.33651,-0.34536,-0.34521999999999997,nan,-0.35347,-0.36130999999999996,-0.34489000000000003,-0.33408000000000004,-0.33797,-0.34758,-0.35364,-0.35269,-0.35903,nan,-0.3634,-0.37108,nan,-0.37085999999999997,-0.36821,-0.36296999999999996,-0.36877,-0.37248000000000003,-0.36693000000000003,-0.36207,-0.36927,-0.3864,-0.38284,-0.36691999999999997,-0.37168,-0.3797,-0.37509000000000003,-0.36806,-0.37185,-0.3721,-0.36629,-0.37990999999999997,-0.38859,nan,-0.39215,-0.40002,-0.38088,-0.38195,-0.40454,-0.40954,nan,-0.40757,-0.3999,-0.39511999999999997,-0.40410999999999997,-0.40713,-0.40863,-0.41488,-0.41525,-0.41798,-0.42606000000000005,nan,-0.41067,-0.42567,-0.43478999999999995,-0.43525,-0.44218999999999997,-0.44243000000000005,-0.44628,-0.45248999999999995,-0.45043999999999995,-0.46921,-0.48095,-0.4693,-0.47953999999999997,-0.49381,nan,-0.45631000000000005,-0.48448,-0.51564,-0.44553999999999994,nan
4.0,4.3285e-05,-0.28843,-0.15541,-0.14670999999999998,-0.2531,nan,-0.19835,nan,-0.15771,-0.20367000000000002,-0.22203,nan,-0.22077,-0.21256,-0.2069,-0.22008000000000003,-0.22116,-0.21777,nan,-0.22130999999999998,-0.23689000000000002,-0.25319,nan,-0.23571,-0.2567,-0.25269,-0.24541999999999997,-0.26229,-0.2717,nan,-0.28709,-0.28935,-0.32001999999999997,-0.34594,-0.3271,-0.33229000000000003,-0.35464,-0.33147,-0.33487,nan,-0.34231,-0.35681999999999997,-0.37041999999999997,-0.36568,-0.3687,-0.35418,nan,-0.38545,-0.38155,-0.37838,-0.3825,-0.37690999999999997,nan,-0.39408000000000004,-0.3862,nan,-0.39834,-0.39884000000000003,-0.36935999999999997,-0.37206999999999996,-0.37927,-0.36777,nan,-0.39721,-0.3944,-0.4091,-0.40166999999999997,-0.38431,-0.40279,-0.42216000000000004,-0.40967,-0.41497,-0.44333999999999996,-0.44851,nan,-0.46473000000000003,-0.47155,-0.46175,-0.47089,nan,-0.48423,-0.47168000000000004,nan,nan,-0.47358999999999996,-0.46237,-0.47518,-0.46196000000000004,-0.47448999999999997,nan,-0.49001000000000006,-0.46981000000000006,-0.48802,-0.5020600000000001,-0.48844,-0.48147,-0.50739,-0.50997,-0.50317,-0.52366,nan,-0.52909,-0.54313,-0.54245,-0.5344899999999999,-0.51527,-0.51973,nan,nan,-0.5373899999999999,-0.556,-0.5558,-0.57706,nan,-0.5718,nan,-0.5848800000000001,-0.59053,-0.61132,nan,-0.59038,-0.6006199999999999,-0.58615,nan,-0.63393,nan,-0.6259899999999999,-0.65198,-0.65074,-0.6388199999999999,-0.62733,-0.62438,-0.6597,-0.68091,-0.65663,-0.65196,-0.69021,nan,-0.6906100000000001,-0.69122,-0.7037899999999999,-0.71124,-0.72436,-0.72763,-0.73128,nan,nan,-0.74459,nan,nan,-0.7270800000000001,-0.7501,-0.73973,nan,-0.76456,nan,-0.75453,-0.757,-0.75148,nan,-0.76477,-0.7573,-0.77779,-0.77252,-0.74837,-0.75753,-0.75748,-0.75073,nan,-0.75556,nan,-0.75844,-0.74797,-0.76053,-0.78396,nan,-0.75763,-0.7679600000000001,-0.7457699999999999,-0.7461800000000001,-0.76213,-0.7719199999999999,-0.78446,-0.77236,-0.76622,nan,nan,-0.78191,-0.7729699999999999,-0.7720600000000001,-0.79951,-0.8005399999999999,-0.7787,-0.7623300000000001,nan,-0.79535,-0.7885800000000001,-0.78104,-0.8004100000000001,nan,-0.78103,-0.78646,-0.77662,-0.7568199999999999,nan,-0.76097,-0.7567699999999999,nan,-0.75607,nan,-0.8044899999999999,-0.79715,-0.78169,-0.78888,-0.79792,-0.79695,-0.79456,nan,-0.8054,-0.79624,-0.79694,-0.79471,-0.79691,nan,-0.7959999999999999,-0.81647,-0.81722,-0.81123,-0.83694,-0.83311,nan,-0.81866,-0.8382200000000001,-0.81501,-0.8109999999999999,-0.8238200000000001,nan,-0.8146,nan,nan,-0.81347,-0.84705,nan,nan,-0.84145,-0.84055,-0.81804,-0.83483,-0.8498899999999999,nan,-0.84273,-0.85031,-0.82688,-0.81204,nan,-0.8422200000000001,nan,-0.83893,-0.85429,-0.8217399999999999,-0.81526,-0.85349,nan,-0.8195,-0.82668,-0.83831,-0.84883,-0.8521799999999999,-0.8425799999999999,-0.83567,-0.8370700000000001,-0.83609,-0.8336100000000001,-0.83781,nan,-0.8610899999999999,nan,-0.8453200000000001,-0.85214,-0.86418,nan,-0.8524,-0.86529,-0.8522299999999999,-0.8528600000000001,-0.86826,-0.8781899999999999,-0.8886700000000001,-0.88928,-0.8891899999999999,-0.8891,nan,-0.8810600000000001,-0.8933,nan,-0.9023700000000001,-0.9144200000000001,-0.8738299999999999,-0.8708600000000001,-0.9053100000000001,-0.87369,-0.8659,-0.89661,-0.8912899999999999,nan,-0.8962899999999999,-0.9074200000000001,-0.91863,-0.90607,-0.90933,-0.94326,-0.9403799999999999,-0.917,-0.93491,-0.9380299999999999,-0.93074,-0.9441200000000001,-0.93176,-0.9335399999999999,-0.9427700000000001,-0.9437399999999999,-0.9681799999999999,-0.95125,-0.92832,-0.9589799999999999,-0.96039,nan,nan,-0.95914,-0.96947,-0.96644,nan,-0.9979299999999999,-0.9757299999999999,nan,-0.9711799999999999,-0.9715,-0.97245,nan,-0.9588399999999999,-0.9732299999999999,-0.9830899999999999,-0.9950700000000001,nan,nan,-0.9985,-0.98695,-0.98288,-1.0026,-1.0126,-1.0015,nan,-0.9854799999999999,-0.9989,-1.0064,-1.023,-1.0142,-0.99725,-1.0090000000000001,-1.0046,-0.99054,nan,-0.99865,-0.9992,-1.0227,-1.0189,-0.9985,-1.0136,-1.0287,-1.0204,-1.0128,-0.99808,-0.9994200000000001,nan,nan,nan,-1.0328,-1.0165,nan,-1.0008,-0.9877,nan,-1.0238,nan,nan,-1.0178,-1.0248,-1.0144,-0.98561,-0.9877600000000001,nan,-0.98482,-1.0007,-1.0149,-1.0065,-0.99889,-0.9831200000000001,-0.99282,-1.0159,-1.011,-0.99672,-1.0024,nan,-1.0105,-0.9987799999999999,-0.9938600000000001,-0.9969,-0.9967600000000001,nan,-0.99856,-0.98787,-0.985,-1.0101,-1.0092,nan,-0.978,-1.0122,-0.99387,-0.97121,-0.9911200000000001,-0.99826,-0.97398,-0.97244,-0.98625,-0.9834,-0.97178,-0.96973,-0.9664200000000001,-0.9565899999999999,-0.966,-1.0004,-1.0024,-0.96372,nan,-1.006,-0.99493,-0.96691,-0.9834200000000001,nan,-0.97452,-0.98746,-0.9730200000000001,nan,-0.95145,-0.96747,-0.94439,-0.9628399999999999,-0.9718100000000001,-0.9444899999999999,-0.9457899999999999,-0.95639,-0.9564299999999999,-0.9552200000000001,-0.95762,-0.9472700000000001,-0.92737,nan,-0.94245,-0.9432799999999999,nan,-0.93671,-0.9169299999999999,nan,nan,-0.92496,-0.9506399999999999,-0.93029,-0.87771,-0.89602,-0.9157299999999999,-0.8732200000000001,-0.8380700000000001,-0.8390299999999999,-0.8608100000000001,nan,-0.9046299999999999,nan,-0.90304,-0.8837299999999999,-0.8528700000000001,-0.84796,-0.8469899999999999,-0.85309,-0.86541,-0.85125,-0.8550200000000001,-0.8610899999999999,nan,-0.82362,-0.81493,-0.80843,-0.8116899999999999,-0.79918,-0.79346,-0.794,-0.78246,-0.7802399999999999,-0.79295,-0.79202,nan,-0.77161,-0.75729,nan,-0.7548600000000001,nan,-0.76576,nan,nan,nan,-0.72955,-0.7341,-0.7420800000000001,nan,-0.72659,-0.73123,-0.7228,-0.7014199999999999,nan,nan,-0.7145699999999999,-0.7007800000000001,-0.69997,nan,-0.68989,-0.67411,-0.66472,-0.64881,-0.6489,nan,-0.64791,nan,-0.65868,-0.6311100000000001,-0.63767,-0.62536,-0.62436,-0.63675,-0.62311,-0.6176699999999999,-0.6329100000000001,nan,-0.60734,-0.5946,-0.59196,nan,-0.55683,-0.58007,-0.5779,-0.56025,-0.57293,-0.58391,-0.5716,nan,-0.54891,-0.52952,-0.52595,nan,-0.5300699999999999,-0.54311,-0.53179,-0.51884,-0.5102399999999999,-0.50252,-0.5017699999999999,nan,-0.48163,-0.47416,nan,nan,nan,-0.44615,-0.46985,-0.48236,-0.46066999999999997,-0.46453,-0.46462,-0.43696,-0.43875,-0.44668,nan,nan,-0.42126,-0.40526,-0.42251000000000005,-0.41605,nan,-0.40185,-0.40758,nan,-0.36701,-0.38661,-0.37868,-0.36721,-0.36825,-0.35979,-0.35284,-0.35409,nan,nan,-0.34924,nan,nan,-0.33214,nan,nan,nan,-0.33121,-0.32309,-0.31439,-0.32095,-0.3365,-0.30963,-0.28849,-0.30979,-0.31418,-0.31388,-0.31114,-0.28915,-0.29456,nan,nan,-0.28611,-0.29363,-0.2714,-0.2576,-0.26111999999999996,-0.26092,-0.25564000000000003,-0.26350999999999997,-0.2752,-0.26393,-0.25013,-0.2432,nan,-0.24894000000000002,-0.23331,-0.23884,-0.2454,nan,nan,-0.21400999999999998,-0.20648000000000002,-0.20825,-0.19203,-0.20307999999999998,-0.21946,-0.19532,-0.19559,-0.21429,-0.19918,nan,nan,-0.17426,-0.16824,-0.18157,-0.15972999999999998,-0.14481,nan,-0.16783,-0.16771,nan,-0.14918,-0.15462,nan,-0.16333,-0.13501,-0.12787,-0.15217999999999998,-0.1468,-0.13138,-0.14347000000000001,-0.1542,-0.14355,-0.12943,nan,-0.14088,-0.15312,-0.14365,-0.13790999999999998,-0.14005,-0.13706,nan,nan,-0.13952,-0.14079,-0.12214000000000001,-0.10890999999999999,-0.11312,-0.10145,nan,-0.1226,-0.12308,-0.11433,-0.11304000000000002,-0.10683,nan,-0.087289,-0.073754,-0.069767,nan,-0.073374,-0.081923,-0.09185399999999999,-0.1037,-0.11413,-0.10359000000000002,-0.082052,nan,-0.060946,-0.071158,-0.071551,-0.071108,-0.071517,nan,-0.07496699999999999,-0.058386,-0.045064,-0.059992,nan,-0.031305,-0.035782999999999995,-0.047369,-0.035136,-0.028661000000000002,-0.032479,-0.033005,nan,-0.00030217,0.009029299999999999,-0.008982899999999999,-0.018977,-0.010323,nan,nan,-0.018088,-0.01847,-0.014444,-0.0022879000000000003,0.006988600000000001,-0.0011007,-0.0061611,nan,-0.019357,-0.014153,0.017203,0.041018,0.033374,nan,0.0048571000000000005,0.011533,0.0057182,-0.0056278,0.0020833,0.010860999999999999,0.0071074,nan,nan,0.009787100000000002,-0.006787100000000001,0.004981800000000001,0.019387,nan,0.019042,0.006899,nan,0.028454000000000004,0.015728,nan,-0.0089587,0.0042303,nan,0.0067515,0.018185,nan,0.036737,0.017654,-0.0052826999999999995,0.003242,0.009142200000000001,0.0081369,0.009455400000000001,-0.011732,-0.010888,0.010928,0.007606900000000001,0.0079783,0.004159,-0.0058203000000000005,nan,0.041343,0.014182,-0.0075696,nan,0.011831999999999999,0.0033113,0.013805000000000001,0.004901600000000001,-0.017928,nan,0.009427600000000001,nan,-0.0082221,-0.0014738,nan,-0.0046619,-0.0052658,nan,nan,-0.013721,nan,0.0010042,nan,-0.035991,-0.0081239,0.0050542,-0.027973,-0.024091,-0.0072307000000000005,-0.02458,nan,-0.047417,nan,nan,nan,-0.067261,-0.088586,-0.09876900000000001,-0.10051,-0.092771,-0.085177,-0.09775299999999999,-0.11809000000000001,-0.13065,-0.14119,-0.14095,-0.12616,-0.12880999999999998,nan,nan,-0.16507,nan,nan,-0.184,-0.20768000000000003,-0.18879,-0.1795,nan,-0.20449,-0.21541,-0.21841,-0.22255999999999998,nan,-0.25533,-0.26489,-0.27424,-0.2742,-0.28904,-0.30921,-0.31171,-0.30151999999999995,-0.30238000000000004,-0.3382,-0.35131,-0.34238,-0.35093,nan,-0.35999000000000003,-0.38254,-0.37967,-0.39518000000000003,-0.40798,-0.3933,-0.40399999999999997,nan,nan,-0.44198000000000004,nan,-0.46503,-0.46292,-0.47553,-0.47515,-0.49046999999999996,-0.50836,-0.4955,-0.5032,nan,-0.5373899999999999,-0.5227,-0.52942,-0.5290100000000001,-0.52737,-0.55307,-0.56942,-0.55658,-0.5594100000000001,-0.57121,-0.5685100000000001,-0.5793699999999999,-0.6016,nan,-0.62739,-0.64878,-0.64,-0.63748,nan,-0.6913600000000001,-0.67591,-0.68124,-0.68911,-0.69142,-0.70053,-0.69718,nan,-0.73078,-0.71712,-0.7257100000000001,-0.75051,-0.75634,-0.75678,-0.74443,-0.7468600000000001,-0.77518,nan,nan,-0.80565,-0.80037,-0.8361,-0.8307200000000001,-0.82,-0.8661700000000001,-0.8919600000000001,nan,-0.87249,-0.8933,-0.8913399999999999,-0.89825,nan,-0.91845,-0.93225,-0.94204,nan,-0.9599700000000001,-0.9558700000000001,-0.95462,-0.9829200000000001,-1.0002,-0.9960700000000001,-0.9980899999999999,-0.98765,-0.98083,-1.0036,-1.0129,-0.9957600000000001,-1.0070000000000001,-1.0286,-1.0403,-1.0582,-1.0659,nan,-1.0806,-1.0819,-1.0629,-1.0706,nan,nan,-1.0935,-1.1116,-1.1176,-1.1175,-1.1268,-1.1299,nan,-1.1569,-1.1708,-1.1664,-1.1748,nan,-1.1828,-1.1879,-1.1762,nan,-1.1679,-1.1697,nan,-1.1861,-1.1729,-1.176,nan,-1.1858,nan,-1.1725,-1.1717,-1.1688,-1.1695,nan,-1.1767,nan,-1.1864,-1.1636,-1.1640000000000001,-1.1868,-1.1734,nan,-1.1821,-1.1652,-1.1735,-1.1728,-1.1721,-1.1917,-1.1826,-1.1574,-1.1743,-1.1796,-1.1545,-1.1568,nan,-1.1081,-1.1088,-1.1325,-1.1136,-1.0935,nan,-1.0668,-1.0497,-1.0471,-1.0303,nan,-1.0279,-1.0053,-0.9971200000000001,-1.0123,nan,-0.96621,-0.97301,-0.95283,-0.9393100000000001,nan,-0.9214600000000001,nan,-0.8909799999999999,-0.8611200000000001,nan,-0.8580399999999999,-0.80118,-0.7871199999999999,-0.799,-0.77165,-0.74511,-0.71919,-0.71325,-0.71233,-0.70285,-0.6928300000000001,-0.6774,nan,-0.6582899999999999,-0.59428,-0.56274,-0.5707300000000001,-0.5494399999999999,-0.51804,-0.51312,-0.51122,nan,-0.47778000000000004,nan,-0.39226,-0.35889,-0.34276,-0.33154,nan,-0.27126,-0.22075999999999998,nan,-0.17964000000000002,-0.17474,-0.15184,-0.12189000000000001,-0.075312,-0.026187000000000002,-0.01956,-0.002815,0.06539600000000001,0.097663,0.10747000000000001,0.16045,0.20112,nan,0.25843,0.29843000000000003,0.34588,0.36357,0.37973,0.43512,0.49083000000000004,0.53298,0.57118,nan,0.6378199999999999,0.68645,0.71533,nan,0.82209,0.8886200000000001,0.91494,0.9374600000000001,0.97845,1.0278,1.0862,nan,1.1722,1.1949,1.2508,1.3093,1.3591,1.4147,nan,nan,1.5228,nan,1.6128,1.6813,nan,1.7154,1.767,1.8255,nan,1.8953,1.9782,2.0166,nan,2.1021,2.154,2.1806,2.2362,2.2962,2.3269,nan,2.4203,2.4473,nan,nan,2.6013,2.6092,2.6479,2.693,2.7352,2.8013,nan,2.8278,2.8575,2.9101,2.9488,3.0043,3.0278,3.0247,3.0485,3.0460000000000003,nan,nan,nan,3.0983,3.1229,3.1274,3.1180000000000003,3.1515,3.1487,3.1261,nan,nan,3.1272,3.1163,3.0754,3.0998,3.0891,3.0491,3.0518,3.0405,nan,3.0231,3.0042,2.9723,nan,2.9081,2.8864,2.8769,nan,2.8516,nan,nan,2.8259,nan,2.7993,2.7666,2.7438,2.7409,nan,2.7272,nan,2.7045,nan,2.6646,2.6657,2.6332,2.6515,2.6335,2.5683,2.6117,2.6385,2.5991,2.6084,2.6042,2.5813,2.5818,2.5661,2.5438,2.5415,2.537,2.5106,2.4887,2.495,2.5026,2.4833,2.4613,2.4674,nan,2.4541,2.4349,nan,2.4121,2.428,2.4228,2.3456,2.3327,2.3788,2.3664,2.3506,2.3599,nan,2.3267,2.3277,2.3207,2.309,2.298,2.2866,nan,2.2756,2.24,2.2211,2.2131,2.1981,2.1929,2.193,2.1838,2.1694,2.1481,2.1644,nan,2.0643,2.0485,nan,nan,nan,2.0816,2.0416,nan,2.0469999999999997,2.0380000000000003,2.0151,1.9944,1.9779,nan,2.0066,1.9936,1.9713,1.9561,1.9298,1.9113,1.9128,nan,1.8954,1.8834,1.8708,1.8784,nan,1.8165,1.8345,1.8568,1.8304,1.818,1.8106,1.7728,1.7675,1.7755,1.7530000000000001,1.7499,1.7459,1.7383,nan,1.7542,nan,1.6963,1.6968,1.6967,1.6966,1.6721,1.6429,1.6515,nan,1.6523,1.6425,1.6323,1.6234,1.6099,1.6024,1.6042,1.5806,1.5509,1.5498,1.5384,1.5114,1.52,nan,1.5108,1.4933,1.5016,1.4896,1.4811,nan,nan,1.4279,1.4154,1.4171,1.4099,1.3984,1.4036,1.4169,1.4005,nan,1.3728,1.3721,1.3911,1.3726,1.3478,nan,1.3746,1.3462,1.3319,1.308,1.2837,nan,1.2770000000000001,nan,1.2801,nan,1.2654,nan,1.2196,1.207,1.1926,1.19,nan,1.1986,1.1879,1.1849,1.161,1.1787,1.183,1.1355,1.1198,1.1176,1.0913,1.103,nan,nan,1.1017,1.1092,1.0915,1.07,nan,1.0681,1.0667,1.0673,1.0633,1.0434,1.0238,1.0151,1.0042,nan,1.0168,1.0151,0.99361,nan,0.98641,0.97282,nan,0.94431,0.9484899999999999,0.94547,0.93501,nan,0.95263,0.94411,0.9117200000000001,0.90022,nan,nan,0.91979,0.91248,0.8997,0.8931899999999999,0.91406,nan,0.9109999999999999,0.87495,0.8781700000000001,0.87298,0.85785,0.8506799999999999,nan,0.84898,0.81393,0.8015100000000001,0.8252799999999999,nan,0.78241,0.79378,nan,nan,0.76875,0.77437,0.7538699999999999,0.7419100000000001,0.76223,0.7419600000000001,0.7186899999999999,0.74217,nan,0.72928,0.73256,0.71875,0.70848,0.6987399999999999,0.6904899999999999,0.69009,0.6903,0.6963699999999999,0.68245,nan,0.64812,nan,0.64557,0.63708,0.63821,0.6358,nan,0.65085,0.63942,0.6239600000000001,nan,0.58501,0.5968100000000001,nan,0.58315,nan,0.56976,0.56938,0.56921,0.55261,0.5432600000000001,nan,0.54369,0.54847,0.55777,0.5494899999999999,0.53217,nan,0.51175,0.48913999999999996,0.5123,0.50945,0.49013,0.50343,0.48918999999999996,0.47586999999999996,0.49498000000000003,0.47853999999999997,0.45155,0.45441000000000004,nan,0.42238000000000003,0.43318999999999996,nan,0.43856999999999996,0.44927,0.45235,0.4425,nan,0.43668,0.42791,0.40961000000000003,0.42062,0.43782,0.42585,0.41423999999999994,0.40755,0.41303,0.42356000000000005,0.3995,0.37111,0.37371,0.39405,0.41326999999999997,0.38928,nan,0.34169,0.36645,0.37289,0.36896999999999996,0.35389,nan,0.32509,0.30898000000000003,0.30357,0.31665,0.30625,nan,0.31344,0.2781,0.2849,0.32156999999999997,0.3102,0.28859,0.29141,0.27954,0.26034,0.27366999999999997,0.28406,0.25143000000000004,0.23526999999999998,0.23394,nan,0.21368,0.22579000000000002,0.22063000000000002,0.22216,nan,nan,nan,0.22088000000000002,0.21547,0.20643000000000003,0.19232,0.19241,0.22248,0.20273,0.16225,0.16663,nan,0.17472000000000001,0.18183,0.15432,0.13965999999999998,nan,0.17115,0.1532,nan,0.13001,0.1254,0.11342999999999999,0.11452999999999999,0.11027,nan,0.087326,nan,0.099628,0.10169,nan,0.086613,0.095506,0.076463,0.08216,0.10125,0.073567,0.054999,0.065086,0.059687,0.05155,0.038419,nan,nan,0.036653,0.037735000000000005,0.028148000000000003,0.0053019,0.006489699999999999,0.008920299999999999,0.010269,0.0053413,-0.006461799999999999,nan,-0.013030000000000002,-0.015586000000000001,-0.0067017,-0.025997000000000003,nan,-0.0013790999999999999,-0.019836000000000003,-0.032984,-0.027273000000000002,-0.035021,nan,nan,-0.032945,-0.045709,-0.031358,-0.03986,-0.066357,-0.06955800000000001,nan,nan,-0.08354099999999999,-0.087745,-0.082022,-0.07199,-0.091947,-0.095153,-0.08466699999999999,nan,nan,-0.10107000000000001,-0.11688,-0.11417999999999999,-0.099593,-0.10372999999999999,-0.1157,-0.11335,-0.11027,-0.12295999999999999,-0.1199,-0.11398,-0.12425,-0.12468,-0.1283,-0.1401,-0.12819,-0.12538,-0.15713,-0.16380999999999998,nan,nan,-0.15452,-0.13577999999999998,-0.14069,-0.12108,-0.10397,-0.12027,-0.14097,-0.14131,-0.13341,-0.1437,-0.13729,-0.11235999999999999,-0.13577999999999998,-0.15184,-0.12052,nan,-0.12255,-0.12637,-0.14365999999999998,-0.15434,nan,-0.14240999999999998,-0.15335,-0.14110999999999999,-0.14177,nan,-0.15693,nan,-0.1528,nan,-0.12564,nan,-0.11875,-0.11125,-0.13402,-0.13912,-0.12833,-0.11367000000000001,-0.11562,-0.12667,-0.12633,-0.11985,-0.09776900000000001,-0.085356,-0.099255,-0.10809,-0.11997999999999999,-0.12325,nan,-0.12078,nan,-0.12577,-0.14090999999999998,-0.13291,-0.10745,-0.12504,-0.15475,-0.14302,-0.13415,nan,-0.13964000000000001,-0.15067,nan,-0.11978,-0.11665999999999999,-0.1391,-0.13563,-0.15136,nan,nan,-0.14345,-0.1593,-0.14665999999999998,nan,nan,nan,-0.14212,-0.15444000000000002,-0.15362,-0.15067,-0.15259,-0.15352000000000002,-0.15329,-0.14573,nan,nan,-0.16629000000000002,-0.1518,-0.12878,-0.14472000000000002,nan,-0.13028,nan,-0.1597,-0.15505,-0.13477,-0.15165,-0.14514000000000002,-0.14112,-0.16645,nan,nan,-0.16675,nan,-0.14745,-0.19130999999999998,-0.16105999999999998,-0.14922,-0.16922,-0.15205,nan,-0.16483,-0.16388,nan,-0.14303,-0.15417999999999998,-0.14867,nan,-0.1611,-0.14077,-0.14764000000000002,-0.14997,-0.13455,-0.15575999999999998,-0.17072,nan,-0.14443,-0.16857,-0.15730999999999998,-0.14085,-0.13624,-0.14124,-0.15278,nan,-0.15558,-0.14865,-0.13854,nan,-0.17421,-0.14668,-0.15352000000000002,-0.16434,-0.16699,-0.16271,-0.15435,-0.17101,-0.18979000000000001,-0.16682,-0.15477,-0.18508,-0.19897,-0.18586,nan,-0.21831,-0.21566,-0.19301,nan,nan,nan,-0.17815,-0.18144000000000002,-0.19279000000000002,-0.20322,-0.20615999999999998,-0.20477,-0.19446,-0.17877,-0.19105,-0.20979,nan,nan,-0.20814000000000002,nan,-0.20865999999999998,-0.22027,-0.21069000000000002,-0.20459000000000002,-0.20606999999999998,-0.19460999999999998,-0.19028,-0.19172999999999998,-0.19326,-0.19422,nan,-0.18270999999999998,-0.19338,nan,-0.17507999999999999,-0.18582,-0.17243,-0.16832,nan,-0.2033,-0.18784,-0.19415,-0.18515,nan,-0.17053,-0.19663,-0.20834,nan,nan,nan,-0.18342,-0.18186,-0.1993,-0.18767999999999999,nan,-0.19180999999999998,nan,-0.18193,-0.19411,-0.18258,-0.18283,-0.19305,-0.18118,-0.17681,-0.18398,nan,-0.1833,-0.2052,-0.19699999999999998,-0.19849,nan,-0.19227,-0.20051,-0.15400999999999998,-0.21744000000000002,-0.23605,-0.15725,-0.3595
5.0,0.53777,0.44922,nan,0.48741999999999996,0.46386000000000005,0.43246,0.43841,0.42231,0.42663,0.44261000000000006,0.4353,0.42583000000000004,0.41977,nan,0.39655,0.3957,0.39346,0.3835,nan,0.37906,0.37059000000000003,0.36669,0.36604000000000003,nan,nan,0.36726,0.37944,0.37999,0.37935,0.37458,0.3548,0.33671999999999996,0.33674,0.33926,0.33732,nan,0.34066,0.35329,0.36062,nan,0.30944,0.32024,nan,0.30968,0.31966999999999995,0.32292,0.30885,0.30848000000000003,0.31261,0.30981,nan,0.30983,0.31058,nan,0.29912,0.27978000000000003,0.2802,0.2826,nan,nan,nan,0.26671,nan,0.28143,0.26431,0.26192,0.27917,0.27942,nan,0.24843,0.25328,0.25495,0.24741,0.23779,0.22838000000000003,0.22241,0.22584,nan,0.21733000000000002,0.21019000000000002,0.21220999999999998,0.20346,0.19651,nan,nan,0.22033000000000003,0.19899999999999998,0.19691,0.19414,0.17519,0.16171,0.17178,0.18383,0.17638,0.16793,nan,nan,nan,nan,0.15435,0.15462,0.15600999999999998,0.14628,0.13947,0.14126,0.13161,0.12782000000000002,0.1389,0.13413,0.12688,0.13781,0.13651,0.12542,0.13549,0.14631,0.13624,0.12705,0.12762,0.12657000000000002,0.13485,0.15775,nan,nan,0.16621,0.14765999999999999,0.12743,0.13417,nan,0.12717,0.13779,nan,0.14505,0.12886,0.14836,0.16898,0.15439,0.1374,0.13946,0.13374,0.12667,0.13714,nan,nan,0.12832000000000002,0.12545,0.15037999999999999,0.17029,0.1443,0.12600999999999998,0.13843,0.13274,0.12971,nan,0.15018,0.13992000000000002,0.16366,0.17439000000000002,0.14165999999999998,0.12465,0.14555,0.1536,0.14049,nan,nan,nan,nan,nan,nan,0.16385999999999998,0.15001,0.15166,0.16864,0.16334,0.14092000000000002,0.14256,nan,0.16845,nan,0.14959,0.13953,0.14448,0.16252,0.18109,0.18762,nan,nan,0.20109000000000002,nan,0.21054,0.20905,0.2136,0.22333000000000003,0.23614000000000002,0.24175,0.25064000000000003,0.26682,0.26293,0.25179,0.2685,0.28768,0.28187,0.27057,0.26811999999999997,nan,0.29633000000000004,0.29172,0.28086,0.29112,0.29595,0.28158,0.27789,0.28503,0.28119,0.2786,0.2842,nan,0.23972,0.25196,0.2804,nan,0.24008000000000002,nan,0.16310999999999998,0.13133,nan,0.18757000000000001,nan,nan,0.22321999999999997,0.22191,0.19552999999999998,nan,nan,0.16775,0.14756,0.14024,nan,nan,0.14944000000000002,0.13868,0.12993,0.12797999999999998,0.13906,nan,nan,0.13846,nan,nan,0.13902,0.14119,nan,0.13896,nan,nan,0.16747,0.14895,0.13539,0.13937,nan,0.15874000000000002,0.15269000000000002,0.14035999999999998,0.14612,0.15336,0.14399,0.14005,nan,nan,0.1115,nan,0.13255999999999998,nan,0.12779000000000001,0.15184,0.14812999999999998,0.12432,0.11442000000000001,nan,0.09574099999999999,0.078386,nan,0.056698,0.07974500000000001,nan,0.053235000000000005,0.052335,0.057451,0.037981,0.024678,0.036586,0.03966,nan,nan,0.012768999999999999,nan,0.007245399999999999,-0.0022945,-0.01096,-0.021224,nan,-0.040056,-0.050152999999999996,-0.058248,-0.057846,-0.054997000000000004,-0.058498,-0.067583,nan,-0.07020900000000001,-0.058004999999999994,-0.06035499999999999,nan,-0.082595,-0.095093,-0.1179,nan,-0.14962,-0.15867,-0.16698,-0.18288,-0.20194,-0.20303,-0.18472,nan,-0.17778,-0.19984000000000002,-0.21577,nan,-0.23593000000000003,-0.24101,-0.23883000000000001,nan,-0.27312,-0.2726,-0.26509,nan,-0.27251,-0.263,-0.27476999999999996,nan,-0.29148,-0.28454,-0.29469,-0.29801,-0.29904000000000003,-0.31927,-0.34003,nan,-0.31734,nan,-0.31781,-0.33931,-0.33466,-0.32509,-0.32629,nan,-0.3288,nan,nan,-0.34244,-0.34373000000000004,-0.32702,-0.33089,-0.35281999999999997,-0.3413,-0.32458000000000004,nan,nan,-0.32284,-0.33492,-0.35752,-0.34701,-0.32686,-0.33844,-0.35599000000000003,-0.34451,-0.33738,-0.36309,nan,-0.37378,-0.3686,-0.38074,-0.38652,-0.37917,nan,-0.37115,-0.38769000000000003,-0.38666999999999996,-0.36517,-0.37598000000000004,-0.39802,-0.37898000000000004,-0.36996,nan,-0.39983,-0.39725,-0.39915,-0.38354,-0.38841,-0.41129,-0.40216999999999997,-0.40054,-0.42356000000000005,nan,-0.41141000000000005,-0.42438000000000003,nan,-0.41231999999999996,-0.43638000000000005,-0.44797,-0.43103,-0.42423,-0.44126000000000004,-0.45588999999999996,-0.44283999999999996,-0.42199,-0.43138000000000004,-0.45308999999999994,-0.45502,-0.45283999999999996,nan,-0.4573,-0.47618999999999995,nan,-0.45982,-0.45588999999999996,nan,-0.45703999999999995,-0.45783,-0.48111000000000004,-0.47017,-0.44501999999999997,-0.45299999999999996,-0.4671,nan,-0.46843,-0.47803,-0.4786,-0.46958999999999995,-0.47153999999999996,-0.48613999999999996,-0.48311000000000004,-0.47256000000000004,-0.49257,nan,-0.49163,-0.47894,-0.49591999999999997,-0.5002300000000001,nan,-0.49637,-0.49993999999999994,-0.48808,-0.48221,-0.49093000000000003,-0.49357,-0.48267,-0.48393,-0.5052399999999999,-0.5116,-0.49705,nan,-0.5112899999999999,-0.5106,-0.50947,-0.51147,-0.5073300000000001,-0.51466,-0.52595,-0.52285,nan,-0.53901,-0.52869,-0.52408,nan,nan,nan,nan,nan,nan,-0.5826399999999999,-0.57752,-0.55347,-0.55374,-0.56709,-0.55609,-0.5386,nan,-0.55472,-0.55323,nan,-0.57062,-0.5673,-0.562,nan,-0.5821,-0.57122,-0.5626,-0.56802,nan,-0.56281,-0.5683199999999999,-0.5786100000000001,-0.57755,nan,-0.56252,-0.5725399999999999,-0.5823699999999999,-0.5816899999999999,nan,-0.56626,-0.55296,-0.55228,-0.55253,-0.54791,nan,-0.5826399999999999,-0.57301,-0.5599,-0.56884,-0.57935,-0.5776100000000001,-0.5656399999999999,nan,-0.55599,-0.56795,-0.55889,-0.54296,-0.55585,-0.57875,-0.57158,-0.55101,nan,nan,-0.5947899999999999,nan,nan,-0.58336,-0.59351,-0.58538,-0.5646,-0.56928,-0.60326,-0.60569,nan,nan,nan,-0.58845,-0.5685600000000001,-0.56767,-0.5755399999999999,nan,-0.6097899999999999,-0.5990300000000001,-0.5877,nan,-0.60727,-0.6046,-0.59187,-0.589,nan,-0.62363,nan,-0.60539,-0.60873,-0.59817,-0.58805,-0.59696,-0.60715,-0.60825,nan,-0.6086699999999999,-0.6073,-0.6090899999999999,-0.609,-0.60632,-0.61022,-0.62035,-0.62535,-0.62195,nan,-0.62567,-0.6210899999999999,-0.61968,-0.63522,-0.63363,-0.61044,nan,-0.65961,-0.65854,-0.63371,-0.64332,-0.6645300000000001,-0.65287,-0.6341,-0.63522,-0.64828,-0.67057,nan,nan,nan,-0.6775399999999999,-0.6662100000000001,-0.65137,-0.6642399999999999,-0.65632,nan,-0.67801,-0.66705,nan,-0.6745800000000001,-0.6815899999999999,-0.65782,-0.66064,-0.6815100000000001,nan,-0.65278,-0.66399,-0.68169,-0.66886,-0.66178,-0.68888,-0.69768,-0.67156,nan,nan,-0.66975,-0.66637,-0.6793,-0.67169,-0.66489,-0.67848,-0.67497,-0.66174,-0.67608,-0.69555,nan,-0.6671600000000001,-0.6678,-0.68392,nan,-0.6665,-0.66569,-0.66655,-0.6595,-0.67069,-0.68119,nan,-0.6526,-0.67719,-0.6873199999999999,-0.67183,-0.6652600000000001,-0.6733600000000001,-0.68055,-0.68075,-0.67205,-0.65986,-0.66399,-0.68598,-0.69055,nan,-0.6572399999999999,-0.67082,-0.68043,-0.6725399999999999,-0.6583,nan,-0.65928,-0.66565,-0.66591,nan,-0.6824899999999999,-0.68111,-0.67501,-0.6827300000000001,-0.6814899999999999,-0.6647,-0.6695,nan,-0.66811,nan,-0.6804600000000001,-0.67079,-0.66438,-0.68012,-0.6763600000000001,-0.6543100000000001,-0.65279,-0.66341,nan,-0.65328,-0.6587,nan,-0.6663100000000001,nan,-0.68325,-0.68106,-0.66692,nan,-0.6806800000000001,-0.6843,nan,nan,-0.67602,-0.67578,-0.66646,-0.67102,-0.6836800000000001,-0.68086,-0.67481,nan,-0.68069,-0.66399,-0.67065,-0.68077,-0.66722,-0.66794,-0.68086,-0.66955,-0.6651699999999999,-0.68109,-0.67406,-0.65603,-0.6671100000000001,-0.68897,-0.69082,-0.68029,-0.67713,-0.67798,nan,-0.64989,-0.65983,-0.68145,-0.6831,nan,-0.66586,-0.66378,nan,-0.6661600000000001,-0.6723600000000001,-0.68575,nan,-0.6542899999999999,nan,-0.66586,-0.6539699999999999,-0.65475,nan,nan,-0.6520699999999999,-0.667,-0.66677,-0.6650699999999999,-0.68209,-0.6851,-0.66692,-0.6673600000000001,nan,-0.69197,-0.67891,nan,-0.6818,-0.67933,-0.66869,nan,-0.65261,-0.6589,-0.67613,-0.69677,-0.69903,nan,-0.66477,-0.66452,-0.6625,-0.66704,-0.67805,nan,nan,nan,-0.68389,-0.6779,-0.6584899999999999,nan,-0.65693,-0.6876,-0.69285,-0.67711,-0.6666300000000001,-0.65877,-0.65172,-0.65896,-0.67567,-0.67878,nan,-0.65899,nan,-0.64762,nan,nan,-0.66823,nan,nan,-0.6541600000000001,-0.65347,-0.66719,-0.65858,-0.6366,-0.64107,-0.66114,-0.66687,-0.66474,-0.66487,-0.66365,-0.66595,-0.66704,-0.65183,-0.63525,-0.6450600000000001,-0.67067,-0.67885,nan,-0.66191,-0.66578,nan,-0.66433,-0.66406,-0.65441,-0.65125,-0.6709,-0.68172,nan,-0.6502899999999999,-0.6522399999999999,-0.64494,-0.6365,-0.64786,-0.66265,-0.66409,-0.6641,-0.66819,-0.66042,nan,nan,-0.6569,-0.65612,-0.63636,-0.64173,nan,-0.6396,-0.6414300000000001,nan,-0.6641199999999999,-0.6681600000000001,-0.6804600000000001,nan,-0.6511100000000001,-0.66393,-0.65996,-0.65003,-0.65298,-0.63786,nan,-0.6331,-0.65867,-0.6632100000000001,-0.65372,-0.64954,-0.65233,-0.65276,-0.65051,-0.653,-0.66366,-0.67092,-0.65673,-0.63849,-0.64968,-0.6683,-0.65577,-0.6412,-0.66172,-0.68047,-0.66406,nan,-0.65166,nan,-0.6672100000000001,-0.66687,-0.65789,-0.67384,nan,nan,-0.66047,-0.66537,-0.66403,-0.66764,nan,-0.67286,-0.65973,nan,-0.6474,-0.6572399999999999,-0.66656,-0.6470199999999999,-0.63576,-0.65158,-0.66193,nan,-0.66647,-0.65555,-0.65051,-0.65309,-0.64961,-0.65517,-0.66588,-0.66362,-0.66814,-0.6804899999999999,-0.6666300000000001,-0.64186,-0.65182,-0.6773,nan,-0.6534,-0.65942,-0.66268,-0.6533800000000001,-0.65808,-0.66643,-0.6663,-0.6664800000000001,-0.65875,-0.6532100000000001,-0.6622899999999999,nan,-0.6532600000000001,-0.66962,nan,-0.66651,-0.6693100000000001,-0.68337,-0.66655,-0.6382399999999999,-0.6422,-0.65341,nan,-0.65779,-0.6663600000000001,-0.6523800000000001,nan,-0.68101,-0.6723600000000001,-0.66013,-0.66642,-0.6586,-0.64577,-0.65365,-0.66333,-0.66319,-0.6664399999999999,nan,-0.65727,nan,-0.66176,-0.6633600000000001,nan,-0.67785,-0.67308,-0.6662899999999999,nan,nan,-0.66603,nan,nan,nan,-0.69099,-0.68901,-0.68055,nan,nan,-0.6926100000000001,nan,-0.72073,-0.7517699999999999,-0.7310800000000001,-0.71454,-0.7233,-0.73054,-0.7442300000000001,-0.75065,-0.7363,-0.74397,-0.76723,-0.76631,-0.76446,-0.76458,nan,-0.73645,-0.7701899999999999,-0.79302,-0.7806,-0.76454,-0.7697,-0.79185,nan,-0.79933,-0.77967,-0.77984,nan,nan,-0.79533,-0.8240200000000001,-0.8478899999999999,-0.84862,nan,-0.85125,-0.84815,-0.84454,-0.8615,-0.87979,-0.8781399999999999,nan,-0.8945299999999999,-0.89391,-0.89195,-0.9086,-0.9031899999999999,-0.8619600000000001,nan,-0.89243,nan,-0.9026,-0.90045,-0.91519,-0.91955,-0.91717,-0.93075,-0.95204,-0.95165,-0.9447,-0.9693799999999999,-1.0014,nan,-0.9903299999999999,-1.0008,-1.0087,-1.0043,-1.0119,-1.0351,-1.0483,-1.0466,nan,-1.0628,nan,nan,-1.0357,-1.0562,-1.0713,-1.0764,-1.0759,nan,-1.0937,-1.1137,-1.1272,-1.1329,-1.1321,-1.1396,-1.1683,-1.1892,-1.1754,-1.1563,nan,-1.1625,-1.1586,-1.1684,-1.2035,-1.2379,-1.246,-1.2467,-1.2638,-1.2741,nan,-1.2588,-1.2703,-1.2853,-1.3085,-1.3184,nan,-1.3061,-1.3279,-1.3238,-1.3153,-1.3272,nan,-1.3497,-1.3809,nan,-1.3966,-1.3872,-1.3881,-1.4071,-1.4276,nan,-1.4454,-1.4565,-1.4565,nan,nan,nan,-1.4848,-1.4858,-1.4924,-1.4993,nan,-1.5038,-1.5163,nan,-1.5012,-1.4981,-1.4999,nan,-1.5017,-1.5133,-1.518,nan,-1.5439,nan,nan,-1.5561,-1.558,-1.5558,-1.5582,-1.5509,nan,nan,-1.5738,-1.5722,nan,-1.6027,-1.5964,-1.6127,nan,-1.6027,-1.5989,nan,-1.6247,nan,nan,-1.629,nan,-1.6094,-1.6317,-1.6281,-1.6292,-1.6458,-1.6429,-1.6268,nan,-1.6278,-1.6299,-1.649,-1.6571,-1.6396,-1.6492,-1.6837,-1.6746,-1.6372,-1.6416,-1.6731,-1.6813,-1.6842,-1.6903,-1.6619,nan,nan,nan,-1.6569999999999998,-1.6699,-1.6854,nan,-1.6613,nan,-1.6713,-1.6443,nan,-1.6423,-1.6332,-1.6535,-1.6712,-1.646,nan,-1.6716,-1.6623,-1.6503,-1.6568,-1.6451,-1.6378,-1.642,-1.6224,-1.6056,nan,-1.6168,-1.6041,-1.6003,-1.6072,-1.6154,-1.6141,-1.6014,nan,-1.6002,-1.5927,-1.5659,nan,nan,-1.5199,nan,-1.5222,nan,-1.5126,-1.4964,-1.5074,nan,-1.5237,-1.492,-1.4713,nan,-1.4648,-1.4402,-1.4161,-1.4154,-1.4148,-1.4018,-1.3979,nan,nan,-1.3454,-1.3595,-1.3404,nan,-1.3018,-1.2990000000000002,-1.3063,-1.2993,-1.2586,nan,nan,-1.2229999999999999,-1.199,nan,-1.157,-1.1668,-1.1561,nan,-1.1201,-1.1144,-1.0716,nan,-1.0611,-1.0388,-1.0294,nan,-1.0013,-0.9775299999999999,nan,-0.94726,-0.9106299999999999,nan,-0.90909,nan,nan,-0.8412299999999999,-0.81493,-0.7679699999999999,nan,-0.71839,-0.72044,-0.69292,nan,-0.6199600000000001,nan,-0.59969,-0.59307,nan,nan,-0.47101000000000004,-0.44431000000000004,-0.41831999999999997,nan,-0.34160999999999997,-0.34567,-0.33441,-0.29446,-0.2592,-0.21511,-0.16534000000000001,-0.14001,nan,-0.058835000000000005,-0.067231,-0.041923,0.041005,nan,0.09414,0.1575,0.17581,0.17352,0.23512,0.29045,0.29722,0.32585,0.3808,0.41766000000000003,0.45423,0.50788,0.5433,0.5586800000000001,0.59162,0.63036,0.65708,0.69684,nan,0.79494,0.83799,0.8684200000000001,0.8960600000000001,0.94283,nan,1.0105,1.0526,1.1034,nan,1.1942,nan,1.2369,nan,1.3466,1.3809,1.3981,nan,1.4723,1.5331,nan,nan,nan,1.6958,1.7072,1.7364,1.8045,1.8478,1.8606,1.8939,1.9435,1.9695,nan,2.0275,2.0744,2.0976,2.1273,2.1731,2.1919999999999997,2.2005,2.2447,2.2858,2.2893,2.2988,nan,2.3449,nan,2.3642,nan,2.3468,2.3473,2.3466,2.3369999999999997,2.3588,2.3872,2.3719,2.3583,2.3724,2.3686,2.3561,2.36,2.353,nan,2.3707,nan,2.3716,2.3459,2.356,nan,2.3455,2.3639,nan,2.3466,2.3477,2.3667,nan,2.3476,2.3431,2.3317,2.3251,2.3373,2.332,2.2921,nan,nan,2.2633,2.2287,nan,2.2242,2.204,2.1765,2.1735,2.1761,2.1764,2.1798,2.1657,nan,nan,2.1589,2.1326,nan,2.1241,2.133,2.1329,2.1325,2.1328,nan,nan,nan,2.0997,2.0763,nan,nan,2.0735,2.0616,2.061,nan,2.0485,2.0474,2.0487,nan,nan,2.0449,2.0499,2.072,2.0683,2.0319,2.0151,2.0293,2.0338,2.0219,2.0225,nan,2.0372,2.0285,nan,nan,2.0028,nan,2.0067,2.003,2.006,2.0086,1.9947,1.9766,1.9756,1.9768,1.9614,1.9563,1.9797,1.9918,1.9714,1.9581,1.9637,1.9481,1.9183,nan,1.9479,1.9384,nan,1.9223,1.9083,1.8738,1.8705,1.8888,nan,nan,1.8613,1.8622,1.838,1.8472,1.8652,nan,1.8301,1.8364,1.8261,nan,nan,1.8031,1.7796,1.7816,nan,1.7862,1.7596,1.74,1.7338,nan,1.7072,nan,nan,1.7004,1.6929,1.6945,nan,1.6532,1.6532,1.6545,1.6409,1.6198,1.6002,1.5865,1.5804,1.5803,1.5868,nan,1.589,1.5546,1.5398,1.5619999999999998,1.5759999999999998,1.5638,1.5441,1.5276,1.5258,1.5274,1.5099,1.4956,1.4972,1.4954,1.4995,1.5013,1.4732,1.4548,1.4772,1.4865,1.4598,1.4421,1.433,1.4015,1.3826,1.3986,1.3897,nan,nan,1.4032,1.3903,nan,nan,1.3423,1.3396,1.341,1.3402,nan,nan,1.3446,1.3238,1.3109,1.3122,1.3178,nan,1.2872,1.2797,1.2875,1.2864,1.2694,1.2522,1.2433,1.2403,1.2456,nan,nan,nan,1.2278,1.2307,1.2245,1.2153,1.2168,1.2105,1.1885,nan,1.1904,1.1878,1.1731,1.1740000000000002,1.1731,1.1571,1.1644,1.1854,1.1724,nan,nan,nan,1.1212,nan,1.1476,1.1353,1.1155,1.1179,1.1079999999999999,1.088,1.0947,1.1003,1.0882,1.0867,1.087,1.0869,nan,nan,1.0448,1.0511,1.0603,1.0581,1.0711,nan,1.0446,1.0504,nan,1.0448,1.0335,1.0285,1.0168,1.0141,1.0193,nan,1.0006,0.9797399999999999,nan,1.0141,1.0095,0.9876299999999999,0.99497,1.0038,0.98774,nan,0.97314,nan,0.9824700000000001,0.9892700000000001,0.973,0.95741,nan,0.9874,0.98041,0.97034,nan,0.96752,0.9553200000000001,0.9601,0.9733200000000001,0.9673700000000001,0.94501,0.9396200000000001,nan,0.9448,0.9269799999999999,0.94625,0.9595899999999999,0.93647,nan,0.9602299999999999,0.9506,nan,0.9597,nan,0.9105700000000001,0.93266,0.95631,0.9631200000000001,0.9593299999999999,0.9409700000000001,0.92285,nan,0.9162100000000001,nan,0.91622,0.9146299999999999,0.92138,0.91533,0.90149,0.9192299999999999,nan,0.93176,0.90151,nan,0.91914,0.9064700000000001,0.8881,0.8880299999999999,0.8900299999999999,0.88946,0.89945,nan,0.9025700000000001,0.8927299999999999,0.8869600000000001,0.88984,0.8925799999999999,0.8814,0.8750600000000001,0.88612,0.8908,0.8896200000000001,0.90036,nan,0.8859999999999999,0.8649700000000001,0.8602200000000001,0.8784,0.90166,0.89738,nan,0.8507899999999999,nan,0.86349,nan,0.86266,nan,0.84793,0.8416399999999999,0.83216,nan,0.82995,0.83536,0.84949,0.8296600000000001,0.8012699999999999,nan,0.82571,nan,nan,0.8240000000000001,0.8155600000000001,0.80442,0.80671,0.80175,nan,0.79397,nan,0.77598,0.78622,0.78855,0.7660899999999999,0.76595,nan,0.7457699999999999,0.71234,0.7259,nan,0.70831,0.6917300000000001,0.7148100000000001,nan,0.7017800000000001,0.70257,0.71134,0.70181,0.68219,0.66085,0.6471399999999999,nan,0.65584,nan,nan,nan,0.62432,0.64737,0.63888,0.61566,0.6089,0.5972,0.59545,0.6168100000000001,0.61916,0.60324,0.59458,0.5836600000000001,0.57845,0.57968,0.56775,0.56635,0.57835,nan,0.54945,nan,0.55761,nan,nan,0.53441,0.53309,0.5113300000000001,0.4949,0.49373,0.49345,0.48971000000000003,0.49709,nan,0.49625,0.47213999999999995,0.45292,0.44585,0.4553,0.45383,0.42895,0.4284,0.44942,0.44356,0.43815,0.45051,0.43246,0.4009,0.40599,0.41712,0.40231999999999996,0.39355999999999997,0.39899999999999997,0.38909,nan,0.39077,0.39248,0.38023,0.38143,0.37601,nan,0.38354,nan,0.38144,0.36517,0.34396,0.33626999999999996,0.3536,0.34531999999999996,0.33586,nan,0.35448,0.31134,0.33025,nan,nan,0.31024,0.33574,0.33865,0.32259,0.33052,0.33803,nan,nan,nan,0.34421,0.33309,0.32327,0.32027,nan,nan,0.29894,0.30630999999999997,0.33663000000000004,0.32761999999999997,0.30048,0.2952,nan,0.29525999999999997,nan,0.29544000000000004,0.29954000000000003,0.32205,nan,0.27292,0.29391,nan,0.23133,0.27858
6.0,-0.20203,nan,-0.39788,-0.29286,-0.37151,-0.35223000000000004,-0.33646,-0.35988000000000003,-0.33585,-0.33549,-0.3553,-0.36302,-0.36224,-0.35381999999999997,-0.34529,-0.35316,-0.36236,-0.35051,nan,nan,-0.34151,-0.34936,nan,-0.34757,-0.32932,-0.34602,-0.35170999999999997,-0.34096,-0.3404,-0.35284,-0.3612,-0.35461,-0.34903,nan,-0.344,-0.33525,-0.34173000000000003,-0.34986999999999996,-0.34815,-0.35258,-0.36162,-0.36009,-0.3618,nan,-0.34318000000000004,-0.33903,nan,nan,-0.35315,-0.34615999999999997,-0.33973000000000003,-0.34438,-0.36299000000000003,nan,-0.33039,-0.34079,-0.35081,-0.33934000000000003,-0.33815,-0.3366,nan,-0.33819,-0.35233000000000003,nan,-0.32953000000000005,-0.32965,-0.32269000000000003,-0.31988,-0.32129,-0.30391,-0.2983,-0.3105,-0.3162,-0.32455,-0.31385,-0.30677,-0.33974,-0.3435,-0.31977,-0.32649,-0.32083,-0.30831,-0.31955,-0.30756,-0.2966,-0.31029,-0.29652,nan,-0.29372,nan,-0.2934,-0.26611,-0.25811,-0.27099,nan,-0.27359,-0.2578,nan,-0.26604,-0.2578,-0.25565,-0.25408000000000003,-0.24379,-0.23721,-0.23985,-0.24941999999999998,-0.24722,-0.22855999999999999,-0.23006999999999997,-0.25034,-0.25771,-0.25104,-0.24183000000000002,-0.23798000000000002,-0.24278000000000002,nan,-0.23333,-0.21745,-0.2137,-0.21436999999999998,-0.2062,-0.19466,-0.19435999999999998,-0.19388,-0.19305,nan,-0.2027,nan,-0.19375,-0.19084,-0.18381,-0.17654,-0.16475,-0.16639,-0.18536,-0.1876,nan,-0.19807,-0.20735,-0.19046,-0.18515,-0.18637,-0.15613,-0.13716,-0.15703,-0.16613,-0.14999,-0.14273,nan,-0.16102,-0.1654,nan,-0.1774,-0.15980999999999998,-0.1529,-0.16384,-0.16441,-0.16402,-0.17624,-0.17742,-0.16102,-0.15097,-0.15350999999999998,-0.15275,-0.15407,-0.16523,-0.15977,-0.13153,-0.12274000000000002,-0.13333,-0.12139000000000001,-0.10330999999999999,-0.10288,-0.10252,nan,-0.10147,-0.093546,-0.076298,-0.06493,-0.060780999999999995,-0.052511,nan,-0.052926999999999995,-0.061367,nan,nan,-0.029800999999999998,-0.030648,-0.020928,-0.019141,-0.028651999999999997,-0.02422,-0.013503,-0.019621,-0.02166,-0.007651600000000001,-0.013262000000000001,-0.038015,nan,-0.0055043,0.00088378,-0.011884,-0.026152999999999996,-0.02752,-0.019674,-0.012026,-0.0051916,-0.010001000000000001,-0.019286,nan,0.014912,-0.0034376999999999997,-0.029135,nan,-0.019456,nan,-0.013032,0.0015095,nan,nan,nan,0.00082747,-0.013343,-0.019649,-0.01778,-0.018306,nan,-0.0041727,-0.0098002,nan,nan,-0.017041,-0.017695,-0.018353,-0.017341,nan,-0.017223,-0.020694,-0.030431,-0.030237,-0.024776,-0.032532,-0.040425,-0.037116,-0.044473,-0.049972,nan,-0.062390999999999995,-0.069092,-0.061708000000000006,-0.061009,-0.056166999999999995,-0.06443600000000001,-0.089001,-0.085798,-0.081804,-0.092369,-0.076519,-0.071198,-0.095098,-0.095337,-0.082962,-0.099105,-0.11268,-0.09690900000000001,-0.088537,nan,-0.097887,-0.11607999999999999,-0.11952,-0.11215,-0.12607000000000002,-0.13071,-0.12257,-0.13776,-0.1486,nan,-0.14338,-0.15200999999999998,-0.14918,-0.14343,-0.14245,-0.14627,nan,-0.16413,-0.1625,nan,nan,-0.15378,-0.15305,-0.151,-0.1524,-0.16876,-0.1725,-0.1762,-0.19304000000000002,nan,nan,-0.19325,-0.19652,-0.1929,-0.19487000000000002,-0.19155,-0.20561999999999997,-0.21495,-0.20574,nan,-0.22951,nan,nan,-0.24036,-0.23438,-0.23573000000000002,-0.24994,-0.25831,-0.25768,-0.2559,nan,-0.27136,nan,-0.28896,-0.28717,-0.30015,-0.30925,-0.30484,nan,-0.32085,nan,-0.3143,-0.33036,-0.32666,-0.33966999999999997,-0.34926,-0.3315,-0.33153,-0.34262,-0.35185,-0.36280999999999997,-0.34485,-0.32957,-0.35591999999999996,-0.37138000000000004,nan,-0.3825,-0.37782,-0.35852,nan,-0.38073,-0.37433,-0.3706,-0.38244,nan,-0.39973000000000003,-0.41498999999999997,-0.41416000000000003,-0.41061000000000003,-0.4141,-0.4237,-0.43201000000000006,-0.42796999999999996,-0.42318,nan,nan,-0.43718,-0.44447,-0.46506000000000003,-0.45019,-0.44743,-0.48089,nan,-0.46143,-0.4854,-0.49773,-0.49123,nan,-0.50459,-0.50834,-0.51881,-0.51751,-0.50961,nan,-0.53675,nan,-0.53832,-0.5435300000000001,-0.52779,nan,-0.56235,-0.54338,nan,-0.5344300000000001,-0.55042,-0.5485800000000001,-0.53878,-0.5613100000000001,-0.57889,-0.56087,nan,-0.56962,-0.56875,nan,-0.59541,-0.5997600000000001,nan,nan,nan,-0.61045,-0.61536,-0.6179100000000001,-0.60928,-0.6079,-0.60939,nan,-0.61001,-0.61233,-0.62829,-0.6410600000000001,-0.63226,-0.63185,-0.6412399999999999,-0.6330100000000001,-0.62371,-0.6389199999999999,-0.65183,nan,-0.6562100000000001,nan,nan,-0.65482,nan,nan,-0.66103,-0.65679,nan,-0.6503,-0.6573,-0.66042,nan,-0.63844,-0.64845,-0.66333,nan,nan,-0.6757,-0.67242,-0.65361,-0.65064,-0.66527,-0.6803899999999999,-0.6804,-0.6612899999999999,-0.65208,-0.66593,-0.67172,-0.65765,-0.65065,-0.6552100000000001,-0.66551,-0.68313,-0.68604,-0.66855,-0.6615300000000001,-0.6628,-0.65475,-0.67109,-0.69353,-0.6775899999999999,-0.66938,nan,-0.65299,-0.65674,-0.67855,-0.68294,-0.67491,nan,nan,nan,-0.65175,-0.65308,-0.6627,-0.6517,nan,-0.67398,-0.66523,nan,-0.66508,-0.66306,-0.64236,-0.64383,-0.66486,-0.67238,nan,-0.67166,-0.66319,-0.64854,-0.65638,-0.66075,-0.65069,-0.6571100000000001,-0.65745,nan,nan,-0.66825,nan,-0.6418699999999999,-0.6383,-0.63984,-0.6411399999999999,-0.63953,-0.63888,-0.64094,nan,-0.63117,-0.61395,-0.60988,nan,nan,-0.6329199999999999,nan,-0.60854,nan,-0.6201,-0.60955,-0.58812,-0.57818,-0.5742,-0.5957399999999999,nan,-0.59167,nan,-0.57229,nan,-0.58596,-0.57935,nan,-0.55515,-0.57772,-0.56842,-0.5461,nan,-0.53423,-0.5402399999999999,-0.55695,-0.54942,-0.52599,-0.52857,-0.54419,-0.54287,-0.53569,nan,-0.53654,-0.5380699999999999,-0.54814,nan,nan,-0.5162399999999999,-0.52583,-0.52781,-0.52437,nan,-0.5273399999999999,-0.52391,-0.52715,-0.51936,-0.50205,-0.51183,nan,-0.48863,-0.49396999999999996,-0.51874,-0.50153,nan,-0.47594,-0.48657,-0.4881,-0.47565,-0.47731,-0.49468,-0.49054,-0.48295,-0.48639,-0.47718,-0.47248,-0.47413999999999995,-0.46574,-0.46158999999999994,nan,-0.45566,-0.45091000000000003,-0.45933999999999997,-0.46376999999999996,-0.45624,-0.451,-0.45578,nan,-0.44504,-0.44278,nan,nan,-0.45373,-0.46573000000000003,-0.45601,-0.4357,-0.43401000000000006,-0.44578,-0.44598999999999994,-0.43448000000000003,-0.43451999999999996,nan,-0.4385,-0.4269,-0.43608,-0.44533,-0.43055,-0.42061000000000004,-0.4236,nan,-0.42763999999999996,nan,-0.41623000000000004,-0.41036000000000006,-0.41116,-0.40343,-0.41713,-0.44655,-0.44068999999999997,-0.40785,-0.40031,-0.4188,-0.42408999999999997,-0.40795,-0.39847,-0.4037,nan,-0.3979,-0.40607,nan,nan,-0.38782,-0.39284,-0.39181,nan,-0.40465999999999996,nan,-0.39328,-0.39075,-0.39221999999999996,-0.38395,-0.37637,nan,-0.39255,-0.38494,nan,-0.3704,-0.36075,-0.36746999999999996,-0.38464,nan,-0.37518,-0.38808000000000004,-0.39168000000000003,-0.3733,-0.37011,-0.3674,-0.35199,nan,nan,-0.36175,nan,nan,-0.33724,-0.34772,nan,-0.36779,-0.36169,-0.36033000000000004,-0.35735,-0.348,-0.34920999999999996,-0.35908,-0.35743,-0.35124,-0.35036999999999996,-0.34515999999999997,-0.33935,-0.3486,-0.35448,-0.34391,-0.34099,-0.34847,-0.34645,-0.33842,-0.33943,-0.33979000000000004,-0.34007,nan,-0.34807,-0.32263000000000003,-0.3235,-0.34852,-0.3417,-0.32286,-0.33046,nan,-0.35431,nan,nan,-0.33359,-0.3388,nan,-0.3332,-0.34431,-0.33738,-0.32871999999999996,nan,nan,-0.33044,-0.32673,-0.33023,nan,-0.32101,-0.31677,-0.32149,-0.33005999999999996,-0.33510999999999996,-0.34509,-0.35013,-0.33426999999999996,nan,-0.32302,nan,-0.32525,-0.33812,nan,-0.33426999999999996,-0.31878,-0.32165,-0.33956,-0.354,-0.33388,-0.30725,-0.30756999999999995,nan,nan,-0.32938,-0.32555,-0.31431,-0.3213,nan,-0.31444,-0.3228,-0.32168,-0.30478,nan,nan,-0.30788000000000004,-0.29127,-0.31748000000000004,-0.32194,-0.30027,-0.30275,-0.32188,nan,-0.32626,nan,-0.2997,-0.30221,-0.31144,-0.30929,-0.31401,-0.32978,nan,-0.30069,-0.29903,-0.3164,-0.31978,-0.30974,-0.31143000000000004,-0.32105,-0.31224,-0.28988,nan,-0.31075,-0.31103000000000003,-0.30541999999999997,-0.31029,-0.3103,-0.30483000000000005,-0.31499,nan,-0.32429,-0.31068,-0.30876,-0.30122,-0.2854,-0.29575999999999997,-0.32129,-0.31599,-0.29708,-0.30106,-0.30966,-0.30141999999999997,-0.29718,-0.29933000000000004,nan,-0.30654000000000003,-0.32129,nan,nan,-0.28515999999999997,-0.28896,nan,-0.28312,-0.29133000000000003,-0.30814,-0.30367,nan,-0.29955,-0.29771,-0.29899000000000003,-0.29683000000000004,-0.28814,nan,-0.29713,-0.28897,-0.28583000000000003,-0.28769,-0.28800000000000003,-0.28831999999999997,-0.28496,nan,nan,-0.29059,-0.28552,-0.28813,nan,-0.28897,-0.2836,-0.27918000000000004,-0.29185,-0.29804,-0.28586999999999996,nan,-0.29586,-0.29604,-0.289,-0.28615999999999997,-0.28579,-0.27706,nan,-0.30603,-0.30191999999999997,-0.2796,-0.28819,-0.3014,nan,-0.2758,nan,-0.28415999999999997,-0.27884000000000003,-0.29113,nan,nan,-0.27758,nan,-0.27492,-0.26853,-0.27219,-0.28288,nan,nan,-0.26928,-0.2685,-0.27824,-0.28444,nan,-0.2765,-0.25756999999999997,-0.26492,-0.28104,-0.2796,-0.2712,nan,-0.25789,-0.26529,-0.26757,-0.2679,-0.26903,-0.2529,-0.24602,-0.27085,-0.28247,-0.25905,nan,-0.26561999999999997,nan,-0.2588,-0.25853000000000004,-0.26766999999999996,nan,-0.25908000000000003,-0.27724,nan,nan,-0.2486,-0.27316,-0.27604,-0.26521999999999996,nan,-0.26931,-0.26456,-0.26899999999999996,-0.27696,nan,-0.26597,-0.26738,-0.26483,-0.24819000000000002,-0.24795,-0.27058000000000004,-0.28178000000000003,-0.27643,-0.26948,nan,-0.26006,-0.2797,-0.27598,nan,-0.24883000000000002,-0.26618,-0.26388,-0.25255,-0.2583,-0.27218000000000003,-0.28219,-0.27551,-0.26729,-0.27129000000000003,-0.25871,nan,-0.26868000000000003,-0.27964,-0.26438,nan,nan,-0.27310999999999996,-0.27944,-0.26035,-0.26097,-0.28121999999999997,-0.28055,-0.27015,-0.26566999999999996,-0.26858000000000004,-0.27585,-0.27675,-0.27979,-0.28792,nan,-0.26327,nan,-0.27566,-0.27857,-0.27778,-0.26947,-0.26449,-0.26866,-0.26879000000000003,-0.26416999999999996,nan,-0.28926999999999997,-0.28228000000000003,-0.26757,-0.26863000000000004,nan,nan,nan,-0.28776999999999997,-0.2713,-0.26705999999999996,-0.28226999999999997,-0.27998,-0.267,-0.26919,nan,-0.25629,nan,-0.28064,-0.27947,nan,-0.26250999999999997,-0.27005,-0.28052,-0.26261,-0.26014,-0.27853,-0.26943,nan,nan,-0.26479,-0.25193000000000004,nan,-0.27976,-0.27288,nan,-0.28769,-0.27755,-0.28391,nan,-0.27843,-0.2908,-0.29714,-0.28811,nan,-0.30073,nan,-0.29869,-0.2977,-0.2986,-0.29868,-0.28302,nan,-0.28171999999999997,-0.29725,nan,-0.29248,-0.28873000000000004,-0.28925,-0.28003,-0.28037,-0.29714,nan,-0.28071999999999997,nan,-0.2846,-0.29213,-0.29953,-0.29955,-0.29143,-0.28488,-0.28906,-0.29617,-0.29786,-0.29923,-0.30795,nan,nan,-0.28912,nan,-0.28665,nan,nan,-0.29439,-0.2847,-0.28894000000000003,-0.28692,-0.28909,-0.28565999999999997,-0.27726,-0.29079,-0.29635,-0.28897,-0.29598,-0.29117,nan,nan,nan,-0.29081999999999997,-0.28881,-0.29225999999999996,-0.27431,-0.26988,-0.29407,-0.30148,-0.29669,-0.29949000000000003,-0.29111,-0.2832,-0.27699,-0.27485,-0.29663,nan,-0.29967,-0.29789,nan,nan,nan,-0.31199,-0.30695,nan,-0.3089,-0.30817,-0.30924,nan,nan,-0.31999,-0.3204,-0.32516999999999996,-0.32821999999999996,-0.31851999999999997,-0.31644,-0.3279,-0.32566,nan,-0.33309,-0.33716999999999997,-0.31768,-0.31449,nan,-0.33798,-0.3302,nan,-0.34198,-0.33998,-0.34533,nan,-0.34244,-0.32914,-0.34555,-0.34355,-0.32978,-0.35111,-0.3726,nan,-0.36205,nan,-0.34683,-0.35167,-0.35163,-0.34911,nan,-0.38232,-0.36606,-0.36333000000000004,-0.38284,-0.3702,-0.34812,-0.37006,-0.39273,nan,nan,-0.39336,-0.38603000000000004,-0.37543000000000004,-0.3837,-0.39154,nan,-0.38644,-0.38234,-0.39557,-0.40922,-0.41336000000000006,nan,-0.41439,-0.42928,-0.4338,-0.42013999999999996,-0.43646,-0.45521000000000006,nan,-0.42601000000000006,-0.4392,-0.45595,-0.46453999999999995,nan,-0.44292,nan,-0.45736000000000004,-0.45092,nan,-0.46262,nan,nan,nan,-0.47401000000000004,-0.47553999999999996,-0.48651000000000005,-0.48682,-0.48158,nan,nan,-0.47866000000000003,nan,-0.5171899999999999,-0.5043,-0.48772,-0.49943999999999994,nan,-0.51632,-0.51474,-0.51713,-0.5162899999999999,-0.5133300000000001,-0.51761,nan,-0.52166,-0.51358,-0.52703,-0.5445,nan,nan,nan,-0.52779,-0.52968,-0.54743,-0.5421699999999999,-0.53254,-0.53883,-0.54497,nan,-0.5565,-0.54832,-0.54276,nan,-0.55779,nan,-0.54494,-0.56513,-0.5797,nan,-0.57116,-0.5786399999999999,-0.5612699999999999,-0.55899,-0.58786,-0.60011,nan,nan,nan,-0.59712,-0.6079100000000001,-0.6215,-0.6117,nan,nan,-0.64218,-0.6419600000000001,-0.6362300000000001,-0.64188,nan,nan,nan,-0.65256,-0.65217,-0.64762,nan,-0.66095,-0.66893,-0.66952,-0.66155,-0.65866,nan,-0.67227,-0.6725,-0.6751199999999999,-0.68723,-0.7046899999999999,-0.7066100000000001,-0.68882,-0.6822199999999999,nan,-0.71719,-0.72596,-0.7245199999999999,-0.71336,-0.7169,-0.72453,-0.72411,-0.7289399999999999,-0.73451,-0.74603,-0.75652,-0.74133,-0.73517,-0.75332,nan,-0.7578199999999999,nan,-0.74779,-0.7479100000000001,-0.76866,-0.7669600000000001,-0.7663,-0.7782600000000001,nan,nan,-0.78435,-0.7974899999999999,-0.7964100000000001,-0.80299,-0.8235600000000001,nan,-0.8154399999999999,-0.82294,nan,nan,-0.83393,-0.8398100000000001,nan,-0.85472,-0.85811,-0.8574700000000001,-0.8572799999999999,-0.8581700000000001,-0.8553799999999999,-0.85901,-0.86608,-0.86629,-0.87003,-0.87849,-0.87566,-0.88441,-0.91059,-0.91317,-0.90448,-0.9119799999999999,nan,-0.92181,-0.93809,-0.96247,nan,nan,-0.94514,-0.9686799999999999,-0.9733,-0.9716600000000001,-0.9737,-0.9683700000000001,-0.98195,-1.0056,-0.9976200000000001,-0.98274,-1.001,nan,-1.0246,-1.0231,nan,-1.0293,-1.0478,-1.0521,-1.0358,-1.0364,-1.0478,nan,-1.0495,-1.0657,-1.0611,-1.0554,-1.0702,-1.0716,-1.0545,-1.0592,-1.0763,nan,-1.0663,-1.0763,-1.0927,-1.1093,-1.1108,-1.0947,nan,-1.1186,-1.1074,nan,-1.1284,nan,-1.127,-1.1357,nan,nan,nan,-1.1085,-1.1217,nan,-1.1138,-1.1165,-1.1271,-1.1215,-1.1193,-1.1324,nan,-1.1366,-1.138,nan,nan,-1.1394,-1.145,-1.1505,-1.146,-1.1385,-1.1425,nan,nan,-1.1478,-1.1448,-1.1351,-1.128,-1.1263,-1.1269,-1.1398,-1.1495,-1.1395,-1.1402,-1.1501,-1.1292,-1.1148,-1.129,nan,-1.1431,-1.1476,-1.1382,-1.1479,nan,-1.1501,-1.1387,nan,-1.1264,-1.1266,-1.1313,-1.1404,-1.1396,-1.1147,nan,nan,nan,nan,-1.1108,nan,-1.1038,-1.087,-1.0872,-1.0953,-1.091,-1.0635,-1.0459,-1.0576,nan,nan,nan,-1.056,-1.0372,-1.0261,-1.0155,-1.0097,-1.0018,-0.9923799999999999,nan,-0.9857299999999999,-0.9639,-0.9525399999999999,-0.94563,-0.94214,nan,-0.9325200000000001,-0.9329200000000001,-0.94291,-0.9222799999999999,-0.89769,-0.8888799999999999,-0.87244,-0.86272,-0.8705299999999999,nan,-0.8533,nan,-0.8495299999999999,-0.8502200000000001,-0.83419,-0.80847,-0.8063899999999999,-0.81505,-0.7854899999999999,-0.75403,-0.75432,-0.7498600000000001,-0.7602899999999999,-0.76863,-0.72639,-0.7155199999999999,-0.73427,-0.70352,-0.6772100000000001,-0.66659,-0.64248,-0.64402,-0.64628,-0.61871,-0.6139399999999999,-0.62508,-0.59818,nan,-0.5707,-0.55486,-0.5262899999999999,-0.525,nan,-0.48726,nan,nan,-0.45278999999999997,nan,-0.41844,-0.40736,-0.39794,nan,-0.36177,-0.35656,-0.33988,-0.32345999999999997,nan,-0.28115999999999997,nan,-0.26258000000000004,-0.22603,nan,-0.19622,-0.17711,nan,-0.15284,-0.13665,-0.092438,-0.07096799999999999,-0.057989,-0.033026,-0.016007,-0.010865000000000001,0.011094,0.04803,0.063663,0.074149,nan,0.12703,0.12417,0.14784,nan,nan,0.2094,0.23371,nan,0.27839,0.29246,0.31237,0.33318000000000003,0.33919,0.35932,0.38931,0.40305,0.42649,nan,0.46824,0.47267,0.48925,0.50127,0.52158,0.56413,0.5869800000000001,0.59191,0.62054,0.64845,0.66919,0.70019,0.7195199999999999,0.73525,0.75737,0.76554,nan,0.8275,0.85141,0.85513,nan,0.9228299999999999,nan,nan,0.98221,1.0070000000000001,1.0033,1.0138,nan,1.0778,1.1021,1.1242,1.1464,1.1679,1.1907,nan,1.2343,1.2601,1.2903,1.3132,1.3304,1.3611,1.3978,nan,nan,1.4676,nan,1.5265,1.5412,nan,1.6115,1.6440000000000001,nan,1.696,1.7173,nan,1.801,1.8252,1.8507,1.8802,1.9003,nan,nan,1.9983,2.0299,nan,nan,2.1587,2.1671,2.1759,2.2324,2.2657,2.2807,nan,2.3449,2.3771,nan,2.4437,2.4785,nan,nan,2.5387,nan,2.5817,2.6201,nan,2.6376,2.6562,2.6725,2.6846,nan,2.7383,2.7249,nan,2.7388,2.7534,2.7695,2.78,2.7782,2.7954,nan,2.8118,2.8002,nan,2.8242,2.8247,2.803,2.8058,2.8214,2.8073,nan,nan,nan,2.8076,2.8081,2.7909,2.787,nan,2.7764,2.7614,2.7533,2.7452,2.7387,nan,2.7189,2.7059,2.7059,2.7066,2.6884,nan,2.6801,2.6638,nan,2.6375,2.6221,2.6131,2.6147,2.5936,2.576,nan,2.5554,2.545,2.537,2.512,2.4928,2.4846,2.4659,2.4563,2.4688,2.4616,2.4295,2.4167,2.4094,2.3698,2.3423,2.3587,2.3622,2.3451,nan,2.3517,2.332,2.3249,2.3139,2.2828,2.2715,2.2826,2.2743,2.2492,2.2467,2.2571,nan,nan,nan,2.2348,2.2076,2.2024,2.224,2.2126,2.1897,2.1985,2.1893,nan,2.1766,nan,2.1567,nan,2.1804,2.1566,2.1481,2.1491,nan,2.149,2.1409,2.1177,nan,2.1263,nan,2.0989,2.1039,2.0866,2.0945,nan,2.0957,nan,2.0939,2.0834,2.0844,2.0868,2.0843,2.0855,2.0859,2.0821,2.0726,nan,2.085,2.081,2.0749,nan,2.0616,2.0573,2.0825,2.0812,2.0753,2.0855,2.0719,2.0596,2.065,2.0643,2.0653,2.0605,nan,2.0692,2.0725,2.0506,2.0424,2.0516,2.0535,2.0444,nan,2.0327,nan,2.0335,nan,2.0188,2.0221,nan,2.0365,2.0094,2.0008,2.0096,2.0135,2.0132,nan,2.0129,2.0132,2.0132,2.0127,2.0134,2.0133,2.0121,2.0146,2.0122,2.0037,2.0024,nan,2.0023,2.0055,1.9959,1.9928,2.003,1.9914,1.9817,2.001,2.0026,1.9813,1.9827,nan,1.9839,1.9842,nan,1.9999,1.985,1.9813,1.9756,nan,1.9617,1.9617,1.9584,1.965,1.9597,1.9405,1.9524,1.9754,1.9641,1.9447,nan,1.9184,1.9076,1.9163,1.9178,1.9008,1.8934,1.9044,1.909,1.9013,1.8936,1.8861,1.8867,1.8927,1.8793,1.8679,1.8827,1.8904,1.8878,1.8888,1.8759,nan,1.8789,1.8819,1.8735,1.8816,nan,1.8756,1.8646,1.8568,1.8405,1.8369,nan,1.8182,1.8133,1.8151,1.805,nan
1.0,-0.37727,-0.38996,-0.36323,nan,-0.39446,-0.38661999999999996,-0.36667,nan,-0.36778,-0.39526999999999995,-0.38444,-0.39461,-0.38653000000000004,-0.3666,nan,-0.38201,-0.38477,-0.36707,-0.38209,-0.38021,nan,nan,-0.40519,-0.39974,-0.40691,-0.40121999999999997,-0.3922,nan,-0.4124,nan,-0.42616000000000004,-0.41126999999999997,nan,nan,nan,-0.40496,-0.44655,-0.43583,-0.42926000000000003,-0.45648,-0.44223999999999997,-0.44,-0.44682,-0.46792,nan,-0.48253999999999997,nan,-0.4861,-0.50489,-0.48682,-0.48144,-0.49938999999999995,-0.52086,-0.4889,-0.49771000000000004,-0.52579,nan,-0.49935,-0.5081,-0.50436,-0.50884,-0.5383100000000001,-0.5087,nan,-0.5099600000000001,-0.53696,-0.51377,-0.52476,nan,-0.53898,-0.52877,-0.5143,-0.5292,-0.53379,-0.5405300000000001,-0.5568,-0.56224,-0.5400699999999999,-0.56626,-0.54455,-0.55009,-0.5526800000000001,-0.54242,-0.56567,-0.54383,-0.55602,-0.56328,-0.53998,-0.56796,nan,-0.55383,nan,-0.5674899999999999,-0.55545,nan,nan,-0.59767,-0.56167,-0.58392,-0.5989,-0.5855,-0.6095,-0.6131,-0.59888,-0.6030300000000001,nan,-0.62597,-0.6229899999999999,-0.60353,-0.61443,-0.60459,-0.63497,nan,-0.60201,-0.6028399999999999,-0.62017,-0.61275,-0.6039800000000001,-0.63841,nan,nan,-0.62979,-0.6178,nan,-0.6312300000000001,-0.6141300000000001,nan,-0.65059,-0.64252,-0.63476,nan,-0.63373,-0.6455,-0.61663,-0.61778,-0.6026100000000001,-0.61906,-0.61803,nan,-0.66079,nan,-0.6476,-0.64689,-0.63366,-0.6471,nan,-0.63344,-0.64673,-0.6342,-0.61815,-0.63222,-0.6465,nan,-0.64708,-0.63368,nan,nan,-0.64852,-0.6188100000000001,nan,-0.63331,-0.64269,nan,nan,-0.67491,-0.66422,-0.65776,-0.67581,nan,-0.67088,-0.68008,-0.65865,-0.68581,-0.69111,-0.70076,-0.69628,-0.68518,-0.70548,nan,-0.71228,-0.71167,-0.6974100000000001,-0.7199,-0.70502,-0.71422,-0.7195,-0.71938,-0.70809,-0.70214,-0.69647,-0.68515,-0.69515,nan,nan,nan,-0.6997,-0.6966600000000001,-0.69262,-0.71709,-0.71077,-0.69158,nan,-0.7054600000000001,-0.7008300000000001,-0.71092,-0.72288,nan,nan,-0.69896,-0.6985399999999999,nan,nan,-0.7142,-0.6975100000000001,-0.70787,-0.69648,-0.71687,-0.70211,nan,-0.69894,-0.69175,-0.70327,-0.68116,-0.7018300000000001,-0.69003,nan,-0.70005,nan,-0.68225,-0.67528,-0.70126,-0.69172,nan,-0.69931,-0.69634,-0.6644899999999999,nan,-0.71344,-0.6843899999999999,nan,-0.64763,nan,nan,-0.66503,-0.69203,-0.66933,-0.67828,-0.67242,-0.67701,-0.67281,-0.67943,nan,nan,-0.69926,nan,-0.65036,-0.67267,-0.64386,nan,-0.62647,-0.65423,-0.65455,-0.63148,-0.64927,-0.6619,-0.65872,-0.64384,-0.6291,-0.61869,-0.64987,-0.64166,-0.6168399999999999,-0.63602,-0.66285,-0.64146,-0.6189,-0.63176,-0.619,-0.6470600000000001,-0.63247,-0.6321899999999999,-0.61892,-0.64681,-0.61729,nan,-0.63426,-0.63227,-0.5735100000000001,-0.63376,-0.61861,nan,-0.58875,nan,-0.61857,nan,nan,-0.61761,-0.61824,nan,nan,nan,nan,-0.61762,-0.591,-0.58557,-0.5774,-0.55475,nan,-0.57658,-0.57033,-0.5836399999999999,nan,-0.5744,nan,nan,-0.57309,nan,-0.55302,nan,-0.5563,-0.55943,-0.55671,-0.55978,-0.54615,-0.54122,-0.54386,-0.5501699999999999,-0.56686,-0.51827,-0.53291,-0.54485,-0.55181,-0.55238,-0.5194,nan,nan,-0.53725,-0.5129199999999999,nan,-0.5018,-0.51097,-0.55399,-0.5412899999999999,-0.50716,-0.49351999999999996,-0.5108600000000001,-0.50668,-0.54067,-0.54927,-0.50692,-0.5274800000000001,nan,-0.5017199999999999,-0.5172,nan,-0.52877,nan,-0.5269,-0.50479,-0.52484,-0.51747,-0.51928,-0.51869,-0.48807,-0.51694,-0.52223,nan,-0.51473,nan,-0.49612,-0.50105,-0.49115,-0.48562,-0.50797,-0.50803,-0.49486,-0.50266,-0.48965,-0.48896999999999996,nan,nan,-0.49262,-0.5119199999999999,-0.49227,-0.48111000000000004,-0.50832,-0.4862,-0.51489,-0.49773999999999996,-0.51177,-0.47386000000000006,-0.49472,-0.48996000000000006,-0.46868999999999994,-0.48851999999999995,-0.47876,-0.46961,-0.48961000000000005,nan,-0.47576999999999997,nan,-0.46013000000000004,-0.5040600000000001,-0.49981000000000003,-0.49311000000000005,-0.47228000000000003,-0.49927,nan,-0.48958,-0.48034,nan,nan,-0.49748000000000003,-0.4665,-0.47131000000000006,-0.45006999999999997,-0.46225,-0.49767,-0.43621000000000004,-0.44483,nan,-0.45528,nan,-0.44348000000000004,-0.43925,-0.41273999999999994,-0.45735,nan,-0.42758,-0.42643000000000003,-0.41235,nan,-0.41198,-0.39729000000000003,-0.4124,-0.44243999999999994,-0.41286999999999996,nan,-0.41172,-0.42673999999999995,-0.42743000000000003,-0.42651999999999995,-0.42811000000000005,nan,-0.40971,nan,-0.38341,-0.40802,-0.42768,-0.39979000000000003,-0.39303,-0.42528,-0.41344,-0.41084,-0.39899999999999997,-0.40501,-0.42987,-0.39663000000000004,nan,-0.3957,-0.41179,-0.38472,nan,-0.38068,-0.40973999999999994,-0.38364000000000004,nan,-0.39492,-0.38561999999999996,-0.40188,-0.38148000000000004,-0.39057,-0.40915,nan,-0.38566999999999996,-0.36896,-0.37535999999999997,-0.38602,-0.36837,-0.37446999999999997,-0.40126999999999996,nan,-0.35723,-0.37025,nan,-0.40281,-0.36724,-0.39795,-0.39326,-0.38934,nan,-0.35073000000000004,-0.37537,nan,-0.35338,-0.34209,-0.33881,nan,-0.3533,nan,nan,nan,-0.3477,-0.33984000000000003,-0.3554,-0.34846,-0.3529,-0.34958,-0.35295,-0.34419,-0.33675,nan,-0.35556,-0.35995,nan,-0.33521999999999996,-0.35902,-0.34029,-0.34164,nan,-0.35270999999999997,-0.37528,-0.34571,-0.32177,-0.34247,-0.35957,-0.36102,-0.35207,-0.34626999999999997,-0.36441,-0.34486,-0.31435,-0.35565,-0.33331,-0.35995,-0.36664,-0.33737,-0.33181,-0.36866,-0.35041,-0.3693,-0.34344,-0.33923000000000003,-0.35686,nan,-0.34829,-0.35514,-0.3467,-0.33965,nan,-0.35427,-0.34568000000000004,-0.32314,nan,-0.3238,-0.35698,-0.36951,nan,nan,-0.32807,nan,-0.32113,-0.30745,-0.31112,-0.32216,nan,-0.3248,nan,nan,-0.31164000000000003,nan,-0.30971,-0.32368,-0.32327,-0.33925,-0.35331999999999997,-0.32241,-0.31042,-0.33854,-0.31004,nan,nan,-0.33921999999999997,-0.29496,-0.33674,-0.33957,nan,-0.32339,-0.32295999999999997,-0.31119,-0.30693000000000004,-0.33828,-0.31089,nan,nan,-0.31155,-0.30503,nan,-0.29619,-0.33041,nan,-0.32469000000000003,-0.29729,-0.30346,-0.32241,-0.32151,-0.32278,-0.32127,-0.32356999999999997,nan,-0.31659,-0.33666,-0.32584,-0.31923,-0.32525,nan,-0.31992,-0.31171,-0.31493000000000004,-0.33521999999999996,-0.32878,-0.30685,-0.32099,-0.30166,-0.29741999999999996,nan,nan,-0.30719,-0.30791,-0.30785999999999997,-0.30696999999999997,-0.31508,-0.32525,nan,-0.33604,-0.31829,-0.30544,nan,-0.31719,-0.31372,nan,-0.32529,nan,-0.29788000000000003,-0.29636999999999997,-0.31964000000000004,-0.3138,nan,-0.30785,-0.31148000000000003,-0.33205,nan,nan,-0.3262,nan,nan,-0.3354,nan,-0.31223,-0.32614,nan,nan,-0.31779,nan,nan,-0.33526999999999996,-0.3097,-0.3184,-0.33459,-0.29022,-0.3115,nan,nan,-0.31679,-0.31669,nan,-0.33037,nan,nan,nan,-0.31527,-0.31949,-0.32586,-0.31243000000000004,-0.3186,-0.3309,-0.33128,nan,-0.31238,-0.35391999999999996,nan,-0.3423,-0.31289,nan,-0.36746,-0.34945,-0.3523,-0.33268000000000003,nan,nan,-0.33897,-0.35236999999999996,-0.35663,nan,nan,-0.41658,-0.42294,-0.39538,-0.41386000000000006,nan,-0.41353,-0.40859,nan,-0.42595,-0.39621999999999996,nan,-0.42586999999999997,-0.42777,-0.44285,-0.45583999999999997,-0.4558,nan,-0.44333,-0.50125,-0.47101000000000004,-0.5010399999999999,nan,nan,-0.51546,nan,-0.5290199999999999,-0.514,-0.54425,-0.5028699999999999,-0.51212,-0.52791,-0.54501,-0.51467,nan,-0.53128,-0.53999,-0.55953,-0.54561,-0.54127,-0.56957,-0.5625899999999999,-0.55469,-0.57385,-0.55734,-0.5727300000000001,-0.55674,-0.5944699999999999,-0.61374,-0.64268,-0.62363,-0.62385,nan,nan,-0.6473,-0.6418699999999999,nan,-0.64815,-0.65387,-0.66394,-0.65488,-0.6833199999999999,nan,-0.67943,-0.67835,-0.71767,-0.70275,-0.72712,-0.72147,-0.73831,nan,-0.73875,nan,nan,-0.76107,-0.7479100000000001,nan,-0.79225,-0.79269,nan,nan,-0.78759,-0.7915300000000001,-0.79274,-0.79389,-0.82962,-0.81983,-0.81002,-0.8183699999999999,-0.80397,nan,-0.8425799999999999,-0.8388200000000001,nan,-0.8665700000000001,-0.8632700000000001,-0.8723,-0.88531,nan,-0.9293,-0.91591,-0.90686,nan,-0.9274700000000001,-0.92355,-0.95414,-0.93565,-0.9356399999999999,-0.948,nan,-0.9877299999999999,nan,-0.9818600000000001,nan,-0.99336,nan,-1.0102,-0.99913,-0.9894299999999999,-1.0146,-1.0131,-1.0043,-1.0072,-1.025,-1.0406,nan,nan,-1.0696,-1.037,-1.0422,-1.0487,-1.0685,-1.0395,-1.0621,-1.0546,-1.0592,-1.0569,nan,-1.0829,-1.0729,-1.0859999999999999,nan,-1.0721,-1.0715,-1.0707,-1.074,nan,-1.0714,-1.0883,-1.0677,-1.0608,-1.0883,-1.0689,nan,-1.0718,-1.0584,-1.0737,-1.0712,nan,-1.0589,-1.0743,-1.1028,-1.0878,nan,-1.0731,nan,-1.0596,-1.088,-1.0732,-1.073,-1.0449,-1.0579,-1.073,-1.072,-1.0737,-1.0448,-1.0564,-1.0863,nan,-1.0569,-1.0863,-1.0621,-1.0561,-1.0608,-1.043,nan,-1.0163,-1.0115,-1.014,-1.0022,-0.9850399999999999,-0.98525,-0.97039,-0.98049,-0.9761299999999999,-0.94205,-0.95094,nan,-0.89405,-0.9113899999999999,nan,-0.8629700000000001,-0.8587899999999999,-0.83562,-0.8476799999999999,-0.8367,-0.78017,-0.80023,-0.79066,-0.76827,nan,-0.80069,nan,nan,-0.72038,-0.7005399999999999,-0.67781,-0.66588,-0.6497,-0.63463,-0.63172,nan,-0.54906,-0.55283,-0.54311,-0.5134,-0.51231,-0.5131100000000001,-0.50036,-0.45771000000000006,-0.42113999999999996,-0.39985,-0.38887,nan,nan,nan,-0.32633,nan,-0.28564,-0.2627,-0.24176999999999998,-0.2191,nan,nan,-0.15900999999999998,-0.16502999999999998,nan,-0.097072,-0.1107,-0.075935,-0.064949,-0.060625,-0.04105,-0.0056744,0.016099000000000002,0.052377,0.04558,0.067734,nan,0.098756,0.13196,0.14736,nan,nan,0.19224000000000002,0.19689,nan,nan,0.25228,0.26544,0.2909,0.3089,nan,0.3241,0.32778,nan,0.38715,0.39749,0.39943,0.41396000000000005,0.41251000000000004,0.43213,0.44098000000000004,0.46306,nan,0.47047,0.50758,0.5301899999999999,nan,0.5726100000000001,0.55714,0.5954699999999999,0.61665,0.6220600000000001,0.66419,0.66071,0.6792699999999999,0.6897800000000001,nan,0.73545,0.73549,0.7490000000000001,nan,nan,0.80791,0.82345,nan,nan,0.9108200000000001,0.91065,0.9104399999999999,0.8954799999999999,nan,0.9384,0.9974200000000001,0.99766,1.0133,0.99711,nan,1.0590000000000002,1.0702,1.0857,1.1148,1.1297,1.145,1.1322,1.1539,1.2038,1.2013,1.2447,1.2473,nan,nan,1.3194,1.3198,1.3594,nan,1.4037,1.4258,1.4245,nan,nan,1.4894,1.5393,nan,1.5609,nan,nan,1.6157,nan,1.6748,1.6928,nan,1.7152,nan,1.7603,1.7719999999999998,1.7890000000000001,1.8017,nan,1.85,1.8566,1.8906,1.885,1.8882,1.8902,1.8793,1.9235,1.9059,1.8882,1.8695,1.9096,1.8828,1.9136,1.8961,1.9052,1.9095,1.9177,nan,1.8728,1.912,1.9040000000000001,1.8811,1.9024,1.925,1.905,1.9083,1.8869999999999998,1.9121,1.9232,1.9032,1.9223,1.9133,1.8905,1.8978,1.8928,1.901,1.9106,1.8813,1.8939,1.9065,1.8975,1.9128,nan,nan,nan,nan,1.902,1.8733,1.8911,nan,1.91,1.9072,1.8919,1.8977,1.8904,1.8789,1.88,1.8822,1.8991,1.8882,1.8641,1.8881,1.8905,1.8827,1.8939,1.8784,nan,1.8821,1.8739,1.8524,1.8664,1.8703,1.875,1.8551,1.8962,1.8625,1.8672,1.8685,1.8963,nan,1.8648,1.8519,1.8827,1.8776,1.8668,1.8651,1.8515,nan,1.881,1.8944,1.8653,1.8509,1.8518,1.88,1.8799,1.8948,1.8798,1.8948,1.8801,nan,1.8669,1.8656,1.8672,nan,1.8951,1.8795,1.8955,1.8672,nan,1.8531,1.8753,nan,1.895,1.8819,nan,1.8997,1.8763,1.9107,1.8813,1.9068,1.8861,nan,1.8987,1.8917,1.9086,1.9106,1.9093,1.9114,nan,nan,1.8936,1.9188,1.9336,nan,1.9278,nan,1.9642,1.9469999999999998,1.9680000000000002,1.9674,nan,1.9967,nan,nan,1.9685,nan,nan,2.0103,nan,1.9924,1.9802,1.9753,1.9836,2.0012,nan,1.9962,1.9986,2.0025,1.9852,2.0023,1.9947,nan,2.012,1.9931,1.9919,1.9922,nan,1.9976,nan,1.9743,nan,1.976,nan,1.9981,1.9933,2.0095,1.9677,1.9771,1.9882,2.005,1.9883,1.9881,1.9717,1.9861,nan,1.9980000000000002,nan,1.9691,1.9874,nan,1.9784,1.9719,1.9829,1.965,1.9688,1.9447,1.9427,1.9556,1.953,nan,1.9333,1.9467,1.9468,1.9247,1.9416,1.9378,nan,1.9228,1.9266,1.9229,1.9057,1.8955,1.9156,1.9428,1.9319,nan,nan,1.8915,1.9012,1.923,1.8926,1.8943,1.8794,1.8971,nan,1.8962,1.9116,nan,1.8959,1.9097,1.8947,1.9107,1.893,1.8803,nan,1.8943,1.8798,1.8954,1.8945,1.8798,1.8797,1.8662,1.8797,1.8798,1.88,1.8664,1.8665,1.8517,1.8513,1.8508,nan,1.8221,nan,1.8235,1.8194,1.8236,1.8065,1.8221,1.7951,nan,1.8208,1.8227,1.7862,1.7583,1.7919,1.7785,nan,1.7805,1.7784,1.7553,1.7461,1.7517,1.7368,1.7321,1.7375,1.7191,1.732,1.7324,1.7393,1.7152,nan,1.7227,1.7361,nan,nan,1.7075,1.6912,nan,1.7011,1.7048,1.7068,1.6852,1.6725,1.6827,1.6964,1.6649,1.6794,nan,nan,1.6596,1.6229,1.618,nan,1.6279,1.6225,1.6185,1.6016,nan,1.5841,1.5594,1.5659999999999998,nan,nan,1.5502,1.5571,1.5258,1.5065,1.4926,1.5071,1.473,1.4642,nan,1.4823,1.4499,1.4544,1.4525,nan,1.4175,1.4064,1.4177,nan,nan,nan,1.3922,1.3831,1.3947,1.3478,1.3175,1.3287,1.3353,1.3159999999999998,nan,1.3056,1.2627,nan,1.2558,nan,1.2427,nan,1.1902,1.1897,nan,1.1498,nan,1.1305,1.1241,1.1065,1.1274,1.0834,nan,1.0817,1.0701,nan,1.0294,1.0271,1.0311,1.0418,0.98944,0.95409,nan,0.92337,0.9282600000000001,0.93901,0.92496,nan,0.9078299999999999,0.88076,0.89597,nan,0.8370700000000001,0.85236,0.8196,nan,0.80861,0.7773899999999999,nan,0.7780699999999999,0.7481399999999999,0.7348100000000001,0.70481,0.70439,nan,0.71935,0.70582,nan,0.64677,nan,0.6197,0.61623,0.60653,nan,0.58754,nan,0.58692,0.5523399999999999,0.51294,0.52876,0.51668,0.50135,nan,nan,0.40307,0.40576999999999996,0.42672,nan,0.41698,nan,0.36843000000000004,nan,nan,0.32491,0.3219,nan,0.32285,0.26125,0.24502,0.25473,nan,nan,0.22083000000000003,0.23686,nan,0.18723,0.17867,0.14355,0.16365,nan,0.13008,0.12859,0.09905,0.083995,0.096837,0.065482,0.064002,0.036866,0.037973,-0.0028420000000000003,0.0079321,-0.010752,-0.012941,nan,-0.047845,-0.055549,nan,-0.085757,-0.10334000000000002,nan,-0.12872,nan,nan,-0.13696,nan,-0.18442,-0.17499,nan,-0.20287,-0.20551,nan,-0.20377,-0.22594,nan,-0.30571,-0.3169,-0.28178000000000003,-0.3085,nan,-0.33398,-0.37777,-0.3525,-0.36251,-0.35514,nan,-0.41229,-0.39381,-0.41625,-0.43471000000000004,-0.45064,-0.42033999999999994,-0.45318,-0.4712,nan,-0.5154,-0.51262,-0.53595,-0.53691,nan,-0.51871,-0.54889,-0.53363,-0.51725,-0.5675399999999999,-0.5676899999999999,-0.5586800000000001,nan,-0.58537,-0.5706399999999999,-0.59432,nan,-0.62658,-0.62252,-0.66314,-0.6425,nan,-0.67919,-0.67295,-0.68209,nan,-0.69142,-0.72153,-0.70375,nan,-0.71937,-0.73803,nan,-0.76461,nan,-0.7489600000000001,-0.7366,nan,nan,-0.77975,-0.79468,nan,-0.80961,-0.79477,-0.8085899999999999,nan,-0.7949,-0.79414,-0.79374,-0.80834,-0.82134,-0.8245299999999999,-0.8066399999999999,-0.8512799999999999,-0.8249799999999999,-0.8341700000000001,-0.8510200000000001,nan,-0.8407399999999999,-0.85835,-0.89859,-0.8669399999999999,-0.89265,-0.8843200000000001,-0.8922399999999999,-0.8867200000000001,-0.8772200000000001,-0.9068299999999999,-0.91158,-0.90885,-0.9118299999999999,nan,nan,-0.9427700000000001,nan,-0.91132,-0.9282600000000001,-0.95835,-0.9273899999999999,-0.93715,-0.92811,-0.94068,-0.97785,-0.98682,-0.96934,-0.97944,nan,-0.96549,nan,-0.96695,nan,nan,nan,-0.95057,-0.9851700000000001,-0.97136,-0.9675600000000001,-0.96709,nan,-0.9717399999999999,nan,-0.97745,-0.9741700000000001,-0.98324,nan,-0.99166,nan,-0.98264,-0.9850200000000001,nan,-0.97944,-1.0092,-1.0115,-1.0058,-0.99471,nan,-0.9727299999999999,nan,-0.9927299999999999,-0.9662700000000001,-0.98659,-0.9472799999999999,-0.9480200000000001,-0.9787,-0.9813,-0.9853799999999999,-0.9753299999999999,-0.9675799999999999,nan,nan,-0.9748399999999999,-0.94871,-0.982,-0.97047,-0.9539700000000001,-0.97229,-0.9625100000000001,-0.9477200000000001,-0.93989,-0.9588899999999999,-0.94252,-0.9230799999999999,-0.9212,nan,-0.93032,-0.91705,-0.91358,-0.9245399999999999,nan,-0.95676,-0.9282799999999999,-0.88886,nan,-0.9056799999999999,-0.8991399999999999,-0.92616,-0.88518,-0.88749,nan,nan,-0.90996,-0.8947200000000001,-0.89194,-0.8653700000000001,-0.8642299999999999,nan,-0.8538899999999999,nan,nan,-0.8618899999999999,-0.8217,nan,-0.82196,-0.8379200000000001,-0.8052699999999999,-0.7952,-0.8093,-0.80893,-0.79267,-0.77963,-0.79414,-0.76312,nan,-0.7791100000000001,-0.75074,-0.75103,nan,-0.7362,-0.72046,-0.75074,nan,-0.72033,-0.69407,-0.6756300000000001,nan,nan,-0.70427,-0.68011,nan,-0.65804,-0.66637,-0.61622,-0.67207,-0.65056,-0.66896,-0.67015,nan,nan,-0.62068,-0.64065,-0.6264,-0.59833,-0.62792,nan,-0.61825,-0.61733,-0.61423,-0.64,-0.63894,-0.61592,-0.61979,-0.6014,-0.6236,-0.6268,-0.5976899999999999,-0.61859,-0.58362,nan,-0.59215,-0.6086699999999999,-0.58165,-0.6146,-0.5835600000000001,-0.57902,-0.57706,-0.5796399999999999,-0.57795,-0.57692,nan,nan,nan,-0.5797,-0.56809,-0.5784199999999999,nan,nan,-0.5895600000000001,nan,-0.58839,-0.60831,-0.5877600000000001,nan,-0.58054,-0.59953,-0.58325,-0.58004,-0.61038,-0.58319,-0.5655,-0.58504,-0.60615,-0.59235,-0.57952,-0.56512,nan,-0.60034,-0.5768,-0.6029100000000001,-0.6117100000000001,-0.59827,-0.60087,-0.60522,nan,nan,nan,-0.60732,-0.6138399999999999,-0.59788,-0.63098,nan,-0.6106199999999999,-0.6282300000000001,-0.62138,-0.64866,nan,nan,nan,-0.62938,-0.63094,-0.67798,-0.65855,-0.67856,-0.67511,-0.66875,-0.64494,-0.6856300000000001,nan,-0.6957399999999999,-0.70198,-0.70939,-0.71368,-0.6927300000000001,-0.74305,-0.7249899999999999,nan,-0.73997,-0.74803,-0.73211,-0.73738,-0.74968,nan,-0.78174,-0.77512,-0.7643,-0.77968,-0.7779699999999999,-0.7790199999999999,-0.77788,-0.7621899999999999,-0.76549,-0.77954,-0.77868,-0.79674,-0.7913600000000001,-0.82894,-0.7852600000000001
5.0,0.087328,-0.075959,-0.029417000000000002,0.010781,-0.064262,-0.033772,-0.045492000000000005,-0.062402,-0.044601999999999996,-0.053797000000000005,-0.053912,nan,-0.055853999999999994,-0.063549,-0.05293200000000001,-0.05425,-0.064871,-0.063862,nan,-0.06287000000000001,-0.062794,-0.06356200000000001,-0.056119,-0.047022,nan,-0.062611,nan,-0.06614099999999999,nan,-0.066097,-0.05852,-0.065815,nan,nan,-0.09047100000000001,-0.097222,-0.09699999999999999,nan,nan,nan,-0.10282000000000001,-0.13608,-0.10166,nan,-0.084904,-0.10626,-0.09131900000000001,-0.10953,-0.12742,-0.13547,-0.14121,-0.14160999999999999,-0.14839000000000002,-0.1552,nan,-0.18524000000000002,-0.18459,-0.18927,-0.19777999999999998,-0.19644,nan,-0.20733000000000001,-0.2102,-0.2278,-0.23148000000000002,-0.2346,nan,nan,-0.25335,-0.27005,-0.28641,-0.29438000000000003,nan,-0.31149,-0.31140999999999996,-0.30321,-0.31938,nan,-0.32835,-0.34776,-0.3496,-0.3443,-0.3711,-0.37294,-0.36724,-0.38806,-0.38176,-0.37690999999999997,nan,-0.3881,-0.39875,-0.41658,-0.40847,-0.40713,-0.42713,-0.42866000000000004,-0.42286,-0.43063999999999997,-0.4302,-0.43673,-0.45647,-0.45558000000000004,-0.45824,-0.46806000000000003,nan,-0.47226,-0.47818999999999995,-0.47726,nan,-0.49755,-0.49878,-0.5011399999999999,-0.50905,-0.51761,-0.52145,-0.51159,-0.48416000000000003,-0.46903999999999996,-0.48312,-0.5007199999999999,-0.49993000000000004,-0.50168,-0.51453,-0.5222,-0.52082,-0.5212899999999999,-0.52223,-0.52996,-0.5485399999999999,-0.5564,-0.55748,-0.57225,-0.5869800000000001,-0.58841,-0.5907600000000001,-0.59715,nan,-0.5985699999999999,-0.60075,-0.6174,-0.62038,-0.61112,-0.6122,-0.61232,-0.6128899999999999,-0.6249600000000001,-0.63354,-0.63342,-0.63377,-0.63525,-0.63367,-0.63388,-0.6331899999999999,-0.63512,-0.64242,-0.6433399999999999,-0.63102,-0.63294,-0.65147,-0.6543100000000001,-0.6452899999999999,-0.6543899999999999,-0.65813,-0.62985,-0.61321,-0.62184,-0.61254,nan,nan,-0.62471,-0.6137199999999999,-0.61435,-0.62357,-0.61538,-0.61006,-0.6126699999999999,nan,-0.6179100000000001,nan,nan,nan,-0.63669,-0.6308199999999999,-0.63576,-0.64473,-0.64293,-0.64858,-0.65825,-0.65458,-0.6633,nan,nan,-0.67174,-0.6764,nan,-0.67703,-0.67953,nan,nan,-0.69083,nan,-0.7044,nan,nan,-0.70743,-0.71201,-0.7128,-0.7195199999999999,nan,-0.72421,nan,-0.73885,-0.7276600000000001,-0.72497,-0.7339100000000001,-0.73402,nan,-0.74802,nan,-0.74575,nan,-0.74756,nan,nan,-0.74524,nan,-0.75125,nan,-0.7673,-0.75751,-0.7709600000000001,-0.77853,-0.76884,-0.77594,-0.78257,-0.77752,-0.7813100000000001,-0.78065,nan,-0.78162,-0.79173,nan,-0.7872600000000001,nan,-0.8035,nan,-0.7919,-0.80472,-0.8044,-0.79943,-0.80408,-0.80378,nan,-0.8289799999999999,-0.83239,-0.8147800000000001,-0.8172,-0.8317899999999999,-0.83639,-0.83704,-0.83381,nan,nan,nan,nan,nan,nan,-0.85739,-0.85719,-0.85754,-0.8593299999999999,-0.85052,-0.84316,-0.8503200000000001,-0.85888,-0.8512,nan,nan,nan,-0.84311,-0.85296,-0.8577799999999999,nan,nan,-0.8558399999999999,-0.84854,-0.84835,-0.8337399999999999,nan,-0.80361,-0.81361,-0.80556,nan,-0.8137300000000001,-0.80612,-0.80071,nan,-0.80215,-0.8097,-0.8099,-0.8036399999999999,-0.81085,-0.8101,-0.7989,-0.8043,-0.80567,nan,-0.79186,-0.79291,-0.78099,-0.78056,nan,-0.7601899999999999,nan,-0.75397,-0.7468100000000001,-0.74738,-0.73828,-0.7362,-0.7479399999999999,-0.7390000000000001,-0.7307899999999999,-0.73557,-0.72551,-0.71037,-0.71836,nan,-0.70449,-0.69699,-0.70499,-0.70018,-0.6905600000000001,-0.69635,-0.70102,-0.68988,-0.67904,-0.6793600000000001,-0.67571,-0.66874,-0.66608,-0.6674100000000001,-0.66688,-0.66838,-0.6622100000000001,-0.6484,-0.64645,-0.6473800000000001,-0.63476,-0.6392399999999999,-0.6592399999999999,-0.65094,-0.6319899999999999,-0.63858,-0.64657,nan,-0.63257,-0.63344,-0.6352,-0.63686,-0.62237,nan,-0.62257,-0.61837,nan,-0.60075,-0.60039,-0.60334,nan,-0.57821,nan,nan,-0.58436,-0.57925,-0.58515,-0.59251,nan,-0.5787800000000001,nan,-0.5876899999999999,-0.575,-0.56796,-0.5686899999999999,-0.56265,-0.5562600000000001,-0.55601,-0.5552199999999999,-0.55609,-0.55707,nan,-0.55867,-0.55053,-0.53458,-0.53859,-0.54845,nan,-0.52442,-0.51031,nan,-0.52182,-0.5131100000000001,nan,-0.5089600000000001,-0.49988999999999995,-0.49803000000000003,nan,-0.49555,nan,-0.489,nan,-0.47643,nan,-0.49911000000000005,-0.49543999999999994,-0.48668,-0.47848,-0.47429,-0.47858999999999996,-0.47634,-0.46665,-0.47613999999999995,-0.49146000000000006,nan,-0.46283,-0.47568,-0.4524,-0.41208,-0.41621,-0.41934,-0.40963,-0.42141000000000006,-0.41758,nan,-0.41244,-0.41242,-0.40539000000000003,-0.41598,-0.42223,-0.41152,-0.41431,-0.42231,-0.41148999999999997,-0.40564,-0.41939,-0.41915,nan,-0.41799,-0.41958999999999996,-0.40846,nan,-0.41352,-0.40363000000000004,-0.39993,-0.40835,-0.41597,-0.42452,-0.42227,-0.40973999999999994,-0.41734,-0.4192,nan,-0.42551000000000005,-0.43171000000000004,-0.4191,nan,-0.42957,-0.43108,-0.41895,-0.40055999999999997,-0.40337,-0.41068999999999994,-0.39832,nan,nan,nan,-0.37844,nan,-0.38328,-0.34415,-0.33224000000000004,-0.32995,-0.33492,nan,nan,-0.32708000000000004,nan,-0.33045,nan,-0.32516,nan,-0.33203,-0.33044,-0.32885,-0.31522,-0.31033,-0.31925,-0.31595,-0.30854000000000004,-0.31014,-0.30734,-0.31403000000000003,-0.32101,nan,-0.30808,-0.30654000000000003,-0.2983,nan,-0.31461,-0.30325,nan,-0.3082,-0.30401999999999996,-0.29707,nan,nan,-0.26713000000000003,-0.26500999999999997,-0.26545,-0.25919000000000003,nan,-0.24275,-0.24393,-0.23131999999999997,-0.23571999999999999,nan,-0.22265,-0.22443000000000002,-0.22899,nan,nan,-0.22562,-0.21623,-0.20892,-0.21493,-0.22234,nan,-0.20954,nan,nan,-0.19701,nan,-0.19935,nan,-0.18661,-0.18579,-0.18325999999999998,-0.18722,nan,-0.17442,-0.17976,nan,nan,-0.11162000000000001,-0.12289000000000001,-0.11818,-0.10944000000000001,-0.099708,-0.094828,-0.096794,-0.088327,nan,-0.086697,-0.086792,-0.084117,-0.087186,nan,-0.07534199999999999,-0.073567,-0.073042,-0.07523300000000001,-0.075909,-0.064691,-0.064938,-0.075406,nan,-0.075099,-0.070485,-0.063813,-0.071364,nan,-0.059989,nan,-0.064839,nan,-0.064701,-0.06497,-0.051015,-0.05633099999999999,-0.062286,-0.044059,-0.042522000000000004,-0.054325,-0.051826,-0.050019,-0.051916,-0.050584,-0.052233,-0.051051,-0.050963,-0.051016000000000006,-0.051651,-0.05229299999999999,-0.048530000000000004,-0.053002,-0.053877,-0.039193,-0.048984,-0.063138,-0.044456999999999997,-0.04662,-0.068649,-0.063596,nan,-0.051642999999999994,-0.050492,-0.051863,-0.052721000000000004,-0.045810000000000003,-0.041143,nan,-0.054876999999999995,-0.044726999999999996,-0.042059,-0.050168,-0.051262,-0.051387999999999996,nan,-0.042774,-0.039588,-0.040506,-0.041806,-0.048621,-0.051302999999999994,-0.051690999999999994,-0.052328999999999994,-0.048018,-0.057526999999999995,-0.062027,-0.051822,nan,nan,-0.051747,-0.060118,nan,-0.04658,-0.052511,-0.06251,-0.057284,-0.049625999999999997,-0.051701,-0.058636,-0.065228,-0.06081,nan,-0.056767,-0.06500299999999999,-0.06260299999999999,-0.06188,-0.064665,-0.05860800000000001,nan,-0.050923,-0.050305,-0.05272999999999999,-0.063503,nan,-0.058945000000000004,-0.065062,-0.064817,-0.049765,-0.06019,-0.074911,-0.064441,nan,-0.074674,nan,-0.059078,nan,-0.08819199999999999,-0.08663,nan,-0.075911,nan,nan,-0.093776,nan,nan,-0.097993,-0.09302300000000001,-0.097584,-0.095873,-0.094693,-0.10297,-0.10789000000000001,nan,-0.10777,-0.10577,-0.10865999999999999,-0.10872000000000001,-0.096939,-0.099741,-0.10782,-0.097856,-0.09729199999999999,-0.12007000000000001,-0.13047999999999998,-0.12062,-0.12147000000000001,-0.13673,-0.14119,-0.13908,-0.14801,-0.15064,-0.14172,-0.13896,-0.14168,-0.1406,-0.15192,-0.16446,-0.15609,-0.15434,-0.17342,-0.17767,-0.17432999999999998,-0.18837,nan,-0.18993,-0.18331,-0.18674000000000002,-0.19382,nan,nan,-0.20956999999999998,nan,nan,-0.2082,nan,-0.21406999999999998,-0.22554000000000002,-0.23204,-0.23143000000000002,nan,-0.2456,-0.25468,-0.2623,nan,-0.27892,-0.28770999999999997,-0.28717,nan,-0.30458,-0.32172,-0.30723,-0.28964,nan,nan,-0.34021999999999997,-0.34262,-0.34339000000000003,-0.35078000000000004,-0.3647,nan,nan,-0.37139,-0.38343,nan,-0.39998,-0.39808000000000004,nan,-0.41129,-0.41091000000000005,nan,-0.42258,-0.42255,nan,-0.43914,-0.44523999999999997,-0.44378999999999996,-0.44072,-0.45721999999999996,-0.46608999999999995,-0.4562,-0.45295,nan,-0.47123000000000004,-0.48873999999999995,-0.48912,-0.48951000000000006,-0.50303,-0.51136,-0.51556,-0.5269199999999999,nan,nan,-0.54273,-0.56326,-0.5683600000000001,-0.5646399999999999,-0.57872,-0.5909300000000001,-0.59062,-0.59613,-0.60307,-0.59995,-0.61064,-0.6366,-0.64563,-0.6317699999999999,-0.63134,-0.65068,-0.65464,-0.6459600000000001,nan,-0.6652,-0.66697,-0.6806,-0.70548,-0.7149,-0.71053,nan,-0.71885,nan,-0.73645,-0.7450600000000001,-0.76108,-0.76966,-0.76879,-0.76862,-0.76626,-0.77094,-0.7812399999999999,-0.77974,-0.78264,-0.79485,-0.80401,-0.80914,nan,-0.82657,nan,-0.84339,-0.85031,-0.8599700000000001,-0.8684700000000001,-0.8743799999999999,-0.88538,-0.8933200000000001,-0.8915200000000001,-0.8971899999999999,-0.90185,-0.89351,nan,-0.89823,nan,nan,-0.91632,-0.93127,-0.92179,-0.9134,-0.92924,-0.93715,-0.9384899999999999,-0.9479200000000001,-0.94168,-0.93648,-0.95045,-0.95701,-0.9631700000000001,-0.9724700000000001,-0.98295,-0.9918600000000001,-0.98969,-0.99772,-1.0251,nan,-1.0373,-1.0383,-1.045,-1.0706,-1.0829,nan,-1.0766,-1.0979999999999999,-1.1037,nan,-1.1198,-1.1388,-1.1521,-1.1615,-1.1671,-1.1794,-1.1977,-1.2059,-1.2085,-1.2262,-1.24,-1.2383,nan,-1.2515,-1.2641,-1.2819999999999998,-1.2819999999999998,nan,-1.3079,-1.3044,-1.3154,-1.3308,-1.3299,-1.3431,-1.3518,-1.3530000000000002,-1.3715,nan,-1.3711,-1.3757,-1.3816,-1.392,-1.3942,nan,-1.4138,-1.419,-1.4207,-1.4408,-1.4506,-1.4531,-1.4671,-1.4758,-1.4726,-1.4779,-1.4867,nan,nan,-1.4973,-1.4857,-1.4784,-1.5098,-1.5322,-1.5218,nan,-1.5426,-1.5547,nan,-1.5792,nan,-1.5859,-1.5854,-1.5977,-1.6156,-1.6202,-1.6106,-1.6076,-1.6082,-1.6112,-1.617,-1.6194,nan,-1.6212,-1.6175,nan,nan,-1.6319,-1.6355,-1.6471,nan,-1.6549,-1.6511,-1.6566,nan,-1.6657,-1.6672,-1.6786,-1.6779,nan,-1.6858,nan,-1.6464,nan,-1.6456,-1.6412,nan,-1.6279,-1.6340000000000001,-1.6442,-1.6429,-1.6414,-1.6412,-1.6445,-1.6516,-1.6503,-1.6391,-1.6434,-1.6469,-1.6288,nan,-1.6312,nan,-1.6156,nan,-1.6205,nan,-1.6175,nan,-1.599,-1.5957,nan,-1.5885,-1.5735,-1.5805,-1.5845,-1.5675,-1.5542,-1.5483,-1.5409,-1.5413,-1.5425,-1.5374,-1.5302,-1.514,nan,-1.4667,nan,-1.4421,-1.4354,nan,-1.4298,-1.436,-1.4069,-1.3825,-1.386,nan,-1.3443,-1.3528,-1.344,nan,-1.3285,-1.3179,-1.2915,-1.2671,nan,nan,-1.2088,-1.1941,-1.1818,-1.1846,-1.1774,-1.1652,-1.1598,-1.1441,-1.1118,-1.0787,-1.0593,-1.0502,-1.0382,-1.0166,nan,-0.96747,nan,-0.93599,-0.92809,nan,-0.8695299999999999,nan,-0.8609399999999999,-0.8424,-0.8268399999999999,-0.79802,-0.7630899999999999,nan,-0.73947,nan,-0.67602,-0.6483899999999999,-0.62605,-0.60263,nan,-0.55715,-0.53777,-0.5043,-0.46902,nan,-0.40557,-0.38906999999999997,-0.38306,-0.3654,nan,-0.29262,nan,-0.2213,-0.18622,-0.18053,-0.15027000000000001,-0.10757,-0.077253,-0.03307,-0.0036626,0.024136,0.075846,nan,0.14578,0.17493,0.1894,0.23101,0.28047,0.30783,0.34804,0.39561,0.43023999999999996,0.46248,0.5033,0.54795,0.58515,0.61692,0.66268,nan,0.7489600000000001,0.78942,0.84741,0.8769,0.91904,0.99026,1.0135,1.0423,1.1143,1.1454,1.1602,1.2091,nan,nan,1.357,1.3874,1.4107,nan,nan,1.5326,1.5659,1.5933,1.6206,1.6786,1.7404,1.7662,1.7808,1.8191,1.8683,1.9166,1.9665,1.9971,2.0209,nan,2.1273,2.1412,2.1741,2.22,nan,2.2878,2.3312,2.3541,2.3929,2.4456,2.4715,2.5047,2.5568,2.5763,2.6004,2.6623,2.6931,2.6912,2.7306,2.7894,2.8138,2.8324,nan,nan,2.9160000000000004,2.9523,2.9626,2.9631,2.9774,nan,nan,3.0395,3.043,3.0380000000000003,3.0417,nan,nan,3.0598,3.0523,3.0606,nan,3.0439,3.0415,3.0523,3.0418,3.0243,3.0091,nan,2.9668,2.9591,2.9322,nan,2.8974,2.8687,nan,2.8485,nan,2.793,2.7847,2.7647,2.7233,2.705,2.7058,2.6956,2.6754,2.6511,2.6239,2.6056,2.5878,2.5624,nan,2.5412,2.51,2.4824,nan,2.4581,2.447,2.4747,2.4718,2.4363,2.425,2.4123,2.3846,2.3644,2.3488,2.3317,nan,2.2987,2.2909,2.2864,2.2679,nan,2.1962,2.1795,nan,2.1668,2.1482,2.1432,2.1435,2.1341,nan,nan,2.1168,2.0914,2.0803,2.0709,2.0533,2.044,nan,nan,1.9984,1.9869999999999999,1.989,1.9846,1.9762,nan,1.9731,1.9609,1.9447,1.9326,1.9315,1.9303,1.9212,1.9185,1.9173,1.896,1.8758,1.8774,1.8694,1.8533,1.8537,1.8446,1.8262,1.8203,1.8121,1.8067,1.8081,1.7994,1.7830000000000001,1.7669,1.7643,1.7735,1.765,nan,1.7526,1.7646,1.7563,1.7526,1.7526,1.7409999999999999,1.7491,1.7646,1.7447,nan,1.7352,1.7255,1.6987,1.6959,nan,1.6733,1.673,1.6707,1.6597,1.6626,1.6583,nan,1.6289,1.6297,1.6212,nan,1.6311,nan,1.5975,1.5998,1.6056,nan,1.5804,1.5844,1.5834,1.5846,1.5776,1.5733,1.5735,1.557,1.547,1.5504,1.5407,nan,1.5267,1.5149,1.5136,1.5299,1.52,1.5054,1.5163,1.5064,1.4926,1.5053,1.5014,1.4819,1.4692,1.4609999999999999,nan,1.4569,1.4482,1.449,nan,nan,1.4271,1.4275,1.4240000000000002,1.4091,nan,1.3846,1.3778,1.3683,1.36,1.3515,nan,1.3493,1.3491,1.3401,1.3402,nan,1.3421,1.3218,1.314,1.3147,nan,1.2968,1.2925,1.2930000000000001,1.2879,1.2692,1.2570000000000001,nan,1.2311,1.2269,1.2383,nan,nan,nan,1.2119,1.1863,1.172,1.1671,1.1573,1.15,1.1416,1.1351,nan,1.13,1.1178,1.1122,1.1044,1.0924,1.0952,1.1029,nan,1.0782,1.0621,1.0568,1.0591,1.0453,1.0331,1.0347,nan,1.0148,0.9966799999999999,0.9891399999999999,1.0126,1.0297,1.0213,nan,1.0067,0.9980600000000001,nan,0.9805,0.9748,0.9597700000000001,nan,0.91543,0.9079200000000001,0.8966299999999999,0.8785200000000001,0.86119,nan,0.85739,0.85714,0.8422799999999999,0.8266899999999999,0.8209200000000001,0.81375,0.80292,0.80015,0.79924,0.7913399999999999,0.78286,0.77285,0.75483,0.7375,nan,0.72127,nan,0.72285,0.71955,0.70727,nan,nan,0.69184,0.68529,0.66773,0.66633,0.66279,nan,0.6558,nan,nan,0.63058,0.627,nan,0.60869,0.59973,0.58319,0.57145,0.5635100000000001,0.56326,0.56914,nan,nan,0.54978,0.55342,0.5354300000000001,0.53076,0.52803,0.50845,nan,0.57467,nan,0.55445,0.56462,nan,0.5375300000000001,0.54446,0.5412100000000001,nan,0.5320699999999999,nan,0.50779,0.5072399999999999,0.51269,0.50313,nan,nan,0.49983,nan,0.48744,0.46847,0.46717,0.47508,nan,nan,0.44463,0.42978999999999995,0.43883,0.43838999999999995,0.42768999999999996,0.41841000000000006,0.40101,nan,0.39488,0.3857,nan,0.38171,0.37365,0.37485,0.3622,nan,nan,0.33836,0.3485,0.34846,0.32829,0.32606999999999997,0.33541,0.32368,0.30613,0.3199,0.33379000000000003,0.29468,0.27939,0.34183,0.36315,0.3371,0.33956,0.32847,0.31832,nan,0.32129,0.31816,nan,0.29441,0.29494000000000004,0.28844000000000003,0.26989,0.27204,0.27648,0.26883,0.26055,0.26063000000000003,0.2659,0.25456,0.23870999999999998,0.23972,0.2363,0.22466999999999998,0.2161,0.20815999999999998,0.20457,0.2065,0.20509000000000002,0.19987,0.1895,0.18274,0.17382,0.16126,0.16699,0.17096,nan,0.14631,0.15175,0.14853,0.14887,0.15086,nan,0.13829,0.12858,0.13032,0.12390999999999999,nan,0.10347,0.10396,0.091639,nan,0.082844,0.082647,0.068577,nan,0.055061,0.060341,0.048341,0.040326999999999995,0.033614,0.024125,0.014842,0.0069337,0.0057088,0.0035814999999999996,-0.0058997,-0.013153999999999999,-0.022782,nan,nan,-0.056415,-0.059387,-0.040551,-0.044001,nan,-0.072641,-0.07522899999999999,nan,-0.11241,nan,-0.10737999999999999,-0.11649000000000001,-0.1187,-0.11943,nan,-0.11713,nan,-0.13183,-0.13168,-0.1274,-0.1346,-0.15389,-0.16422,-0.15683,nan,-0.16404000000000002,-0.17324,-0.17512,-0.17522000000000001,-0.1757,-0.17515,-0.1739,-0.17639000000000002,-0.18417,nan,nan,-0.18689,-0.18852,-0.17221,-0.16105999999999998,nan,-0.13317,-0.13324,-0.14142000000000002,nan,-0.15008,-0.14548,-0.12836,-0.12982,-0.13095,-0.13141,-0.14246,-0.14282,-0.1331,-0.13046,-0.14229,-0.15224000000000001,-0.1463,-0.13876,-0.13193,-0.11913,-0.12352,-0.13032,-0.1207,-0.11717999999999999,-0.11692999999999999,-0.1059,-0.097263,-0.090408,-0.08221,-0.087297,-0.096238,-0.086578,nan,nan,-0.070371,-0.07724,-0.071127,-0.063585,-0.064027,-0.05664299999999999,nan,-0.052926999999999995,-0.037106,-0.026656,-0.029976999999999997,nan,nan,-0.019408,nan,-0.0097618,nan,0.005474199999999999,0.0039556999999999995,nan,0.018706,0.01319,0.0049503,nan,0.0061359,0.0041968000000000005,0.0039831,0.010948999999999999,0.017918,nan,0.01311,0.023624000000000003,0.026632999999999997,0.025671,0.036745,nan,0.025715,0.036014,0.049792,0.048458999999999995,0.050993000000000004,nan,0.060288,nan,0.058572000000000006,nan,0.054935000000000005,0.061946,0.059047,nan,nan,0.061110000000000005,0.059473000000000005,0.050685,0.05706,0.074526,0.072202,0.06804400000000001,0.076691,0.068119,nan,nan,0.07659500000000001,nan,0.06919,0.076214,0.066856,0.05896900000000001,0.069736,nan,0.057952,0.058901999999999996,0.061671000000000004,0.059338,0.06025,0.060252,0.054336,0.049248,0.06176,0.073321,0.057916999999999996,0.050754,0.059279,0.053465,0.047693,0.049876,0.038022,0.027608999999999998,nan,0.024997,0.015567,0.01401,0.017238999999999997,0.014203,0.014058000000000001,0.018585,0.011054999999999999,0.0042432,0.0065895,-0.0028916999999999997,-0.0029394,0.014181000000000001,0.01207,nan,-0.0044076,0.0038884999999999996,0.00098755,-0.016975,-0.031191000000000003,-0.030545999999999997,-0.027442,-0.032039,-0.042823,-0.050631,-0.050537,-0.052801999999999995,nan,-0.072559,-0.074598,-0.073622,-0.07506399999999999,nan,-0.071779,-0.076318,nan,-0.085165,-0.087907,-0.097575,-0.097524,-0.08905700000000001,-0.084686,nan,nan,-0.11748,-0.1238,-0.15335,-0.17854,-0.19416,-0.19426,-0.16752,-0.13125,-0.10454000000000001,-0.081357,nan,-0.061634,-0.060395000000000004,-0.050602,-0.049117,nan,-0.040418,nan,0.020631,0.040088,0.053145000000000005,0.058838999999999995,0.069314,0.071076,nan,0.029763,nan,-0.030955,-0.041701999999999996,-0.041013,nan,-0.038976,-0.042252,-0.043844,-0.029913,nan,nan,-0.04358,nan,-0.051792,-0.042557,-0.03863,-0.041477,nan,-0.041949,-0.033446,-0.027739999999999997,nan,-0.021254,-0.009532299999999999,-0.0039664999999999995,0.0045024999999999996,nan,0.015650999999999998,nan,0.014513999999999999,0.0098905,0.029293,0.036238,0.034869,0.050825999999999996,0.018034,0.048295,0.047172000000000006,nan
5.0,-0.36428,-0.53299,-0.42768,-0.49218,-0.45453000000000005,-0.49378,nan,-0.46019,-0.49077,-0.48721000000000003,-0.48178999999999994,-0.49373999999999996,nan,-0.47785,-0.50888,-0.50054,-0.48954,-0.4905,-0.49537,-0.51344,-0.51094,nan,nan,-0.53284,-0.54724,nan,-0.54527,-0.55288,-0.5556800000000001,-0.54424,-0.54838,-0.55077,nan,nan,-0.56279,nan,-0.58539,-0.58786,-0.59541,-0.5955,-0.6069,-0.61561,-0.61803,nan,-0.60978,-0.61361,-0.6047100000000001,-0.6178,-0.62689,-0.62654,-0.62489,nan,-0.6372,-0.63503,nan,-0.64654,-0.64758,-0.64368,-0.65446,-0.67243,-0.6633600000000001,-0.65879,-0.66904,-0.64993,-0.65452,-0.67823,-0.67133,nan,-0.67883,nan,-0.69026,nan,-0.66695,-0.68376,nan,-0.6895,-0.69908,-0.6975100000000001,-0.7051,-0.70841,-0.71146,-0.71896,-0.6965,-0.69712,nan,nan,-0.72983,-0.73516,-0.7170000000000001,nan,-0.7404,-0.74807,nan,nan,-0.74971,-0.75116,-0.7629199999999999,-0.77117,-0.77817,-0.78496,-0.76649,-0.7642100000000001,-0.78582,-0.79252,-0.8025899999999999,-0.81138,-0.8067300000000001,-0.7891699999999999,-0.77845,-0.79998,nan,nan,-0.82181,nan,-0.80386,-0.82542,nan,-0.8194799999999999,nan,-0.8348399999999999,-0.82065,-0.8341700000000001,-0.84073,-0.83183,-0.84601,-0.8541200000000001,-0.85451,-0.83809,-0.8322,nan,-0.8639100000000001,-0.86434,-0.87529,-0.86854,-0.84264,nan,-0.8752700000000001,-0.85756,nan,-0.87554,-0.85506,-0.85744,-0.8705799999999999,nan,-0.88986,-0.90712,-0.90615,-0.89476,-0.9099200000000001,nan,-0.8811100000000001,-0.8939,nan,-0.8963399999999999,-0.8923200000000001,-0.9133700000000001,-0.9046200000000001,-0.89094,-0.91489,-0.9240799999999999,nan,-0.90454,nan,nan,nan,nan,-0.9151600000000001,-0.90596,nan,-0.9084700000000001,nan,-0.88944,-0.90514,-0.9259,-0.90538,-0.9131,nan,-0.90448,-0.90596,-0.89979,-0.89685,-0.91727,nan,-0.9106700000000001,-0.9270299999999999,-0.91043,-0.89128,-0.8962899999999999,-0.90674,-0.91738,nan,-0.8920899999999999,-0.90727,-0.88685,nan,-0.91579,-0.89685,-0.902,nan,-0.87151,-0.8809899999999999,-0.89631,nan,-0.86519,nan,-0.86867,-0.8768299999999999,-0.86756,-0.86513,nan,-0.86519,-0.8623700000000001,-0.8629100000000001,nan,-0.8764,-0.87131,-0.8640100000000001,-0.86418,-0.86385,nan,nan,-0.84436,-0.84664,-0.853,-0.85226,nan,-0.8507399999999999,nan,-0.8623799999999999,-0.8526,nan,-0.85429,-0.8614299999999999,nan,-0.8361,-0.84764,nan,-0.83442,-0.84444,-0.8346,-0.83188,-0.8300799999999999,nan,-0.8540200000000001,-0.84211,-0.83399,-0.83255,-0.8331700000000001,nan,-0.83731,-0.8418899999999999,-0.8322799999999999,-0.8239,-0.8115,-0.8198799999999999,nan,-0.79881,-0.81693,-0.80833,-0.78237,nan,nan,-0.79924,-0.78785,-0.79283,-0.79113,nan,-0.79452,-0.77315,-0.7784399999999999,-0.79392,-0.77174,-0.76148,nan,-0.75898,nan,-0.76076,-0.7671100000000001,-0.76261,-0.7391,nan,-0.73348,nan,nan,-0.7276,-0.7271,nan,-0.73045,nan,-0.72723,-0.7072,nan,nan,nan,-0.71038,-0.70058,-0.69225,-0.67432,nan,-0.70263,-0.6631600000000001,-0.67897,-0.69001,nan,-0.67735,-0.67506,-0.6784600000000001,-0.6756,-0.66894,-0.66918,-0.65774,-0.6632,-0.66165,-0.6386,nan,-0.64795,-0.64818,-0.63705,-0.64023,-0.64642,-0.62632,-0.6158399999999999,-0.61679,-0.6150899999999999,nan,-0.6075699999999999,-0.59101,-0.61226,-0.59927,-0.5867,nan,nan,-0.5592600000000001,-0.57272,-0.56926,-0.56505,-0.56414,-0.5451,-0.55174,-0.54688,-0.5465399999999999,nan,-0.54267,-0.5447,-0.53469,-0.5401600000000001,nan,-0.5182899999999999,-0.51332,nan,-0.52303,-0.51385,nan,-0.47991000000000006,-0.48804,-0.48818,-0.48197,-0.49336,-0.48372,-0.47822,-0.4867,-0.4664,-0.46291000000000004,-0.47086999999999996,nan,-0.47328000000000003,-0.45033,-0.46698,-0.45883,-0.45625,-0.46908,-0.45133999999999996,nan,-0.45643,-0.45188999999999996,nan,-0.44098999999999994,-0.44333999999999996,-0.45109,nan,-0.41758999999999996,-0.42345,-0.40663,-0.42256000000000005,-0.43764,-0.40729,-0.39995,-0.39755999999999997,-0.40919,-0.39361,-0.37435999999999997,-0.39313000000000003,-0.38681,-0.37853000000000003,-0.38721,nan,-0.38414,nan,-0.36869,-0.35444000000000003,-0.33705,-0.36507,-0.35683000000000004,nan,-0.33158000000000004,-0.32694,nan,-0.32725,nan,-0.3401,-0.32788,-0.32576,-0.32404,-0.31582,-0.31733,-0.32527,-0.32613000000000003,-0.32513000000000003,nan,-0.3258,-0.3263,-0.32706999999999997,-0.32678,nan,nan,-0.30337,-0.30846,-0.31731,-0.30716,nan,-0.28342,-0.28484,nan,-0.27019,-0.26526,-0.26575,-0.25439,nan,-0.26326,-0.26961,-0.27276,-0.2646,-0.26565,-0.25447,nan,-0.23751999999999998,nan,-0.25199,nan,-0.25489,-0.21802,-0.21478000000000003,-0.22978,-0.21608000000000002,-0.2316,-0.2432,-0.2348,nan,-0.22644,nan,-0.22751,nan,nan,-0.20329,nan,-0.1904,nan,-0.20546999999999999,-0.21093,nan,-0.19247999999999998,nan,-0.2059,-0.18699000000000002,-0.18384,-0.19215,-0.17827,-0.17272,-0.18992,-0.19569,nan,nan,-0.18392,-0.17344,-0.20462,-0.20511999999999997,nan,-0.17568,nan,-0.17486,-0.16751,-0.16244,-0.17282,nan,nan,-0.16837,-0.14757,-0.16376,-0.16151,-0.17109000000000002,nan,nan,-0.16635999999999998,nan,-0.17494,-0.17069,-0.15187,-0.14935,-0.15507,-0.1688,-0.16741,nan,-0.16096,-0.15120999999999998,-0.15855999999999998,-0.16119,-0.16449,-0.17143,-0.15682000000000001,-0.16349,-0.17310999999999999,-0.15234,nan,-0.18053,nan,nan,-0.16222,nan,-0.15528,-0.14557,-0.15732000000000002,-0.16079000000000002,-0.16071,-0.16158,-0.16185,-0.1605,-0.16215,-0.1544,nan,-0.15139,-0.16342,nan,-0.16194,-0.16242,nan,-0.14249,-0.1681,-0.17025,-0.15188,nan,-0.14653,-0.15212,-0.14724,-0.15484,nan,-0.16264,-0.14105,-0.154,-0.16050999999999999,-0.14023,-0.14513,-0.14937999999999999,-0.14169,-0.15872999999999998,-0.15592,-0.14578,-0.15284,-0.14882,nan,-0.17277,-0.15087,-0.16074000000000002,-0.14354,-0.12884,-0.14382,-0.14049,-0.1419,-0.13992000000000002,-0.14999,-0.14227,nan,nan,nan,nan,nan,-0.14249,nan,nan,-0.15136,-0.14854,-0.14192000000000002,-0.15111,-0.13508,-0.13233,-0.14448,-0.13659000000000002,-0.12999000000000002,nan,-0.16168,-0.13938,-0.1233,-0.13776,-0.13946,-0.14256,-0.15142,-0.15092,-0.15085,-0.14096,-0.11887,nan,-0.14244,-0.14168,-0.14155,-0.13906,-0.14808,-0.14526,-0.14231,-0.14998,-0.1301,-0.12804000000000001,-0.15527,nan,-0.13907,-0.14662999999999998,-0.1475,nan,nan,-0.13725,-0.13502,-0.1631,-0.15148,-0.12579,nan,nan,-0.1327,-0.14029,nan,-0.14876,-0.14957,-0.14126,nan,-0.153,-0.14527,-0.16207,-0.1706,-0.15764,-0.15091,-0.15982000000000002,-0.17321,-0.16004000000000002,nan,-0.17945999999999998,-0.17228,-0.18282,-0.17244,-0.18678,-0.18537,nan,-0.17157,-0.18092,-0.18448,-0.20307,-0.18516,-0.18705,nan,-0.18455,-0.20745999999999998,nan,nan,-0.20378,nan,-0.21606,-0.20876,-0.21664,-0.22336999999999999,-0.21386999999999998,-0.21316999999999997,-0.20992,-0.22368000000000002,-0.23362,nan,-0.2255,-0.23474,-0.2338,-0.23403000000000002,-0.23490999999999998,-0.25298000000000004,-0.26538,-0.26582,-0.27605,nan,-0.24625999999999998,-0.2703,-0.26933,nan,-0.28657,-0.28573000000000004,-0.29307,-0.30195,-0.31334,nan,-0.30777,-0.32855999999999996,-0.31817,-0.30345,-0.32833,-0.33585,nan,-0.31974,nan,-0.32694,-0.33626,-0.33469,nan,-0.34256,-0.33616999999999997,nan,-0.3271,-0.33613000000000004,-0.33416,-0.34594,-0.33599,-0.33034,-0.36139,-0.35893,-0.36629,-0.36477,nan,-0.35485,-0.37151,nan,-0.37921,-0.40023000000000003,-0.38106,nan,-0.3836,nan,-0.40186,nan,-0.39025,-0.38999,-0.41984,nan,-0.39739,-0.43146,-0.41031000000000006,-0.42588000000000004,-0.44018999999999997,nan,-0.43288999999999994,-0.43418,-0.45258999999999994,-0.45203000000000004,-0.46082,-0.45102,nan,-0.48783999999999994,-0.4752,-0.47134,-0.47179,-0.46236000000000005,nan,-0.47917,-0.49433999999999995,-0.47128000000000003,-0.4752,-0.48163999999999996,nan,-0.49038000000000004,-0.50835,nan,-0.49355,-0.5051800000000001,-0.52459,-0.5334,-0.53467,nan,-0.54388,-0.55198,-0.54279,-0.54482,-0.54383,-0.55928,-0.57048,-0.58032,-0.5842,-0.58677,-0.58495,-0.57413,-0.6005,nan,-0.60296,-0.63597,-0.6193,-0.61878,-0.64662,-0.63795,-0.64504,-0.66715,-0.66327,-0.65493,-0.64689,-0.65618,-0.6763100000000001,-0.66577,-0.64704,-0.65017,-0.67407,-0.67632,-0.6674,-0.69518,-0.69067,-0.69248,-0.69393,-0.69065,-0.71026,-0.69957,nan,-0.73688,-0.71257,-0.71297,-0.73505,-0.75225,-0.76143,nan,nan,-0.7493,nan,-0.78778,-0.8042600000000001,nan,-0.80402,-0.80011,-0.80438,-0.82153,-0.8488899999999999,-0.84114,-0.83344,nan,nan,-0.84659,-0.85241,-0.8560700000000001,-0.87644,-0.8754700000000001,nan,-0.9003399999999999,-0.9020799999999999,nan,-0.9036200000000001,-0.92737,-0.9169299999999999,-0.91395,-0.92175,-0.93516,-0.95215,-0.95526,-0.94404,-0.93778,nan,-0.97119,nan,-0.96672,-0.97506,-0.99939,-0.99926,-1.0258,-1.0314,-1.0317,-1.0405,-1.0393,-1.0518,-1.0512,-1.0571,-1.0726,nan,-1.0505,-1.062,-1.0605,-1.0725,-1.0804,-1.0856,-1.0994,-1.0982,-1.1067,-1.1228,nan,-1.1185,-1.1399,-1.1411,-1.1463,-1.1539,-1.1535,nan,-1.1445,-1.147,-1.163,nan,-1.1559,-1.1622,-1.1547,-1.171,-1.1837,-1.182,-1.1867,nan,-1.1916,-1.1856,-1.1954,-1.1846,-1.1943,nan,-1.2023,-1.2067,-1.2165,-1.2257,-1.2239,-1.232,-1.2316,-1.2221,nan,-1.2378,-1.2471,-1.2449,nan,nan,nan,-1.2456,-1.2483,-1.2575,-1.2388,-1.2403,-1.2438,-1.2314,-1.2382,-1.2482,nan,-1.2424,-1.2229,-1.2314,-1.2337,-1.2394,nan,-1.2393,-1.2232,-1.2294,nan,-1.2232,-1.2334,-1.2149,-1.2256,-1.2127,-1.1912,-1.1988,nan,-1.1739,-1.1851,-1.166,-1.1507,-1.163,-1.1544,-1.1555,-1.1463,-1.1211,nan,-1.1052,-1.1045,-1.1129,-1.0865,-1.068,-1.072,nan,-1.0472,-1.0674,-1.0565,-1.0297,-1.0281,nan,-0.97959,-0.9688899999999999,-0.95986,nan,-0.9255899999999999,-0.9122600000000001,-0.90336,-0.88631,nan,nan,-0.8549200000000001,-0.83685,-0.8277700000000001,-0.79813,nan,-0.80515,-0.77227,-0.75193,nan,-0.7118399999999999,-0.70986,nan,-0.6792199999999999,nan,nan,-0.65661,-0.63556,-0.61612,-0.61737,-0.58001,-0.56721,nan,-0.51017,-0.49496999999999997,-0.48145,-0.4828,nan,-0.44393999999999995,-0.4179,-0.38808000000000004,nan,nan,-0.33762,-0.3196,-0.30689,-0.29846,nan,nan,nan,-0.19232,-0.19204000000000002,-0.16605999999999999,-0.12880999999999998,-0.13485,-0.12103,-0.095606,nan,nan,-0.027371,0.020674,0.034434,0.046488999999999996,nan,0.065719,0.092443,0.11172,0.14639000000000002,nan,0.19291,0.20234000000000002,nan,0.24566999999999997,0.28406,0.31399,0.3298,0.32356999999999997,0.35564,0.39688,0.4046,0.43848000000000004,0.45853,0.46788,0.50422,0.52294,0.54251,0.56095,0.56517,0.6047600000000001,nan,0.65127,nan,nan,0.70297,0.72501,0.73749,0.7640100000000001,0.78752,0.8193,0.8528399999999999,nan,0.88938,nan,0.9214899999999999,nan,0.98119,1.0077,1.0345,1.0713,1.0923,nan,1.1399,nan,1.1962,1.2319,1.2405,1.2626,1.2899,1.3227,nan,nan,1.4302,1.4324,1.4757,1.505,1.5471,1.5897,nan,1.6224,1.6618,1.6905,1.7316,nan,1.7908,1.8575,1.8542,1.8648,1.9156,1.9592,1.9697,2.0016,nan,2.0678,2.1343,2.1446,nan,2.1966,nan,2.2512,2.2762,nan,2.3045,2.3217,nan,2.3629,2.3841,2.4017,nan,2.4212,2.444,2.4625,2.4912,2.4927,2.4741,2.4869,2.5178,2.4956,2.5111,2.5355,2.5127,2.5254,nan,2.5188,2.5002,2.4991,2.5178,nan,2.5256,2.5274,2.5153,2.5152,2.5098,2.5025,2.5039,2.495,2.4925,2.5045,2.4924,2.4804,2.4842,2.469,2.443,2.432,2.4339,2.4167,nan,2.3964,nan,nan,2.3605,2.3481,2.3176,2.302,2.2956,nan,2.2977,2.2785,nan,nan,nan,2.2108,2.2036,nan,2.1747,2.1822,2.1717,2.1338,2.1399,2.1526,2.1431,nan,2.0878,nan,2.0739,2.0542,2.062,nan,2.0583,2.0591,nan,2.0102,1.9981,1.9765,nan,1.9694,1.9678,1.9541,1.9481,1.9572,1.9433,nan,1.9174,1.9076,1.8961,1.8994,1.9035,1.893,1.8945,1.8771,1.8554,nan,1.8533,1.8533,nan,1.8417,1.8332,1.841,1.8393,1.8249,1.8235,1.8196,1.7998,1.7909,nan,1.7891,1.7939,nan,1.7701,1.7827,nan,1.7713,nan,1.7821,1.758,nan,1.7595,1.7494,1.7678,nan,nan,1.7399,nan,nan,1.7198,1.7186,1.7115,nan,1.7180000000000002,nan,1.7216,1.73,1.7199,1.719,1.7174,1.7233,1.7292,1.7172,1.7086,1.7075,1.7154,1.7212,1.7147,1.7066,1.7093,1.7088,1.6984,1.7121,nan,nan,nan,1.7213,nan,1.6985,nan,1.7102,1.6969999999999998,nan,1.7066,1.7083,1.7114,1.6907,1.6941,nan,1.6875,nan,1.7085,1.7007,1.6901,1.6878,nan,nan,1.6989,1.6777,nan,1.6872,1.6748,1.672,nan,nan,1.6669,nan,1.6761,1.6685,nan,1.6842,1.6666,1.6778,1.6599,1.6623,1.6692,1.6676,1.6619,1.6464,nan,1.6791,1.6623,1.6538,nan,1.6632,nan,1.6476,1.6499,1.6207,1.6138,1.6165,nan,1.6296,1.5948,1.6131,1.6102,nan,1.6021,1.594,1.5938,1.5846,1.5944,1.5885,1.5819,1.5836,1.5681,nan,1.5949,nan,1.5728,nan,1.5608,1.5686,1.5747,1.5737,nan,1.5631,nan,1.5612,nan,1.5855,nan,1.5646,1.5584,nan,1.5507,1.5503,1.5433,1.5426,1.5327,1.5357,1.5159,1.5202,1.5134,nan,nan,1.5041,1.49,nan,1.4869,1.4991,1.4969,1.4698,1.4805,1.4866,1.4639,1.4657,1.4706,nan,1.4621,1.4618,1.4414,1.4454,1.4529,1.4451,1.4233,1.422,1.4497,1.4357,1.4246,1.4388,nan,1.4413,1.4383,1.43,1.4387,1.4340000000000002,1.4314,1.4451,1.4334,1.419,nan,1.4106,1.4084,1.4054,nan,1.3897,1.3999,1.3986,1.3952,1.4124,1.3854,1.3657,1.3823,1.3771,1.3782,1.3707,1.3633,1.375,1.3499,1.3219,1.3279,1.3368,nan,1.3338,nan,1.3094,nan,1.2983,nan,1.2973,1.2891,1.2732,1.2602,1.2658,1.2496,1.2332,1.2437,1.2357,nan,1.2242,1.2146,1.2372,1.2438,1.2357,1.2221,nan,1.2229,1.1946,1.1778,1.1611,1.162,1.1523,1.1534,nan,1.1314,1.126,1.0873,1.0864,nan,1.0862,1.0887,nan,1.0563,1.0462,1.0281,nan,1.0254,nan,1.0135,0.96798,0.96496,0.97498,0.96299,0.93453,0.94383,0.93299,nan,0.9031100000000001,0.89341,0.89975,0.90122,0.88476,0.8797299999999999,nan,0.84072,nan,0.8167399999999999,0.8026399999999999,nan,0.77363,0.76568,0.73429,0.71637,nan,0.71708,nan,0.6983199999999999,0.6917300000000001,0.66251,0.6450600000000001,0.64652,0.63322,nan,0.61475,0.61019,0.57899,0.55224,0.55343,0.53869,0.5283899999999999,0.5310199999999999,0.51431,0.48668999999999996,0.4695,nan,0.43682,0.42188000000000003,0.41247,0.40922,nan,0.39742,0.38074,0.36064,0.35029,nan,0.29315,0.30224,0.27355999999999997,0.27081,0.26899,0.25577,0.24435,0.21184,0.20079,0.20064,0.1909,0.18706,0.16465,0.16385,0.14964,0.11542000000000001,0.12687,0.11258,0.099745,0.084094,0.057274,0.057415,0.054562,0.044853,0.03614,0.02452,-0.0055314,-0.012546,nan,-2.689e-05,-0.027037000000000002,-0.043951,-0.064419,-0.063072,-0.060073,-0.08887300000000001,-0.11133,-0.1205,-0.13784000000000002,-0.14418,-0.13798,nan,-0.1795,-0.17339000000000002,nan,-0.17527,-0.17414000000000002,nan,-0.19125,-0.21095999999999998,-0.23754,-0.24459,-0.25115,-0.26585,-0.25782,-0.2807,-0.29277,-0.28728000000000004,-0.3178,-0.3177,-0.32218,-0.32605,nan,-0.335,-0.32611,-0.34879,-0.36785,-0.37306,-0.39071999999999996,-0.40143,nan,-0.38811999999999997,-0.40063000000000004,nan,-0.42381,-0.44966000000000006,-0.4591,-0.44883,-0.46431999999999995,nan,-0.46185,-0.46455,-0.48271000000000003,nan,-0.47936999999999996,nan,-0.5027699999999999,-0.51225,nan,-0.53082,-0.547,-0.54427,-0.5544,nan,-0.5514600000000001,-0.5654600000000001,-0.55412,nan,-0.58048,nan,-0.59637,-0.59675,-0.5846100000000001,-0.5916100000000001,nan,-0.60014,-0.61831,-0.61662,-0.62563,-0.62959,-0.62005,-0.6399199999999999,-0.63872,-0.61197,-0.62967,nan,-0.63713,-0.64043,-0.64957,-0.6405,-0.63755,-0.66023,-0.67803,nan,-0.65005,nan,-0.67167,nan,-0.67033,-0.6701699999999999,-0.65457,-0.67307,-0.6705399999999999,-0.67286,nan,nan,-0.69689,-0.72592,-0.73038,-0.72592,-0.7333,-0.73865,-0.7291300000000001,-0.73943,-0.7515,nan,-0.74055,-0.73341,-0.73097,-0.7401,-0.73035,-0.7373,-0.74039,nan,-0.73516,nan,-0.7420100000000001,-0.75115,-0.7519100000000001,nan,nan,-0.75248,nan,-0.73912,nan,-0.7612800000000001,-0.75371,-0.74585,-0.7558600000000001,-0.75846,-0.75029,-0.75153,-0.74905,nan,-0.75347,-0.75263,-0.7600600000000001,-0.74985,-0.76179,nan,-0.7497199999999999,-0.7559,nan,-0.74661,-0.75275,-0.7621899999999999,-0.75227,nan,-0.7552300000000001,-0.76471,nan,-0.75843,-0.75163,-0.75217,-0.73956,-0.7464,-0.7431399999999999,-0.72467,-0.73046,-0.72082,nan,-0.71832,-0.71324,-0.7045399999999999,-0.69253,nan,-0.71043,-0.70167,-0.68834,-0.6865899999999999,-0.68828,-0.68406,-0.6775800000000001,-0.6893,-0.6898,-0.67348,nan,-0.65833,-0.65355,-0.66086,nan,-0.64749,nan,-0.64253,-0.64172,-0.65679,-0.63122,nan,-0.64805,-0.63672,-0.64039,nan,-0.64361,nan,nan,nan,-0.6268600000000001,-0.61821,-0.6212,-0.63953,-0.62046,-0.61788,nan,-0.5993,-0.5996600000000001,-0.5988899999999999,nan,-0.58737,-0.58544,-0.56726,-0.5452600000000001,-0.54948,-0.54953,-0.54337,-0.55607,-0.55352,-0.54479,-0.54487,-0.53255,nan,-0.49965,-0.50189,-0.50261,-0.5120899999999999,-0.50185,-0.4676,-0.48735,-0.47923000000000004,-0.46234,-0.48221,nan,-0.47693,-0.47167,-0.45371999999999996,nan,-0.46135,-0.48446000000000006,-0.48396999999999996,-0.46853999999999996,nan,-0.4645,-0.44781000000000004,-0.45,-0.45286000000000004,nan,-0.44028999999999996,-0.46116,-0.46428,-0.44805,-0.46248999999999996,nan,-0.45976000000000006,-0.47362,-0.45469,-0.45032,-0.44615,-0.44056999999999996,-0.4525,-0.45196000000000003,nan,-0.45921000000000006,-0.43661000000000005,-0.44958000000000004,-0.44192,-0.42031999999999997,nan,-0.44446,-0.4418,-0.45753,-0.4409,-0.44486000000000003,-0.46198999999999996,nan,-0.45375,-0.43478999999999995,-0.42983000000000005,-0.44783,nan,-0.4637,-0.46221999999999996,nan,-0.45132,-0.45768000000000003,-0.45108000000000004,-0.45937,nan,-0.45148999999999995,-0.46369,-0.45083999999999996,-0.46118000000000003,-0.47042,-0.42646000000000006,-0.47463999999999995,-0.44269,-0.39987
2.0,-0.47441000000000005,-0.81714,-0.5545100000000001,-0.70125,-0.64708,nan,-0.68958,-0.66533,-0.69867,-0.68437,nan,-0.68916,-0.71183,nan,-0.7191,nan,-0.7285,-0.73552,-0.7169300000000001,-0.7610600000000001,nan,-0.70796,nan,-0.74902,-0.75238,-0.79905,-0.7764800000000001,-0.77866,-0.802,-0.78223,-0.80413,-0.83237,-0.83811,-0.81238,-0.7950699999999999,-0.8027,nan,-0.83624,-0.8174100000000001,-0.8352799999999999,-0.85905,-0.8705799999999999,-0.8813,-0.8519899999999999,-0.83331,-0.85359,-0.8750100000000001,-0.84504,-0.8391799999999999,-0.8680200000000001,-0.86639,nan,-0.8919100000000001,-0.87565,-0.8831600000000001,-0.88334,-0.90159,-0.91495,-0.9084700000000001,-0.87956,-0.8922200000000001,-0.8927799999999999,-0.88582,-0.91705,-0.8875200000000001,nan,-0.9153,-0.89389,-0.92158,-0.9185,-0.9095,-0.9366399999999999,-0.9031799999999999,-0.90971,-0.90541,-0.8864799999999999,-0.9470299999999999,-0.89851,nan,-0.94616,-0.91889,-0.91825,-0.9323799999999999,-0.9352299999999999,-0.9035299999999999,-0.9100600000000001,-0.93227,nan,-0.91874,-0.93211,-0.9189799999999999,-0.9118200000000001,-0.9160200000000001,-0.9134200000000001,-0.9180799999999999,-0.93211,nan,-0.9284600000000001,-0.92611,-0.90709,-0.9224,-0.9321799999999999,-0.8998,-0.92253,nan,-0.9216200000000001,nan,-0.91114,-0.8985299999999999,-0.92837,nan,-0.9128799999999999,-0.91369,-0.9184899999999999,nan,-0.90515,-0.8990600000000001,-0.9428,-0.9329,-0.9152600000000001,-0.9338200000000001,nan,-0.98835,-0.93266,-0.9234399999999999,-0.9454899999999999,nan,-0.91799,-0.9162100000000001,-0.9250799999999999,nan,-0.91412,nan,-0.93132,-0.9301799999999999,-0.93616,-0.9056200000000001,-0.9060799999999999,nan,nan,-0.90044,nan,-0.92025,-0.9129999999999999,-0.91259,nan,-0.94988,nan,-0.8937700000000001,-0.91295,nan,-0.9237200000000001,-0.92795,-0.90069,-0.9274100000000001,-0.9107,-0.899,-0.919,-0.9154,-0.9174899999999999,-0.8995799999999999,-0.92101,-0.92689,-0.9078700000000001,-0.91991,-0.93281,-0.9332,nan,-0.91486,-0.91125,-0.92132,-0.92847,nan,-0.9105700000000001,-0.9242799999999999,nan,-0.91391,-0.92584,nan,-0.92875,-0.9375899999999999,nan,nan,-0.9297,-0.9314899999999999,-0.91837,-0.89641,-0.9249799999999999,nan,-0.8974700000000001,-0.91814,-0.8982600000000001,-0.88321,-0.89226,-0.9184700000000001,-0.92606,-0.8800899999999999,-0.87019,-0.91699,-0.92037,-0.9074399999999999,-0.9287299999999999,-0.9189,nan,-0.90109,-0.9,-0.8997700000000001,-0.8934,-0.9083899999999999,-0.90875,-0.88081,nan,-0.87074,nan,-0.8463299999999999,-0.85514,-0.8660700000000001,-0.86805,-0.8821399999999999,-0.8720899999999999,-0.85345,nan,nan,-0.86715,-0.86716,-0.86787,-0.8525299999999999,-0.8472299999999999,-0.81589,-0.8059999999999999,nan,-0.8387100000000001,-0.83847,-0.85914,nan,-0.8377700000000001,-0.8522299999999999,-0.8517399999999999,-0.8538100000000001,-0.8279799999999999,-0.81165,-0.81753,-0.81791,-0.81975,-0.80298,-0.79908,-0.7973,nan,-0.8164,-0.80086,nan,nan,-0.76613,nan,-0.80125,nan,-0.7710600000000001,-0.78154,-0.79203,-0.76195,-0.75739,-0.79133,-0.78601,-0.77013,-0.77904,-0.7850699999999999,nan,-0.74674,-0.78777,nan,-0.7471,-0.75831,-0.73742,-0.73668,nan,-0.72118,-0.76195,nan,-0.72192,-0.7077600000000001,-0.74227,nan,-0.72058,-0.73026,nan,-0.7187600000000001,-0.7268,-0.7309,-0.70599,-0.73249,-0.72605,-0.71982,-0.73856,-0.70715,-0.7077600000000001,-0.7218100000000001,-0.69048,-0.6892199999999999,-0.6672600000000001,-0.66,-0.71175,nan,nan,-0.66706,-0.67248,-0.66366,-0.67876,-0.70509,nan,nan,-0.67445,-0.6592600000000001,-0.65405,-0.67451,-0.67309,-0.65194,-0.6703,-0.64968,-0.64444,-0.67305,-0.65368,-0.6404,-0.63558,-0.64967,-0.64495,-0.64112,-0.65417,-0.64098,-0.64036,-0.6230899999999999,-0.63465,-0.65427,-0.63471,nan,nan,-0.63588,-0.64115,-0.62563,-0.5995199999999999,-0.62975,-0.65688,nan,-0.57923,-0.59731,-0.60993,-0.62245,nan,-0.60369,-0.61026,-0.5842,-0.57197,nan,-0.6059,-0.5915,nan,nan,nan,-0.57087,-0.5771,-0.6078399999999999,-0.59777,-0.55412,-0.5784100000000001,-0.5767899999999999,-0.55552,-0.55677,-0.54013,-0.5712,-0.5495899999999999,-0.5512699999999999,-0.56992,-0.5380699999999999,-0.55895,nan,-0.5344300000000001,-0.54192,-0.54046,nan,-0.55657,-0.52652,-0.52187,-0.52257,-0.52293,-0.52131,-0.5263399999999999,nan,-0.53943,-0.55176,-0.54601,-0.50765,-0.51168,-0.5252,-0.52246,-0.54042,-0.51978,-0.5023,-0.5057699999999999,-0.50973,-0.52537,-0.52004,-0.54152,-0.51293,nan,-0.52568,-0.49265,nan,nan,-0.49621000000000004,nan,-0.51272,nan,-0.49176000000000003,nan,-0.5008100000000001,-0.49605,-0.50025,-0.47401000000000004,-0.50956,-0.50169,-0.45628,-0.47796000000000005,-0.48796000000000006,-0.47363,-0.49541999999999997,-0.49525,-0.47536000000000006,-0.47626999999999997,-0.46943999999999997,-0.4821,-0.4898,-0.46091000000000004,-0.46941000000000005,-0.48331999999999997,-0.45691000000000004,-0.46437,-0.44795,-0.43015,-0.48796999999999996,-0.48722,-0.45503000000000005,-0.46551000000000003,-0.4768,-0.47397,-0.46075,-0.45835,-0.45702,-0.4593,-0.45096,nan,-0.47921,-0.49491999999999997,-0.47447,nan,-0.48489,nan,-0.49509,-0.49423,-0.4903,-0.48677,-0.45143,-0.44391,-0.46046000000000004,-0.46048,-0.47286999999999996,nan,-0.48736,-0.45588999999999996,-0.44255,-0.46128,nan,-0.49246999999999996,nan,-0.4828,nan,-0.45557,-0.47789,-0.49318999999999996,nan,-0.49472,-0.48239,-0.47478000000000004,nan,-0.47538,-0.49125,-0.47948999999999997,-0.47465,-0.47018000000000004,-0.48171,-0.50925,nan,nan,-0.48623999999999995,-0.49433999999999995,-0.4844,-0.4599,-0.48978,nan,-0.45348999999999995,-0.47339,-0.49241,-0.47126,-0.46041000000000004,-0.4736,-0.46685,-0.44856999999999997,-0.4718,-0.49212,-0.47588,-0.47489,-0.47728000000000004,-0.4704,-0.47844,-0.46798999999999996,-0.46052,-0.47698999999999997,-0.45082,nan,-0.45824,-0.44495,-0.42726000000000003,-0.44401999999999997,-0.44191,-0.45527,-0.44413,-0.41568999999999995,-0.43588999999999994,-0.46113999999999994,nan,-0.43406999999999996,-0.41753999999999997,-0.44022,-0.42988999999999994,nan,-0.44448000000000004,-0.43418,-0.40495,nan,-0.41531999999999997,-0.41601000000000005,-0.44377,-0.42935,-0.42648,nan,-0.43801,-0.42873999999999995,nan,-0.39571999999999996,nan,-0.44027,-0.4139,nan,nan,-0.40881999999999996,-0.40853,-0.4277,-0.41417,-0.41134,nan,nan,-0.41279,-0.39341,-0.40302,nan,-0.40229000000000004,-0.39218000000000003,nan,-0.38068,-0.36152,-0.36282,-0.35878000000000004,-0.39166,nan,-0.34868000000000005,nan,-0.34986999999999996,nan,nan,-0.37456,-0.39379000000000003,-0.3346,nan,-0.35086,-0.33608000000000005,-0.32281,-0.31231,-0.31365,nan,-0.32749,-0.31092,-0.29472,-0.29453,nan,-0.33066,-0.28925,nan,-0.30616,-0.27501,-0.30084,-0.29977,-0.28157,-0.27754,-0.2778,nan,-0.23331,-0.26552,-0.25009000000000003,nan,-0.30084,nan,-0.26218,-0.26411999999999997,-0.26325,-0.27008000000000004,-0.22788000000000003,nan,-0.22713000000000003,-0.21652,-0.24828000000000003,-0.24957,-0.23611,nan,-0.22249000000000002,-0.22419,-0.19949,-0.21545999999999998,-0.19136,-0.17511,-0.17875,-0.15845,-0.16807,-0.16735999999999998,-0.14974,-0.15270999999999998,-0.14028,-0.16793,-0.19808,-0.16487000000000002,-0.15123,-0.13767000000000001,-0.13005,-0.12892,nan,-0.081702,-0.0688,-0.10653,nan,-0.10105,-0.10462,nan,-0.085374,-0.065733,-0.09472699999999999,-0.08554199999999999,-0.058333,-0.074615,nan,nan,-0.09750299999999999,-0.093655,-0.07156799999999999,-0.068357,-0.066258,-0.053322,-0.051791,-0.041962,-0.021582,-0.01973,-0.016638,-0.0031644000000000004,-0.0034655999999999997,-0.005007999999999999,0.0017625,-0.0075208,nan,0.010251999999999999,-0.0051354,nan,0.054212,nan,0.051290999999999996,0.045108999999999996,0.046514,nan,0.054939999999999996,0.03141,nan,0.067111,0.060576,0.076055,0.097024,0.08163,0.087417,nan,0.11959000000000002,0.14226,0.11504,0.1163,0.14657,0.13551,nan,0.12458,nan,0.14699,0.1857,0.15521,0.15231,0.18076,0.17527,nan,0.16739,nan,0.16918,0.18081,0.19271,0.19203,nan,0.15559,0.17199,0.17834,0.17712,0.17528,0.1748,nan,nan,nan,nan,nan,0.17726,0.17636,0.17678,0.18585,nan,0.19430999999999998,nan,nan,0.17365,0.18067,0.1794,0.1983,nan,0.19343,0.1782,nan,0.1981,0.18698,nan,0.17547000000000001,nan,0.21186999999999998,0.19604000000000002,0.19985999999999998,0.18012,0.14304,0.18832000000000002,0.17112,0.17064000000000001,0.20456,nan,nan,0.15969,nan,0.17331,0.18077000000000001,0.17574,0.17879,0.17511,0.17374,nan,0.17312,0.16523,0.17592,0.13871,0.14062,0.15155,nan,0.13324,0.16752999999999998,0.13444,0.11026,nan,nan,0.12032999999999999,0.09679299999999999,nan,nan,0.093658,0.10107999999999999,0.063092,0.050525,0.06253099999999999,0.044724,nan,0.032085,0.031727,nan,0.01855,0.030869999999999998,0.010886,nan,0.0168,nan,-0.009038,-0.025718,-0.05807999999999999,-0.08645800000000001,-0.085296,-0.085017,-0.080481,nan,nan,-0.08644600000000001,-0.11320999999999999,-0.12365,-0.092787,-0.084827,-0.10662999999999999,-0.11782999999999999,nan,nan,-0.1417,nan,-0.19762000000000002,-0.17978,-0.20097,nan,-0.21075,-0.2692,-0.26725,-0.24447,-0.26681,-0.26555,-0.27171999999999996,-0.29835,-0.28218000000000004,-0.28778000000000004,-0.31468,-0.31367,-0.32565,-0.34038,-0.35358,-0.3615,nan,-0.41731,-0.43118,-0.39176,-0.42453,-0.43846999999999997,-0.42631,-0.44328999999999996,-0.42904,-0.43738999999999995,-0.45583,-0.45761999999999997,-0.45886000000000005,-0.48353,-0.4912,-0.46003999999999995,-0.49196999999999996,-0.5177,nan,-0.49987,-0.528,-0.55855,-0.57691,-0.5535399999999999,-0.58198,-0.60213,-0.56597,-0.5774199999999999,-0.6177,-0.6522,-0.6402899999999999,nan,-0.6736,-0.67045,-0.65684,-0.63412,-0.67515,-0.6766399999999999,-0.68389,nan,-0.71818,-0.68708,-0.70799,-0.73283,-0.72805,nan,-0.68397,-0.70134,nan,-0.74544,-0.7148800000000001,nan,nan,-0.7550100000000001,nan,-0.7745,-0.76446,-0.7650899999999999,-0.748,-0.77486,-0.7894,-0.7521800000000001,-0.77422,-0.77761,-0.77317,nan,nan,nan,-0.79545,nan,-0.7856,-0.76845,-0.78856,nan,-0.8171,-0.7913,-0.75325,-0.78275,-0.80056,-0.80274,-0.80635,-0.76895,nan,nan,-0.7559999999999999,-0.75536,-0.77007,-0.7581399999999999,-0.7366699999999999,-0.73715,-0.7259899999999999,-0.70413,-0.73635,-0.7434,-0.69743,-0.68758,-0.71029,-0.69677,-0.6715300000000001,-0.67061,-0.67098,-0.66828,nan,-0.64317,nan,nan,-0.57824,-0.57026,-0.57325,-0.5710000000000001,-0.54892,-0.5079,-0.49346999999999996,-0.48025,-0.4698,nan,nan,-0.45843,-0.44493999999999995,-0.41698999999999997,-0.38919000000000004,-0.35703,-0.34271999999999997,-0.34256,-0.2981,-0.27535,-0.31074,nan,-0.25715,-0.25951,-0.21035,-0.16826,-0.1422,-0.10797999999999999,-0.095685,nan,-0.098742,-0.086902,-0.084426,-0.063473,0.023778999999999998,0.042671,0.036818000000000004,0.079312,0.077445,0.10347,0.11535,0.1259,0.17709,0.19305999999999998,0.2225,0.26888,0.27608,0.28365999999999997,nan,0.35908,0.37275,nan,nan,0.4939,nan,0.56597,0.60527,nan,nan,0.67024,0.69612,0.73454,0.7902899999999999,nan,0.8223799999999999,0.88144,nan,nan,1.0276,1.0743,1.0708,nan,nan,nan,1.2323,1.2912,1.2991,1.3408,1.3774,1.3993,1.4688,1.5215,1.5490000000000002,1.6198,1.662,1.6471,1.6963,1.7561,1.7781,1.8045,nan,1.8879,1.9176,1.9659,2.0269999999999997,nan,2.0911,2.1417,2.1639,2.2001,2.2173,2.2557,2.3257,2.3699,2.3916,2.3932,2.4367,nan,2.5239,2.5513,2.5751,2.6286,2.6674,2.7015,2.736,2.7336,2.7854,2.8339999999999996,2.8735,2.9125,nan,2.977,2.9433,3.0241,3.0965,3.0879,nan,nan,3.155,3.1903,nan,3.2079,3.2294,3.2677,nan,3.3077,nan,nan,3.3264,3.3358,3.3198,3.3355,3.3397,nan,3.3437,3.3587,3.3486,nan,3.3335,3.3329,3.2974,3.2891,3.2843,3.2523,3.2254,3.2106,nan,3.1544,3.1421,3.1392,3.1251,3.1279,3.1081,3.1224,3.1125,3.0956,nan,3.0496,nan,nan,nan,2.9327,2.9274,2.9133,2.9139,2.8975,2.8587,2.8481,2.8456,nan,2.8322,2.8024,2.7528,2.7595,2.7367,nan,2.7178,nan,2.6501,nan,2.6474,2.6326,2.6033,nan,2.5695,2.5681,2.5389,2.5197,2.5033,2.4888,2.4952,2.4496,nan,2.4266,2.3805,2.359,2.3932,2.358,2.343,2.365,2.3303,2.3108,nan,2.2859,2.2595,2.2283,2.2102,2.2125,2.2119,nan,2.1687,2.1749,2.1703,nan,2.116,2.1303,2.1388,2.0969,2.0427,2.0365,2.0529,2.0509,2.0215,2.0153,2.0232,2.0428,2.0225,1.9668,1.9677,1.9497,1.9235,1.9494,nan,nan,nan,1.8695,1.8564,1.8743,nan,1.8391,1.838,1.8268,1.7923,1.801,1.7924,1.7482,1.7599,nan,1.7932,1.768,1.7502,1.7323,1.7258,1.7394,1.7134,1.7046,1.7129,1.7037,nan,1.6746,1.6757,1.652,1.6305,1.6263,1.6269999999999998,1.6035,1.5776,1.5925,1.5829,1.5852,1.5931,1.575,1.5785,1.5788,1.5778,1.5737,1.5530000000000002,1.575,nan,1.5616,nan,1.5137,nan,1.5052,1.5128,nan,1.4703,nan,nan,1.4144,1.401,1.4144,1.3979,1.4005,1.3691,1.3458,nan,1.375,1.3487,1.3502,1.3381,1.3332,1.3262,1.291,1.3038,1.318,1.2625,1.254,nan,1.2534,1.2141,1.2192,1.2508,1.2313,1.2099,1.1932,1.1619,1.1346,1.1198,1.1378,1.1263,1.1295,nan,1.1185,1.0887,1.0405,1.0654,1.0601,1.0389,1.0603,1.0552,1.0568,1.031,1.0198,1.0281,1.0501,nan,nan,1.0387,1.0265,nan,nan,0.98601,0.9903799999999999,0.9757399999999999,0.97626,0.9519299999999999,0.9115,0.9099799999999999,nan,0.87621,0.8924200000000001,nan,nan,0.84845,0.84016,0.82658,0.82893,0.81409,0.8185600000000001,0.79743,0.78152,0.79518,nan,0.7933399999999999,nan,0.77415,0.75246,0.75068,nan,0.7166399999999999,nan,0.70526,0.68477,0.72034,0.6934899999999999,0.69466,0.70421,0.67552,0.6613,0.63889,0.61312,0.61427,nan,0.63108,0.58739,0.60192,0.6077600000000001,0.56591,nan,nan,0.55953,0.5707300000000001,nan,0.55755,nan,nan,nan,nan,0.48906000000000005,nan,0.46868999999999994,0.48626,0.45841000000000004,0.47266,nan,0.44471000000000005,0.43623999999999996,0.43546999999999997,0.45387,0.44147,0.44805,0.44521000000000005,0.39421,0.38829,0.40298,0.39701,nan,0.35627,0.38003000000000003,0.36767,0.35349,0.36338000000000004,0.31738,0.31953000000000004,0.30799,0.25203000000000003,0.29023000000000004,0.30994,0.2928,nan,0.26029,0.23936,0.24206999999999998,nan,0.22895,nan,0.19946,0.19297,0.19007000000000002,0.17521,0.17617,0.17783,0.17948,0.17287,nan,0.15955,0.14583,nan,0.11838,0.13860999999999998,0.14352,nan,0.11002,0.13997,0.1305,0.092924,0.10794000000000001,0.10504000000000001,0.058325999999999996,0.058137,nan,0.07079400000000001,nan,0.044806,0.048282,nan,0.051563,0.034087,0.030659,0.034361,nan,0.026417000000000003,-0.005647699999999999,0.027364,0.012758,8.132e-05,0.016352000000000002,0.013538999999999999,nan,-0.028377999999999997,nan,nan,-0.055327999999999995,-0.029314,-0.054817,nan,-0.045199,-0.036659,nan,-0.072644,-0.08552799999999999,-0.07012,-0.079215,-0.08805199999999999,nan,nan,-0.083957,-0.086886,-0.09893099999999999,nan,-0.074821,nan,nan,-0.1001,-0.10086,-0.097566,-0.11725,-0.1396,nan,-0.11657000000000001,-0.11846,-0.128,-0.16539,-0.19077,-0.16742,-0.17135999999999998,-0.20027999999999999,-0.18458,nan,-0.21443,-0.20515999999999998,-0.19699999999999998,-0.19908,-0.21575,-0.24498000000000003,-0.24248000000000003,-0.25903000000000004,-0.25118,nan,-0.24904,-0.26075,-0.28412,-0.24414,-0.24548000000000003,-0.31055,-0.29234,-0.28106,-0.28369,-0.27119,-0.29948,nan,-0.27702,nan,nan,-0.27575,-0.29999000000000003,-0.30723,nan,-0.29756,-0.29741,nan,-0.2984,nan,nan,-0.33960999999999997,nan,nan,-0.34153,nan,nan,-0.36001,nan,nan,-0.38938,-0.40309,-0.40863,-0.3802,-0.38249,nan,-0.39455,-0.4135,-0.43167,-0.42031,nan,-0.39603,-0.42568999999999996,-0.42756000000000005,-0.42746000000000006,-0.41948,-0.43837,nan,-0.42905,nan,-0.42873999999999995,-0.44026000000000004,-0.45658000000000004,nan,-0.479,-0.47981999999999997,nan,-0.46098999999999996,-0.45091000000000003,nan,-0.51136,-0.50966,-0.48226,-0.45637,-0.47248999999999997,-0.49763,-0.5108699999999999,-0.52532,nan,-0.49441,-0.52466,-0.51132,-0.51061,-0.52473,-0.5244,-0.54003,-0.52583,-0.53546,nan,-0.5142399999999999,-0.50948,nan,-0.5159699999999999,-0.54685,-0.5452600000000001,nan,-0.54328,-0.5423,nan,-0.5363399999999999,-0.54914,nan,-0.5414899999999999,-0.55929,-0.5435300000000001,nan,nan,-0.54584,-0.54188,nan,-0.57393,-0.57452,-0.5758,-0.60235,-0.59535,-0.57386,-0.5906,nan,-0.5767399999999999,nan,-0.59927,-0.58608,-0.59118,-0.60533,-0.60564,nan,nan,-0.60502,-0.6058600000000001,-0.60697,-0.61927,-0.61617,-0.58759,-0.5957399999999999,-0.60288,nan,-0.61824,nan,-0.60826,-0.5997899999999999,nan,nan,nan,-0.61038,-0.5998399999999999,-0.60821,-0.5982,-0.58775,-0.5908800000000001,-0.59026,-0.57785,nan,-0.58023,-0.58695,-0.57352,-0.57417,nan,-0.58315,-0.55819,-0.56188,-0.57402,-0.57602,-0.57836,nan,nan,-0.54476,-0.52278,-0.54255,-0.5408,-0.55582,nan,-0.5483,nan,nan,-0.57502,-0.56765,-0.53279,-0.55094,-0.52072,-0.53843,-0.59007,-0.5314300000000001,-0.52563,-0.55267,-0.5218,-0.53061,-0.53984,-0.54132,-0.5714100000000001,-0.55471,-0.52532,-0.52127,-0.52659,-0.5422,-0.52682,nan,-0.5308,nan,-0.5299699999999999,-0.508,-0.54014,-0.53476,-0.49803000000000003,nan,-0.52884,-0.50732,-0.52571,-0.50849,-0.52837,-0.53314,-0.48512,-0.50148,-0.5049600000000001,-0.49091999999999997,-0.54689,nan,-0.50553,-0.50978,-0.5284,-0.54251,nan,nan,-0.52289,-0.50429,-0.52868,-0.52369,-0.52371,-0.52708,-0.5089899999999999,-0.51094,nan,-0.50189,-0.49386,nan,-0.49248000000000003,-0.50011,nan,-0.47193999999999997,-0.49526000000000003,-0.48194,-0.44976000000000005,-0.49377,-0.49846999999999997,-0.49659,-0.50392,nan,-0.47117,-0.46631999999999996,-0.45946000000000004,-0.47702,-0.45206,-0.46183,-0.4781,-0.44853999999999994,-0.43798000000000004,-0.44023999999999996,-0.44491,-0.45975,-0.44445,nan,-0.478,-0.4508,nan,-0.44911,-0.44248999999999994,nan,-0.44688999999999995,-0.44822,-0.41386999999999996,-0.43533,-0.44117,-0.42815,-0.43901999999999997,-0.44146,-0.44148999999999994,-0.43686,-0.4259,nan,-0.42711000000000005,-0.42812,-0.41528000000000004,-0.41148999999999997,nan,-0.42658,-0.4121,-0.40928000000000003,nan,-0.40879,-0.40718000000000004,-0.39055,-0.39538,-0.42573,-0.39923000000000003,-0.34686,-0.34904,-0.33796,nan,-0.36175,-0.34855,-0.35175,nan,-0.33726,-0.32777,nan,-0.34591,-0.32254,nan,-0.31222,-0.31195,-0.31285999999999997,-0.29851,-0.2968,-0.29135,-0.30973,-0.32678,-0.2922,-0.28112,-0.29483000000000004,-0.29641999999999996,-0.29504,-0.29581999999999997,-0.29686,-0.29852,-0.29724,-0.29713,nan,-0.26983,nan,-0.28464,-0.31227,-0.31329,-0.30253,-0.28922,-0.30466,-0.30888000000000004,-0.29893000000000003,-0.32632,-0.31075,-0.27896,-0.28054,-0.28002,-0.30054000000000003,-0.31374,-0.29786999999999997,-0.30325,-0.31396999999999997,-0.30719,-0.29401,-0.28217,-0.29294000000000003,-0.30913,-0.30617,nan,-0.28224,-0.29875,-0.29782,-0.30569,-0.3235,-0.32077,-0.28107,nan,-0.34642,-0.32235,-0.29786,-0.33578,-0.33824,-0.3293,-0.34726,-0.33276999999999995,-0.3208,-0.34452,-0.33259,-0.33476999999999996,-0.36464,-0.36343000000000003,-0.3852,-0.40891,-0.40712,nan,-0.41056000000000004,-0.42975,-0.4438,nan,nan,-0.43403,-0.40099,-0.4155,-0.44295,-0.45128999999999997,-0.47808,-0.45203000000000004,-0.44983,nan,-0.46078,-0.47893,-0.4608,nan,nan,-0.54552,nan,-0.48476
3.0,0.36746999999999996,nan,0.34628000000000003,0.29973,0.33563000000000004,0.30211,nan,0.3229,0.32241,0.29991,0.29521,nan,0.31151999999999996,0.27287,nan,0.26473,0.24566999999999997,nan,0.24115999999999999,0.23697,0.23215999999999998,nan,nan,0.23454,0.22329000000000002,0.21178000000000002,0.2218,0.21703000000000003,0.18900999999999998,0.20313,nan,0.17496,0.17188,0.16924,nan,0.1306,0.12980999999999998,0.12112,0.11827,0.10774,nan,0.095932,0.10726,0.086979,0.10045,0.070116,0.067038,0.074437,0.040775,0.04181,0.043136,0.0087368,0.0078754,nan,nan,-0.0092972,nan,-0.057482000000000005,-0.059762,-0.057101,-0.061207000000000004,-0.05754,-0.090164,nan,nan,nan,-0.092623,-0.1235,-0.13078,-0.153,-0.14957,-0.16449,nan,-0.18631,-0.19635,nan,-0.20804,-0.20599,nan,-0.2164,-0.23689000000000002,-0.24006,-0.24841999999999997,-0.25081,-0.26446,nan,-0.2732,-0.30606,-0.31933,-0.29864,-0.30518,nan,-0.34626999999999997,-0.33391,nan,-0.3378,nan,-0.38594,-0.36741,-0.40124,-0.38893,-0.38836,-0.39899,-0.41153999999999996,-0.40848,-0.44011999999999996,-0.43746999999999997,-0.43081,-0.43144,-0.45571999999999996,nan,-0.47841000000000006,-0.46948,-0.48246999999999995,nan,-0.51351,-0.51615,-0.52437,-0.52757,-0.53399,-0.53991,nan,-0.54684,-0.55962,-0.54677,-0.56028,-0.5713600000000001,-0.56992,-0.59185,-0.58295,-0.57877,-0.58941,-0.60155,nan,-0.59215,-0.62964,-0.62657,-0.6079899999999999,nan,-0.6434,nan,nan,nan,-0.6388,-0.65459,nan,nan,-0.6791699999999999,-0.64847,-0.67364,-0.67187,-0.6957800000000001,nan,-0.70581,-0.70831,-0.68453,-0.69815,-0.72678,-0.7249899999999999,-0.74346,-0.7538600000000001,nan,-0.73248,nan,nan,-0.75767,-0.76021,-0.7417600000000001,-0.74539,nan,-0.7469600000000001,nan,nan,-0.74095,-0.76395,-0.75155,-0.76412,nan,nan,-0.77423,nan,nan,-0.76261,-0.77061,-0.7720600000000001,-0.7806,-0.77937,-0.76323,nan,-0.78077,-0.78196,-0.79027,-0.79159,-0.78518,-0.79715,-0.77675,-0.7761,-0.78445,-0.78665,nan,-0.7844,-0.78609,nan,nan,-0.7991,-0.77376,-0.78466,-0.77408,-0.78255,-0.77546,-0.78559,-0.79682,-0.76178,-0.77623,-0.7831100000000001,-0.79119,-0.78703,-0.7678699999999999,-0.7738,-0.77391,nan,-0.7803399999999999,-0.77312,-0.78789,-0.7814800000000001,nan,nan,nan,-0.78615,-0.7742100000000001,-0.78488,-0.775,nan,-0.7956,-0.7895800000000001,nan,-0.7834399999999999,nan,nan,-0.78728,-0.7648,-0.78132,-0.77946,-0.77147,-0.79245,nan,-0.7576,-0.7856,-0.77253,-0.7855,-0.7720199999999999,-0.77394,nan,-0.78603,-0.7643300000000001,-0.77247,-0.7848,-0.78598,-0.77479,-0.76639,-0.74944,-0.76742,-0.76695,-0.76075,nan,nan,-0.76554,-0.76737,-0.76471,-0.7474,nan,-0.7548699999999999,-0.75941,nan,-0.76079,-0.7378600000000001,-0.75384,nan,-0.75268,-0.75257,-0.75073,nan,nan,-0.7479899999999999,-0.7520899999999999,-0.75155,-0.74103,-0.74068,-0.72715,-0.74702,nan,-0.73929,-0.73953,-0.7378600000000001,-0.73653,-0.72021,-0.71968,-0.72723,-0.7123,nan,-0.7196899999999999,-0.71514,-0.69355,nan,-0.6953600000000001,-0.68395,-0.68311,-0.69318,-0.69703,-0.67372,-0.6706,-0.66328,-0.65847,nan,nan,-0.63769,nan,nan,-0.63422,nan,-0.6531399999999999,-0.6332899999999999,-0.63713,-0.63941,-0.64835,-0.63542,nan,nan,-0.6059,-0.6159100000000001,nan,-0.62655,-0.6063,-0.60314,-0.60358,-0.61329,-0.6077100000000001,-0.60091,-0.5986899999999999,-0.58962,nan,-0.58011,-0.5875100000000001,-0.59086,-0.56775,-0.57915,-0.57022,-0.57727,nan,-0.56043,-0.55709,-0.55887,nan,-0.5715100000000001,-0.55769,-0.54827,-0.5599,-0.5364800000000001,nan,-0.52849,-0.53028,-0.54046,-0.50818,-0.49705,-0.51118,-0.5055,nan,-0.51941,-0.49588999999999994,-0.49787,-0.51321,-0.49467,-0.50675,-0.48963999999999996,-0.46601000000000004,-0.4815,-0.47525,nan,-0.46762,-0.45592,-0.44545,nan,-0.44595,-0.43467,-0.42433999999999994,-0.42045,-0.44192,-0.43168999999999996,-0.40021,-0.41306000000000004,-0.42303,-0.38721,-0.40392,-0.39847,nan,-0.39647,-0.38745999999999997,nan,-0.37858,nan,-0.38559,nan,-0.39045,-0.38575,nan,-0.38874000000000003,-0.3782,-0.36699,nan,nan,-0.36863,-0.35513,-0.35379,-0.34768000000000004,-0.32987,-0.34770999999999996,-0.34873000000000004,-0.33855,-0.34423000000000004,-0.33625,-0.3288,-0.33669,nan,-0.3283,-0.33433,-0.32738,-0.32066,-0.31819000000000003,-0.30896999999999997,-0.30764,-0.28524,-0.29928,-0.31009000000000003,nan,-0.29780999999999996,nan,-0.32243,-0.29229,nan,nan,-0.29719,-0.2958,-0.29844,-0.28913,nan,-0.28363,-0.29039,-0.29489,-0.27899999999999997,-0.27386,nan,-0.30294,-0.28972,-0.2781,-0.29745,-0.27385,-0.28826,-0.29812,-0.28679,-0.28656,-0.28575,-0.28754,nan,-0.27626999999999996,-0.30239,-0.26895,nan,-0.27454,-0.28189000000000003,-0.27504,-0.26178,-0.28271999999999997,nan,-0.27438,-0.27941,-0.26066,-0.26249,-0.26818000000000003,-0.2858,-0.27516,-0.28665999999999997,-0.27483,-0.27649,-0.28686999999999996,-0.28739000000000003,-0.26464,nan,-0.26561999999999997,-0.27136,nan,-0.27223,-0.27829,-0.2636,-0.27478,nan,-0.29839,-0.28749,nan,nan,-0.27933,-0.26678,-0.27132,-0.30113,-0.29483000000000004,-0.28263,-0.27693,-0.28512,-0.2639,-0.28746,nan,-0.28681,-0.28592,-0.28648,nan,nan,nan,-0.27743,-0.2629,-0.27776999999999996,nan,-0.28901,-0.26923,-0.27358000000000005,-0.28055,-0.28255,-0.29213,-0.27581999999999995,-0.30072,-0.27889,-0.27721999999999997,-0.28692,-0.28543,-0.30067,-0.30841999999999997,-0.2764,nan,-0.28639000000000003,-0.30746999999999997,-0.29109,-0.28201,-0.29523,nan,-0.32011,-0.28447,nan,nan,-0.30369,-0.30095,-0.30651,nan,nan,nan,-0.31795999999999996,-0.30354000000000003,-0.30023,nan,nan,-0.32166999999999996,nan,nan,-0.32178,nan,-0.32016999999999995,-0.31206,-0.30541999999999997,-0.32903000000000004,-0.33199,nan,-0.33866999999999997,-0.32479,-0.34465,-0.325,-0.33098,-0.33841,-0.337,-0.35622,-0.33279000000000003,-0.33542,-0.3444,-0.35599000000000003,-0.33381,-0.31008,-0.34779,-0.35368,-0.35596,-0.36689,-0.33416999999999997,-0.33108000000000004,-0.34381999999999996,-0.34012,-0.35628000000000004,-0.32624000000000003,-0.33134,-0.35638000000000003,-0.34355,nan,-0.33995,-0.34451,nan,-0.35558,-0.35774,-0.34071,-0.35839,-0.34886999999999996,nan,-0.34325,nan,-0.34568000000000004,-0.36706,-0.35375,-0.35561,-0.3669,nan,-0.3536,-0.35652,nan,nan,-0.35668,-0.36426,nan,-0.35481999999999997,-0.36186999999999997,-0.35504,-0.36901,-0.36558,-0.38561,-0.38240999999999997,nan,-0.39121999999999996,-0.38228,-0.37879,nan,-0.35452,nan,nan,-0.38893,-0.37837,-0.36625,-0.38795,-0.37888,-0.3855,-0.38986,-0.37892,nan,nan,-0.36585,-0.37768,-0.39031,nan,-0.38831,-0.38332,-0.37229,-0.38626,nan,-0.36824,nan,-0.39226,-0.39855,-0.38635,-0.38984,-0.3999,-0.37768,nan,-0.42368,-0.40123000000000003,nan,-0.37927,-0.39355,-0.40210999999999997,-0.39125,-0.3762,-0.39684,-0.41153999999999996,nan,-0.39719,-0.39091,-0.3924,-0.3949,-0.39077,-0.41701000000000005,nan,-0.40191,nan,-0.39638,-0.38797,-0.3889,-0.41365,-0.41175,nan,-0.39803,nan,nan,-0.39425,nan,-0.40709,nan,nan,nan,-0.41376,-0.42291000000000006,nan,-0.4187,-0.42963999999999997,-0.42536,nan,-0.45536000000000004,-0.42645,-0.43751,-0.44481000000000004,nan,nan,-0.45764,nan,-0.43456000000000006,-0.43208,-0.46831999999999996,-0.44663,-0.4634,-0.46207,-0.45096,-0.46813999999999995,-0.45811,nan,-0.47126999999999997,nan,-0.48178000000000004,-0.48441000000000006,nan,-0.4729,-0.46961,-0.47836000000000006,-0.48065,-0.48993000000000003,-0.49227,-0.50069,-0.4904,nan,-0.50252,-0.50264,-0.49093000000000003,-0.5021100000000001,-0.50036,-0.53198,nan,-0.50631,-0.53394,-0.52577,-0.5310199999999999,-0.53013,-0.52064,-0.52633,-0.52358,nan,-0.55055,-0.5293,-0.53971,nan,-0.54503,-0.5494100000000001,-0.55876,-0.5592199999999999,-0.55788,-0.56062,-0.57053,-0.54805,-0.57995,-0.57358,nan,-0.56896,-0.57714,-0.5909800000000001,-0.5844600000000001,nan,-0.56794,-0.5747,-0.5859300000000001,-0.5982,-0.60045,-0.58512,-0.60292,-0.6126699999999999,-0.6008100000000001,-0.60364,-0.6047100000000001,-0.61811,-0.6268699999999999,-0.62465,-0.61595,nan,-0.63873,-0.63884,-0.62647,-0.63694,nan,nan,-0.62605,-0.64075,-0.65893,nan,-0.67387,-0.66106,-0.6685300000000001,nan,-0.68734,nan,-0.69803,-0.68828,nan,-0.71435,-0.70915,-0.74485,-0.73653,-0.74278,-0.7510399999999999,nan,-0.77457,-0.7522800000000001,-0.77228,nan,-0.76189,-0.7612899999999999,nan,-0.80921,-0.80348,-0.82196,-0.8320200000000001,-0.8255600000000001,-0.84006,-0.86051,-0.86106,-0.8697,-0.8943200000000001,-0.8941899999999999,-0.88635,-0.90215,-0.8942100000000001,-0.9051600000000001,-0.93221,-0.9093600000000001,-0.92274,-0.9336700000000001,nan,-0.9576899999999999,nan,nan,-1.0121,nan,-1.0251,-1.0006,-1.0289,-1.0454,-1.0252,-1.0447,nan,-1.0392,-1.0703,-1.0773,-1.0854,-1.1055,-1.101,nan,nan,-1.109,-1.1177,-1.1366,-1.1264,-1.1496,nan,-1.159,nan,-1.1803,-1.1706,-1.1932,-1.2154,-1.214,nan,nan,nan,-1.2375,-1.2638,-1.2695,-1.2795,-1.2977,-1.2941,-1.3127,-1.3314,-1.3256,-1.318,nan,-1.3424,-1.3527,-1.3646,nan,-1.3747,-1.3951,-1.4065,-1.4193,-1.4099,-1.4069999999999998,nan,-1.4451,-1.4409,nan,-1.4734,-1.4658,-1.4731,-1.4905,nan,-1.4715,-1.4834,-1.4980000000000002,-1.5024,-1.5233,-1.5229,-1.534,nan,-1.5235,-1.5455,nan,-1.5483,-1.54,nan,-1.5629,-1.5881,-1.5702,-1.5743,-1.5742,-1.5957,-1.58,-1.5685,-1.5763,-1.589,-1.5933,-1.5976,-1.6025,nan,-1.6186,-1.6091,-1.6124,-1.5991,-1.6021,-1.6016,-1.6023,-1.5911,-1.5793,nan,-1.6123,-1.6122,-1.6119,-1.6117,-1.6108,-1.6174,-1.632,nan,-1.6136,-1.611,-1.6097,-1.6126,-1.6077,-1.6197,-1.6345,nan,nan,-1.6078,-1.617,-1.6208,-1.5896,-1.6146,nan,nan,nan,-1.5911,-1.5875,-1.5995,-1.5927,-1.5844,-1.5999,-1.5853,-1.5787,-1.5948,-1.5719999999999998,-1.5671,-1.5582,-1.5569,-1.5439,-1.5343,-1.5215,-1.5001,-1.5209,nan,-1.4645,-1.4667,nan,-1.4663,-1.4667,-1.4340000000000002,-1.4213,-1.4,-1.3872,nan,-1.3669,-1.344,nan,-1.3258,-1.3083,-1.2972,-1.2962,-1.2802,-1.2473,-1.2285,-1.2106,-1.217,-1.209,nan,-1.1479,-1.1591,nan,-1.1359,-1.1019,-1.0694,-1.0594,-1.0367,-1.0154,nan,-0.96144,-0.93245,-0.93748,-0.89686,-0.88236,-0.83673,-0.8207899999999999,-0.8097300000000001,-0.7461899999999999,-0.76045,-0.72309,-0.66582,-0.65937,-0.63834,-0.60931,-0.60111,-0.5572699999999999,-0.49581000000000003,nan,-0.43001000000000006,-0.3882,-0.35598,-0.32186,-0.32255,-0.27439,-0.21286999999999998,nan,-0.16054000000000002,-0.11070999999999999,nan,-0.030299,0.027299,nan,0.084811,0.14662,0.19716,0.25206999999999996,0.30794,0.3387,0.38399,0.43032,0.48234,0.5289,0.5935699999999999,0.6364,nan,0.72249,0.78728,0.84277,0.8882200000000001,0.92635,1.0070000000000001,1.0192,1.0549,nan,nan,1.2381,1.2919999999999998,1.3543,1.3786,1.4369,1.4858,1.5455,nan,1.6449,1.7178,nan,1.8214,nan,1.9412,1.9597,2.0283,2.0711,2.1241,2.1909,2.2346,2.2783,2.3355,nan,2.4419999999999997,nan,2.5477,2.5981,2.6342,2.6698,2.7231,2.793,nan,2.8607,2.9115,nan,2.9867,3.0199,3.0629,3.0973,3.1395,3.1495,3.1831,3.2044,3.2247,3.2597,nan,3.2798,3.2791,3.2582,3.2776,3.2856,3.2827,nan,3.2616,nan,nan,nan,3.2646,3.2501,3.2199,3.2145,3.1974,nan,3.1598,3.1439,3.1008,3.1027,3.0924,3.0598,nan,3.012,2.9935,2.9724,2.938,nan,2.8713,2.8789999999999996,2.8673,2.8163,2.8004,2.7947,2.7641,nan,2.7179,nan,2.6786,2.6558,2.6464,nan,2.6166,2.6141,2.5792,2.5591,2.5373,2.4922,2.4899,2.4815,nan,2.4519,2.4319,2.4376,2.4106,2.3909,2.3724,2.3389,2.354,2.3424,2.3286,2.3082,2.3024,nan,nan,2.2681,2.2769,2.2716,nan,nan,2.2184,2.2073,2.2186,nan,nan,2.2024,2.1630000000000003,2.1735,2.1607,2.1811,2.1619,nan,2.1484,2.1191,nan,2.1192,2.1181,2.1119,2.1023,2.0877,nan,2.0916,2.0843,nan,nan,nan,2.0715,2.0715,nan,2.0481,2.0496,2.0368,2.0392,2.0173,2.0284,2.035,nan,nan,1.9729,1.9639,1.9516,1.9433,1.9491,1.9377,nan,1.9374,1.9175,1.9146,1.9077,1.8774,nan,nan,1.8556,1.8559999999999999,1.8445,nan,1.7892,1.7991,1.7797,1.7865,1.7666,1.7484,1.7469999999999999,1.7156,nan,1.719,1.7052,1.6854,1.6787,1.6776,1.629,1.6342,1.6395,1.6254,1.59,nan,1.5711,1.5382,1.5271,1.5159,nan,1.4973,1.4899,1.4992,nan,1.4372,1.4306,1.4166,1.4075,1.4011,1.4014,1.3806,1.3876,1.3817,1.3491,1.3451,1.3282,1.3083,1.2999,nan,nan,1.2431,1.2317,1.232,1.2217,1.1894,1.1749,1.1766,1.1731,nan,1.1413,1.1269,1.1218,1.0936,nan,1.0756,1.0638,1.0471,1.0073,1.0264,1.0047,1.0009,nan,nan,1.003,nan,0.99471,0.9697100000000001,0.93668,nan,0.90653,0.8781899999999999,0.9063,0.8539,0.86982,0.87402,0.8327700000000001,0.8484799999999999,0.8328399999999999,0.81904,0.8045899999999999,0.80521,0.7870699999999999,0.764,0.76775,0.75054,0.74251,0.73101,nan,0.71565,0.68608,0.70205,nan,0.66474,nan,0.66603,0.6446,0.62215,0.6196699999999999,0.614,0.6029800000000001,0.62641,0.59102,0.60555,0.5881,nan,0.5914,0.57203,nan,0.5446300000000001,0.53704,0.53267,nan,0.49672,0.50008,nan,0.47694,0.50626,0.4713,0.48468,0.47342,0.46035,0.46401000000000003,0.43051000000000006,0.43583,0.44283,nan,0.42202,0.40613,0.40742,0.39679000000000003,0.3953,0.38631,0.38892,0.3897,0.38422,0.37518,0.3604,0.37203,nan,nan,nan,nan,0.31446999999999997,0.32545999999999997,0.31349,0.30213,0.29357,0.27921999999999997,0.30057,0.28807,nan,nan,0.24436,0.25174,0.23611999999999997,0.24561,0.23563,nan,0.23673000000000002,0.21525,0.21411999999999998,0.21068,0.21649000000000002,0.22246,0.19265,0.17887999999999998,0.17687,0.18027,0.18822,0.1541,0.15456,nan,0.14187,0.14787999999999998,0.12417,0.11302000000000001,0.10683,0.12258,0.1067,0.10367,0.11042,0.088315,nan,0.082461,0.10102,0.083721,nan,0.085428,nan,0.093019,0.069396,nan,0.088627,nan,0.064394,0.063789,nan,0.053448,0.043501,0.051769,0.047773,0.037831000000000004,0.056720000000000007,nan,0.054908000000000005,0.034573,0.015968,0.017665,nan,nan,0.024825999999999997,0.034111,0.026538,0.00019579,0.0026331999999999996,nan,0.00026362,nan,-0.027213,-0.014329,-0.026883999999999998,-0.026552,-0.047435000000000005,-0.039802,-0.043296,-0.070641,-0.06093200000000001,-0.066027,-0.07991000000000001,nan,-0.099826,-0.11099,nan,-0.13051,-0.12228,-0.13943,nan,-0.14215,-0.16497,-0.13925,-0.13041,-0.15455,nan,-0.149,-0.15123,-0.1502,-0.15107,-0.17384000000000002,nan,-0.15283,nan,nan,-0.15616,-0.15438,-0.1648,nan,-0.16827,-0.17169,nan,-0.14953,-0.15775,-0.14872,-0.14407,nan,-0.14831,-0.15637,-0.17039,nan,-0.16238,-0.14961,-0.16301,-0.15026,nan,-0.15202000000000002,-0.13709000000000002,nan,nan,nan,-0.1657,-0.14124,nan,-0.15256,-0.1408,-0.14123,-0.15457,-0.13898,-0.14784,nan,-0.14826,nan,-0.15304,-0.13817000000000002,nan,-0.14770999999999998,-0.13751,-0.11356,-0.094262,-0.11737,-0.10617,nan,-0.10652,-0.10209,-0.11778,-0.09707400000000001,-0.086125,-0.07563099999999999,-0.10434,-0.079177,-0.08776,-0.098355,-0.082623,-0.11606,-0.087515,nan,-0.085063,-0.072405,-0.09832,nan,-0.068247,nan,-0.059664,-0.047245999999999996,-0.04929,-0.071893,-0.060832000000000004,nan,nan,-0.050446,-0.037773,nan,-0.019928,-0.022186,nan,-0.015198,-0.010308,-0.026871,-0.0043621,-0.028642,-0.030088999999999998,nan,nan,-0.0048008999999999994,-0.015736,-0.011674,0.014154,0.043533999999999996,0.015648,0.021069,0.05335499999999999,0.030455,nan,0.044478,nan,0.05816,nan,0.083195,0.07565,0.063354,0.10128999999999999,0.077764,0.07213,0.10009,0.09564299999999999,0.084739,0.096249,0.092998,nan,0.0924,0.10299000000000001,0.10794000000000001,0.085886,nan,0.12133,nan,nan,0.12169,0.10837000000000001,0.13253,0.11300999999999999,0.11845,0.12102,0.14478,0.1563,0.13054000000000002,0.14524,0.13615,0.14762999999999998,0.17695,nan,0.15131,0.17484,0.17882,0.17929,0.17733,0.16329000000000002,nan,0.16902999999999999,0.19174000000000002,0.18809,0.17794000000000001,nan,0.1908,0.19867,0.19243,0.1959,0.21219000000000002,0.2119,0.21336,nan,0.19635999999999998,0.21193,0.20833000000000002,0.22508000000000003,nan,0.19902,0.23158,nan,0.22385,0.2099,0.23113000000000003,nan,0.21261,nan,0.2209,nan,0.25665,0.23521999999999998,nan,0.24565,0.2749,nan,0.26150999999999996,0.29279,0.27968000000000004,nan,0.31085999999999997,0.30558,0.3222,nan,0.33671,0.34478000000000003,0.34254,0.34512,0.35921,0.3669,0.37824,0.34699,0.37378,0.37089,0.3938,0.38166,0.37021,0.382,0.38219000000000003,nan,0.38794,0.36111,0.3748,nan,0.3914,0.39723,0.38416,0.39073,0.38815,nan,0.39421999999999996,0.39798,0.40342,0.39311,nan,0.40073000000000003,0.39361,0.39158000000000004,0.38240999999999997,0.39393,0.40441,0.40413000000000004,0.39303,0.39235,nan,0.41657,0.39938,0.38143,0.39798,0.41677,0.40447,0.38224,0.3878,0.36848000000000003,0.36703,0.39025,0.37472,0.37574,nan,0.38293,0.38261,0.38351,0.38164000000000003,0.38439,nan,0.38227,0.39257,0.38244,nan,0.38295,0.38206,0.38341,nan,nan,0.39543,nan,0.38106,0.39011999999999997,0.39131,0.37426,0.37604,nan,nan,0.39996,0.38304,0.37640999999999997,0.39313000000000003,0.38299999999999995,0.39321999999999996,0.38195999999999997,0.39371999999999996,0.39241,0.39246,nan,nan,0.38342,0.38106,0.39219,0.3997,nan,0.39791,0.40166999999999997,nan,nan,0.40071999999999997,0.39328,0.39048,0.40553,0.41248,nan,nan,0.40235,nan,0.42943000000000003,nan,0.4259,nan,0.40395,0.40403,0.39457,0.37106,0.38137,nan,0.3857,0.35679,nan,0.38103000000000004,nan,0.3528,nan,0.37066,0.33775,0.36475,0.36314,0.34853,0.36323,0.35817,0.35977,nan,0.33791,nan,0.30327,nan,0.30191999999999997,0.30159,0.30274,0.30235,0.29473,0.28245,0.27207,nan,0.27275,0.25454,nan,nan,0.23869,nan,0.22244,0.21577,nan,nan,0.23124,0.24078000000000002,0.19532,nan,0.20859,nan,nan,0.17739000000000002,0.15473,0.15502,0.14470999999999998,0.14653,0.12357,nan,0.11790999999999999,0.10657,0.11358,0.10335,nan,0.10363,0.088203,0.074588,0.071841,0.06525700000000001,0.060512,0.069751,0.024222,0.080375
4.0,-0.29125,-0.5643600000000001,-0.43946,-0.42838999999999994,-0.5445300000000001,-0.47913999999999995,nan,-0.5139,-0.49901,nan,-0.5474899999999999,nan,-0.55147,-0.55584,-0.5531699999999999,-0.5547300000000001,-0.55753,-0.54633,nan,nan,-0.60123,-0.60787,-0.62874,-0.62569,nan,-0.6301100000000001,nan,-0.66169,-0.67223,-0.65642,-0.64013,-0.63689,-0.6441100000000001,-0.66341,-0.67006,nan,-0.70187,nan,-0.70695,-0.70799,-0.7289800000000001,-0.73156,-0.72035,-0.71753,-0.74083,-0.76325,-0.74858,nan,-0.76563,-0.77447,-0.77785,-0.78968,-0.79887,-0.79023,-0.7709699999999999,-0.78476,-0.79683,nan,-0.78523,nan,nan,-0.79779,nan,-0.8208700000000001,-0.8497899999999999,-0.8463200000000001,-0.82111,-0.8305299999999999,nan,-0.8455,-0.8525799999999999,-0.855,-0.85864,-0.88189,nan,nan,-0.8507299999999999,-0.8690000000000001,nan,-0.88018,-0.89154,-0.8907799999999999,-0.9013899999999999,-0.90246,-0.90055,-0.90065,nan,-0.8883200000000001,nan,-0.8900899999999999,-0.89174,-0.8948299999999999,-0.9141,-0.90485,-0.89189,-0.9187200000000001,nan,-0.9085,-0.9155,-0.91471,nan,-0.91204,-0.9154399999999999,nan,-0.92432,-0.92819,-0.93675,-0.92771,-0.92732,nan,-0.92961,-0.92584,-0.95541,-0.9483,-0.9358299999999999,nan,-0.94532,nan,-0.9650299999999999,-0.9365399999999999,-0.94339,nan,nan,nan,nan,-0.9637399999999999,-0.96846,-0.96031,-0.9714799999999999,-0.9655,-0.95537,-0.96104,-0.9612,nan,-0.97777,-0.98249,-0.9841700000000001,-0.98198,-0.9812299999999999,-0.98187,-0.9841700000000001,-0.9825,-0.9806600000000001,-0.98236,-0.98346,nan,nan,-0.9766799999999999,-0.97259,-0.9731299999999999,-0.96705,nan,-0.97964,-0.9609700000000001,nan,-0.9980600000000001,-0.97483,-0.96134,-0.9663700000000001,-0.9806799999999999,-0.9979600000000001,-0.9963,-0.9744200000000001,-0.97646,-1.0028,-1.0069,-0.9856299999999999,nan,-0.9801,-0.9718200000000001,nan,-0.9730200000000001,nan,nan,nan,nan,nan,-1.0096,-0.9977299999999999,-0.98098,-0.9829200000000001,-0.9819700000000001,-0.9952200000000001,-1.0074,-0.99306,-0.97969,-0.98425,-0.9750700000000001,-0.9667399999999999,-0.9749399999999999,-0.98419,-0.99169,nan,-0.9864799999999999,-0.98464,-1.004,-1.0033,-0.9818600000000001,-0.97152,-0.98111,nan,-0.98659,-0.9838,-0.99545,-0.9863299999999999,-0.97895,-0.9817899999999999,nan,-0.97521,-0.9936,nan,nan,nan,-0.9816600000000001,-0.9693,-0.9848600000000001,nan,-0.95589,-0.9684,nan,-0.98257,nan,-0.9703700000000001,-0.9607899999999999,-0.97282,-0.95589,-0.9453,-0.96516,-0.97349,-0.9638700000000001,-0.9504100000000001,-0.9483799999999999,-0.9498,-0.9364100000000001,-0.9416,-0.94605,nan,-0.93605,-0.9304899999999999,-0.92061,-0.91314,-0.90245,-0.9078200000000001,-0.9116,-0.90066,-0.9112100000000001,nan,-0.9124200000000001,-0.9023200000000001,-0.9146799999999999,-0.8996200000000001,-0.8803700000000001,-0.8959600000000001,-0.9038200000000001,nan,-0.8812200000000001,-0.88956,-0.86785,nan,nan,-0.8686299999999999,-0.85457,-0.8347899999999999,-0.8352799999999999,-0.8492700000000001,-0.85595,-0.8461799999999999,-0.83949,-0.84654,-0.8406799999999999,-0.8233299999999999,-0.81918,-0.82042,-0.8208799999999999,-0.81193,nan,-0.7932,-0.81176,-0.79927,-0.784,-0.7918,nan,nan,-0.7750199999999999,-0.77542,-0.77164,-0.7773399999999999,-0.78698,-0.77055,-0.76012,-0.7630899999999999,-0.7531899999999999,-0.74937,-0.7498600000000001,-0.75232,-0.7532300000000001,-0.73919,-0.74519,-0.74748,-0.71924,-0.71063,-0.72624,-0.72577,-0.71819,nan,-0.67862,-0.6903,-0.70586,-0.6865600000000001,-0.67876,-0.68205,-0.6836899999999999,-0.68484,-0.6651600000000001,-0.65699,nan,-0.6386,-0.6393,-0.65022,-0.6450100000000001,-0.64772,-0.64909,-0.6393,-0.63494,-0.6261899999999999,-0.61082,nan,-0.61862,-0.60155,nan,-0.5918100000000001,-0.59087,-0.60153,-0.5903,nan,-0.59897,-0.58741,-0.57991,-0.57321,-0.586,-0.58513,-0.56733,-0.5771,-0.56308,-0.53914,-0.54399,-0.5326,-0.54045,-0.55495,-0.54398,-0.54895,nan,-0.56593,nan,-0.5231399999999999,-0.52787,-0.5465899999999999,-0.5288,-0.50884,-0.51408,-0.52356,-0.5331,-0.51447,nan,-0.48885,nan,-0.4768,nan,nan,-0.45926999999999996,nan,-0.45347,-0.4501,-0.46647,-0.46261,-0.44948,-0.45271999999999996,-0.44291,-0.44037,nan,nan,-0.41847,-0.4449,-0.46496000000000004,-0.4308,-0.41042,-0.43272,-0.43123999999999996,-0.40419,-0.41031999999999996,-0.41373000000000004,-0.41597,-0.43864,nan,nan,-0.4055,-0.40457,nan,-0.39574000000000004,nan,-0.40993999999999997,-0.40967,-0.37861,nan,-0.3781,-0.39347,-0.38044,-0.37088000000000004,-0.38254,-0.36339,nan,nan,-0.34795,nan,nan,nan,-0.359,-0.35567,-0.36738000000000004,-0.38351999999999997,-0.37004000000000004,nan,-0.34364,-0.34567,-0.34648,-0.33818000000000004,-0.32448,-0.325,nan,-0.33676,nan,-0.3199,-0.3248,-0.32521,nan,-0.31856999999999996,-0.33776999999999996,-0.32594,-0.30136,nan,-0.31338,-0.31292,-0.30136,-0.29989,-0.31955,-0.33644,-0.32673,-0.31485,-0.30668,-0.2998,-0.29948,nan,-0.29936999999999997,-0.29938000000000003,-0.29907,nan,-0.31028,-0.3126,-0.31342,-0.29281999999999997,-0.29305,nan,-0.31328,-0.29836999999999997,-0.30535,-0.31046999999999997,-0.30055,-0.2821,-0.26541,nan,-0.29157,-0.3085,-0.31464000000000003,-0.30428,-0.30103,-0.31156,-0.2988,-0.28226999999999997,nan,nan,-0.30417,nan,-0.32142,-0.31272,-0.312,-0.30173,-0.28473000000000004,-0.29018,-0.29796,-0.30198,-0.3169,-0.32411,nan,-0.2933,-0.30441,nan,-0.3112,nan,-0.30627,-0.29971,-0.30927,-0.32177,-0.31849,nan,-0.31156,-0.31916,nan,nan,-0.32424000000000003,-0.32585,-0.31038000000000004,-0.29763,-0.31306999999999996,-0.31609,-0.29773,-0.30632,-0.3245,nan,-0.31437,-0.32602,-0.3229,-0.31373,-0.30118,-0.30121,nan,-0.31266,-0.30954,nan,-0.31118,-0.31234,-0.3113,-0.30705,nan,-0.30061,-0.31201,-0.30489,-0.31898000000000004,nan,-0.29004,-0.30718,nan,nan,nan,-0.29985,-0.28770999999999997,-0.31626,nan,-0.31446,-0.3054,-0.29961,nan,-0.30911,-0.28256,-0.27941,-0.29019,-0.2775,-0.28531999999999996,-0.30078,-0.29029,nan,-0.30983,nan,-0.30019,nan,-0.27971,nan,-0.29147,-0.30018,-0.29225999999999996,-0.28649,-0.28934,-0.28013000000000005,nan,-0.26971999999999996,-0.27786,-0.28815999999999997,-0.30226,-0.28436,-0.27984000000000003,-0.29055,-0.25948000000000004,-0.25955,-0.27908,-0.2661,nan,-0.28645,-0.28705,-0.27629000000000004,nan,nan,-0.24779,-0.24284,-0.26244,nan,-0.24408000000000002,-0.25891,-0.27807,-0.26086,-0.24625999999999998,-0.23909,-0.24155,-0.25531,-0.23768000000000003,-0.23476999999999998,-0.25474,-0.24134,-0.25449,nan,-0.2309,-0.23025,-0.21775,-0.20720999999999998,-0.23388,nan,-0.19655999999999998,nan,-0.2074,-0.19752,-0.19083,nan,-0.20679,-0.19718,-0.19114,-0.19958,-0.1883,-0.16249,nan,-0.19926,-0.18539,nan,-0.16806,-0.17555,-0.1697,-0.17415,-0.17471,-0.16330999999999998,-0.16009,-0.16074000000000002,-0.15061,-0.15175,-0.16649,-0.15682000000000001,-0.13898,-0.15098,-0.16734000000000002,-0.17386,-0.17438,-0.15516,-0.14445999999999998,-0.14943,-0.13985999999999998,-0.12607000000000002,nan,-0.12349,nan,nan,-0.12795,-0.13164,nan,-0.13225,-0.11395999999999999,-0.11455,nan,-0.11520999999999999,-0.11265,-0.1163,-0.11173,-0.09402999999999999,-0.089996,-0.091154,-0.093558,nan,nan,-0.06636900000000001,nan,-0.081458,-0.069002,-0.076903,-0.095812,-0.079085,nan,-0.060109,-0.045874,-0.035633,-0.063553,-0.068851,-0.042044,-0.034835000000000005,-0.044085,-0.046072,-0.041014,-0.047348,nan,-0.047983,-0.041974000000000004,-0.044817,-0.045814,nan,-0.034508,-0.015577,-0.011539,nan,nan,nan,-0.012362,-0.033780000000000004,-0.013567,nan,-0.013405000000000002,-0.021514,-0.030337,-0.027888999999999997,-0.0069578,-0.009479600000000001,-0.014258000000000002,nan,-0.00021244,-0.01108,-0.0028173,0.006679200000000001,-0.0018331,nan,-0.0028715999999999998,0.011635,0.010270999999999999,nan,0.0014124,0.0017535,0.005109600000000001,0.012036,0.004727,-0.008508,-0.0061361,0.0027551,0.010667,0.015988,nan,0.0025308,0.011002,0.012875999999999999,0.014788999999999998,nan,0.00033952,0.018402,0.025869,0.0045563999999999995,-0.011536,-0.0033554,0.013352000000000001,0.0081566,0.0012416999999999999,0.012093000000000001,0.0056593,0.005368,0.011541,0.0022784000000000003,0.0036042,-0.0037768,nan,0.010289,0.008106499999999999,0.00017906,0.00094775,-0.010687,-0.004384000000000001,0.0088095,-0.0042625,nan,-0.023143,-0.019484,-0.024197999999999997,-0.03544,nan,-0.024397,nan,nan,-0.034957999999999996,nan,-0.04987,-0.041811,-0.032106,nan,-0.067006,-0.054707000000000006,nan,-0.054817,-0.06402200000000001,-0.083597,-0.081609,-0.084582,-0.09944700000000001,nan,-0.08182,nan,-0.10714000000000001,-0.10667,-0.12797999999999998,-0.11734000000000001,nan,-0.12850999999999999,-0.12707000000000002,nan,-0.14954,-0.17096,-0.16877,-0.14026,-0.14992,nan,-0.14461,-0.14837,-0.17334000000000002,-0.19771,-0.2067,-0.19673,-0.19823,-0.22713000000000003,-0.24288,nan,nan,nan,-0.2726,nan,-0.2646,nan,-0.28439000000000003,nan,-0.30104000000000003,-0.30066,-0.32448,-0.33425,-0.32425,-0.33042,-0.33454,-0.33741,nan,-0.36727,-0.37338000000000005,-0.38291,-0.38285,-0.38642,-0.40479,-0.41939,-0.42915,nan,nan,-0.43432,-0.45187,nan,-0.45976999999999996,-0.48316000000000003,-0.48473999999999995,nan,-0.49608,-0.4902,-0.50345,-0.54182,-0.53894,-0.5252399999999999,-0.5351,nan,-0.55796,-0.57306,-0.5595399999999999,-0.5686399999999999,nan,nan,-0.5934,-0.62555,-0.61038,nan,-0.6492399999999999,-0.61038,nan,-0.64549,nan,nan,-0.69403,-0.6996,-0.70502,-0.70705,-0.72877,nan,-0.73731,nan,-0.7529899999999999,-0.7699600000000001,-0.77703,-0.77255,-0.77665,-0.77618,nan,-0.79793,-0.8233299999999999,-0.8213299999999999,-0.8312,-0.8486600000000001,nan,-0.84221,-0.8544700000000001,-0.8527,-0.87634,-0.9136,-0.9053100000000001,-0.9062600000000001,nan,-0.93774,-0.94424,nan,nan,-0.95049,-0.97811,-0.98213,nan,-0.99641,nan,-1.0141,nan,-1.0065,-1.0152,nan,nan,nan,nan,-1.0588,-1.0614,-1.0692,-1.0989,-1.0931,nan,-1.1068,-1.1243,-1.1206,-1.1302,nan,-1.1582,-1.1468,-1.1422,-1.1461,-1.1594,-1.1691,-1.1606,-1.1521,-1.1441,-1.1523,-1.186,-1.1779,nan,-1.178,-1.1831,-1.1767,-1.197,-1.205,nan,-1.2107,-1.2126,-1.217,-1.2352,-1.2258,-1.2138,nan,-1.2432,-1.2169,-1.2196,-1.2396,-1.2311,-1.2132,-1.2188,-1.2276,-1.2274,nan,-1.2197,nan,-1.2273,nan,-1.2231,-1.228,-1.2288,nan,-1.2123,-1.2147,-1.2166,-1.2149,nan,-1.1951,-1.1789,-1.1607,-1.1454,-1.1466,-1.1587,-1.1587,-1.1476,-1.1418,-1.1462,nan,nan,-1.1102,-1.0941,-1.0786,-1.0589,-1.041,-1.043,nan,-1.0443,nan,nan,-0.99565,-0.99639,nan,-0.9681700000000001,nan,-0.9369299999999999,-0.94624,-0.93214,-0.88365,-0.87816,-0.87875,-0.84762,-0.83221,-0.8346399999999999,-0.8183199999999999,-0.79497,-0.78266,-0.77682,-0.75984,-0.7302,-0.7137899999999999,-0.71838,nan,nan,-0.64957,-0.65937,-0.6326,nan,nan,-0.57498,-0.55562,-0.5563100000000001,-0.54115,nan,nan,-0.46848999999999996,-0.44346,-0.40765999999999997,nan,nan,-0.33805999999999997,nan,-0.26661999999999997,-0.2601,-0.23206,-0.21289,-0.1832,-0.14055,-0.14543,-0.11309000000000001,-0.039436,-0.022312000000000002,nan,0.011259,0.028444,0.074238,0.11437,0.15281,0.21025,0.23234000000000002,0.2334,0.27599,0.32285,0.3356,nan,0.43606999999999996,0.47383000000000003,nan,nan,0.56528,0.5938899999999999,0.64155,nan,0.69824,nan,0.8054399999999999,0.83157,0.85939,0.90375,0.9322799999999999,0.97635,nan,1.0946,nan,1.133,1.1704,1.2,1.2256,1.2735,1.3339,nan,1.371,1.4398,1.4789,1.5057,nan,1.6125,1.6276,1.6737,1.7216,nan,nan,1.8321,1.8704,nan,1.9396,1.9935,2.0101,2.0419,2.1061,2.1233,2.1273,2.194,2.2715,nan,2.3313,2.3433,2.3663,2.4277,2.4749,2.4783,2.5088,2.5649,nan,nan,2.6608,2.6854,2.7051,2.7477,2.7877,2.8137,2.8313,2.8499,2.8825,2.9078,2.9139,2.9405,2.9759,2.9889,2.9894,nan,2.9949,3.0133,3.0127,3.0156,nan,3.0355,3.0358,3.0261,3.0216,3.0228,3.0229,3.0191,2.9984,2.9883,2.9894,2.964,2.9446,2.9391,nan,2.908,2.9048,2.888,2.8718,2.8641,2.8496,nan,2.8004,2.781,2.7765,2.7555,nan,2.7146,2.6845,2.6735,nan,2.6439,nan,2.6092,2.5896,2.583,2.5835,2.5762,nan,nan,2.5092,nan,2.484,2.5028,2.4933,2.4852,2.4656,2.4276,2.4019999999999997,2.3801,2.3761,2.3725,2.3527,nan,2.3564,2.3189,2.3158,nan,2.3083,2.294,2.3054,2.2889,2.2737,2.2679,2.2589,2.2531,2.2201,2.1961,2.201,nan,2.1663,2.1685,2.165,2.1465,2.1297,2.1382,2.1408,nan,2.1186,2.1185,2.1045,2.0967,2.103,2.1191,2.115,2.0843,2.0648,2.0574,nan,2.0268,2.0249,nan,nan,2.0053,2.0262,2.0166,nan,2.005,1.9948,nan,nan,nan,nan,nan,1.9661,1.9484,nan,1.9405,1.9447,1.9301,1.923,1.9042,1.9013,1.9159,1.8967,1.8763,nan,1.8802,nan,nan,1.8541,1.8651,1.8906,1.8792,1.8682,1.8574,1.8373,1.8309,nan,1.8526,1.8478,1.8189,1.8157,nan,1.8132,1.7943,1.7847,nan,nan,1.7823,1.7636,nan,1.7439,1.7374,1.7474,1.7534,1.7425,1.7376,1.7379,nan,1.7096,1.7182,1.7151,1.7018,1.7126,1.7101,nan,1.6921,1.6765,1.6477,1.645,1.6385,nan,nan,1.6063,1.5862,1.5986,1.5907,1.5911,1.6213,1.6015,1.5832,1.6026,1.5884,1.5664,1.5629,nan,1.5178,1.5142,1.5277,1.5281,1.517,1.4933,1.4613,1.469,nan,nan,1.4644,nan,1.4567,1.44,nan,1.4123,1.4136,nan,1.4116,1.3816,1.369,1.3791,1.3605,1.3604,1.3654,nan,1.3423,nan,nan,nan,nan,1.3147,1.3029,1.285,nan,1.2903,1.2819,1.2738,1.2649,1.2471,nan,1.2409,1.2298,nan,1.1996,1.1911,1.1925,1.1975,1.1793,1.1711,1.1696,1.1495,1.1565,1.1768,1.1687,1.1512,1.1314,1.1239,1.123,nan,1.0957,1.1068,1.0962,nan,1.0803,1.069,1.052,1.0538,1.0485,1.0407,nan,nan,1.0257,1.0153,nan,1.018,nan,nan,0.9986200000000001,0.98293,nan,0.97193,0.94981,0.94016,0.9499299999999999,nan,0.92107,0.91312,0.8940799999999999,0.8895200000000001,0.8985299999999999,0.8888799999999999,0.8805700000000001,0.8912100000000001,0.8941100000000001,0.89341,0.87981,0.8507899999999999,0.84503,0.84326,nan,nan,0.85814,nan,0.83621,0.8374799999999999,0.81792,0.8119,0.80857,0.77977,0.7702,0.7863399999999999,0.7689600000000001,0.74255,0.73779,0.71396,0.7135100000000001,0.7418,0.72026,nan,0.7179800000000001,0.7168899999999999,0.68887,nan,0.66538,0.66206,0.68312,0.67756,nan,0.66914,nan,0.6671,0.66627,0.64817,nan,nan,0.6190899999999999,0.62916,0.6146199999999999,nan,nan,0.57344,nan,nan,nan,0.508,nan,0.52063,0.51608,nan,0.52242,0.51307,nan,0.49793000000000004,0.48473999999999995,0.47576999999999997,0.47168000000000004,0.45002,0.42565,0.42804,0.4355,0.41348,nan,0.39415,0.39774,nan,0.38094,0.37011,0.36077,0.36456,nan,nan,0.32687,0.33288,0.33591,0.32384,0.3249,nan,nan,nan,0.28003,0.27034,0.26266,0.25428,0.2544,0.24916999999999997,0.24168,0.24783000000000002,0.24334,0.22509,nan,nan,nan,0.22232,0.21035,0.19242,0.18554,0.17722000000000002,0.16132,0.14615,0.13988,0.14017000000000002,0.13380999999999998,0.12623,0.13015,0.12853,0.11164,0.10211,nan,0.09326,0.081032,0.09228,0.08897100000000001,0.056313,0.046389,0.048476,0.026223000000000003,0.025586,nan,0.054842999999999996,0.047763,0.045965,0.026405,nan,0.023577,0.009247700000000001,0.0014408,nan,-0.012131999999999999,-0.0087411,nan,-0.018646,nan,-0.036358,-0.035184,nan,nan,nan,-0.043845,-0.031859,-0.041027999999999995,-0.045499,-0.059207,nan,-0.063465,-0.07775399999999999,-0.0925,-0.08152999999999999,-0.090224,-0.11185999999999999,-0.11458,-0.1259,-0.1323,-0.11026,nan,-0.12727,-0.12815,-0.12736,-0.14244,-0.13907,-0.13317,-0.15469000000000002,-0.15652,-0.15025,-0.16087,-0.14723,nan,-0.15138,nan,nan,nan,-0.1477,-0.15947,-0.16988,nan,nan,-0.18579,-0.18317999999999998,-0.18636,-0.20060999999999998,nan,nan,-0.21126,-0.207,nan,-0.25656999999999996,-0.22832,-0.22430999999999998,-0.25639,nan,-0.2513,-0.25125,-0.25609,nan,-0.27016999999999997,-0.26505,-0.27896,-0.26794,-0.25766,-0.27894,-0.28754,-0.27835,nan,-0.3072,-0.29066,nan,-0.28711,-0.28334000000000004,-0.27388,-0.27851,-0.28617,-0.29683000000000004,-0.29575999999999997,-0.28938,nan,nan,nan,nan,nan,nan,nan,-0.31303000000000003,-0.30209,-0.28583000000000003,-0.29928,-0.31199,-0.30115,-0.29467,-0.31242,-0.32472,-0.32438,-0.32336,-0.31751999999999997,-0.3068,nan,-0.33236,nan,-0.33,-0.32269000000000003,-0.32256,-0.33111999999999997,-0.33504,-0.33484,-0.3259,nan,nan,-0.33535,-0.32492,-0.32175,-0.32159,nan,-0.3366,-0.33426999999999996,nan,-0.32854,nan,-0.35244000000000003,-0.35527,-0.34018000000000004,nan,-0.34755,nan,-0.35025,nan,-0.35867,-0.35104,nan,-0.3376,nan,-0.36083000000000004,-0.34929,-0.34602,-0.35875999999999997,-0.3617,-0.34515999999999997,-0.35163,-0.37087,-0.35220999999999997,nan,-0.35079,-0.35873,-0.35825,nan,nan,nan,-0.3583,-0.34915999999999997,-0.3435,-0.34661,-0.3567,-0.36405,-0.34002,-0.34078,-0.37028,-0.35279,-0.34549,nan,nan,nan,-0.35103,nan,nan,nan,nan,-0.41695,-0.40335,-0.40393,-0.39576,-0.39332,nan,-0.39418000000000003,-0.39464,-0.41167,-0.41495,nan,-0.3929,-0.39185,-0.38966,-0.3828,-0.38132,-0.37786,-0.38591,-0.40558,-0.40543,-0.39748,-0.38716,-0.39471,-0.4151,-0.40165,-0.39185,-0.42051000000000005,-0.42993000000000003,-0.41585,-0.41908999999999996,-0.42825,-0.4185,-0.40342,-0.40959,-0.43313999999999997,-0.44001999999999997,-0.42701000000000006,-0.43286,-0.43637,-0.42916000000000004,-0.42863,-0.41828000000000004,-0.41899,-0.44018999999999997,-0.43966000000000005,-0.43701,nan,nan,-0.41276999999999997,nan,nan,-0.43063999999999997,-0.44938,-0.44411999999999996,-0.43346999999999997,-0.43995,-0.43983,-0.43483,-0.4437,-0.45047,-0.45141000000000003,nan,-0.44359,-0.43613,-0.43982,-0.44596,nan,nan,-0.46121999999999996,-0.44747,-0.46579,-0.47116,-0.46196000000000004,-0.46243999999999996,-0.45875,-0.46775,-0.4722,-0.45216000000000006,-0.46046000000000004,-0.48153999999999997,nan,nan,-0.46592,-0.44943,-0.45677,-0.48700000000000004,-0.47871,-0.4694,-0.47431999999999996,-0.47518,-0.47518,-0.46457,-0.46233,nan,-0.44922,-0.4647,-0.47108,-0.46271999999999996,nan,-0.48951000000000006,-0.48299,-0.5011899999999999,-0.5099600000000001,-0.49711000000000005,-0.49704,nan,-0.48662,-0.50825,-0.53101,-0.52891,nan,-0.51741,-0.52737,-0.52918,-0.5209699999999999,-0.52793,-0.53964,-0.54189,-0.5433600000000001,-0.54255,-0.54725,-0.5595899999999999,-0.56705,nan,-0.57727,nan,nan,-0.57734,-0.60816,-0.598,nan,-0.59012,-0.5820000000000001,-0.5784699999999999,-0.59032,-0.57905,-0.57416,-0.58659,-0.58646,-0.5907600000000001,-0.60043,-0.59355,-0.59055,-0.58717,nan,nan,-0.57305,-0.61683,-0.59546,-0.52299,nan
4.0,-0.27833,nan,-0.43088999999999994,-0.41447,-0.49015,-0.423,-0.48681,-0.47681999999999997,-0.44675,nan,-0.4709,-0.49203,-0.46242,-0.45348999999999995,-0.46565,-0.46502,-0.48627,-0.47723000000000004,-0.46738,-0.49128999999999995,nan,-0.44673,-0.47478000000000004,-0.49161000000000005,nan,nan,-0.47588,-0.50384,-0.48289,-0.4766,nan,-0.50278,nan,-0.50149,-0.50162,-0.50215,nan,-0.50993,-0.51241,-0.51418,-0.51513,-0.50917,-0.5223,-0.52144,-0.5150600000000001,-0.54213,nan,-0.5330699999999999,nan,-0.54794,-0.5576,-0.55878,-0.551,-0.55035,-0.5532100000000001,-0.5696399999999999,-0.57231,-0.55187,-0.56795,-0.59824,-0.5977399999999999,-0.6086699999999999,-0.62513,nan,nan,-0.61156,-0.59995,nan,-0.62598,-0.6241,-0.62929,-0.63952,-0.62917,-0.63765,-0.6572600000000001,-0.6503899999999999,-0.6483899999999999,nan,-0.64955,-0.6485,-0.66559,-0.67042,nan,-0.6533800000000001,-0.6652600000000001,-0.66909,-0.6598,-0.66502,-0.67525,nan,-0.69724,-0.693,nan,-0.71854,nan,-0.68783,-0.71953,nan,-0.73359,-0.74449,-0.73231,-0.73787,-0.75767,nan,-0.74867,-0.7527699999999999,-0.7259399999999999,-0.72915,nan,nan,-0.7556,-0.7681,-0.77696,-0.78061,-0.77609,nan,-0.77608,-0.7771100000000001,nan,-0.75825,-0.7753,-0.78277,-0.77677,-0.7964899999999999,-0.80878,nan,-0.7719699999999999,-0.79402,-0.78245,-0.777,-0.77746,-0.78308,-0.8046800000000001,-0.8044899999999999,-0.80513,-0.8002600000000001,-0.7936,-0.8109999999999999,-0.81261,-0.8220799999999999,nan,-0.81986,-0.81867,nan,nan,-0.82501,-0.83324,nan,nan,-0.81947,-0.82358,-0.8488899999999999,-0.83614,-0.8279,-0.83831,-0.83673,-0.8438,-0.85454,-0.84065,-0.8487,nan,-0.85482,-0.8498399999999999,nan,-0.85046,-0.85467,-0.8616299999999999,-0.86555,nan,-0.86654,nan,-0.8656,-0.86693,-0.87631,-0.85654,-0.85145,-0.87766,-0.8884700000000001,-0.8787200000000001,-0.86554,-0.86419,-0.88077,-0.8789600000000001,-0.8447399999999999,-0.8497,-0.88494,nan,-0.8519700000000001,-0.8645,-0.87631,-0.86398,-0.85325,-0.8513200000000001,-0.85346,nan,-0.87625,-0.87536,-0.8735200000000001,-0.8608600000000001,-0.85278,nan,nan,-0.85456,nan,-0.8587899999999999,-0.8816200000000001,-0.90064,-0.8785200000000001,-0.87241,-0.87746,-0.8761899999999999,nan,-0.89154,-0.8785299999999999,-0.8748799999999999,-0.8777299999999999,-0.88582,-0.8939299999999999,-0.8759299999999999,-0.8653700000000001,-0.8862200000000001,-0.89197,-0.8819600000000001,-0.8749299999999999,nan,nan,nan,-0.88541,nan,-0.8914700000000001,-0.8789,-0.87716,-0.8907799999999999,-0.8986700000000001,nan,-0.8967,-0.88984,-0.88885,-0.88169,nan,-0.8927200000000001,-0.9038200000000001,-0.8816200000000001,-0.8779,nan,-0.86841,-0.85441,-0.8797,nan,-0.90336,-0.88954,-0.89039,-0.90497,-0.91528,-0.9126700000000001,nan,-0.9270799999999999,-0.92596,nan,-0.91819,-0.9235899999999999,-0.91332,-0.9017700000000001,-0.90433,-0.91958,-0.9244399999999999,-0.91458,-0.91812,-0.9259799999999999,-0.92412,nan,-0.9244100000000001,nan,-0.94191,-0.95132,-0.93805,nan,-0.93289,-0.9266700000000001,-0.93481,-0.93365,-0.94311,nan,-0.9434899999999999,-0.9290200000000001,-0.94226,-0.95073,-0.95049,nan,-0.9332600000000001,-0.93889,-0.9488200000000001,-0.95175,-0.9414799999999999,-0.9364299999999999,nan,-0.92175,nan,-0.98005,-0.9515,-0.95945,-0.9479700000000001,-0.9390700000000001,-0.9638700000000001,-0.9516,nan,-0.97355,-0.96249,-0.97029,nan,-0.9588899999999999,-0.97625,-0.9767,-0.9538700000000001,-0.9493299999999999,nan,-0.9740000000000001,-0.9659700000000001,nan,-0.94862,-0.9507,-0.9556100000000001,-0.9693299999999999,-0.9702,-0.9638100000000001,-0.9626,-0.9528399999999999,-0.9502,nan,-0.9624299999999999,-0.96039,nan,-0.9637600000000001,nan,nan,-0.95914,nan,-0.95162,-0.9519299999999999,-0.9655799999999999,-0.9415100000000001,-0.93471,-0.9849600000000001,-0.9877299999999999,-0.9557100000000001,-0.96305,-0.96215,-0.96473,nan,-0.96355,-0.96091,-0.95573,nan,-0.9513799999999999,-0.95941,-0.96506,-0.95168,-0.93761,-0.9566399999999999,-0.9753799999999999,-0.9616100000000001,nan,-0.9604799999999999,-0.97146,-0.96845,-0.9584,-0.9398799999999999,-0.9296399999999999,-0.95152,-0.9597,-0.9513299999999999,-0.9587,-0.9565899999999999,-0.9464899999999999,-0.9511200000000001,-0.9406,nan,-0.9390000000000001,-0.9373600000000001,-0.93484,-0.9462,-0.94653,-0.9517200000000001,nan,nan,-0.91712,-0.93953,-0.92775,-0.9193,-0.9274100000000001,nan,-0.92566,-0.9354600000000001,-0.93095,-0.92205,-0.92665,-0.92601,nan,-0.91128,nan,-0.91481,-0.90502,-0.8982700000000001,-0.90251,-0.90215,-0.8983700000000001,-0.9020100000000001,nan,-0.88994,-0.8940799999999999,-0.90384,nan,-0.89036,-0.8875,nan,-0.88856,-0.89054,-0.88774,-0.88859,nan,-0.87775,-0.86636,nan,-0.8684299999999999,-0.87745,-0.8747,nan,nan,-0.87677,nan,-0.8390200000000001,-0.85724,-0.8903399999999999,-0.85854,nan,nan,-0.85293,-0.8430799999999999,-0.83062,-0.86761,-0.88569,-0.85483,-0.84949,nan,-0.83606,-0.8424200000000001,nan,-0.8569700000000001,-0.84054,-0.81491,nan,-0.81023,nan,-0.80672,-0.81558,-0.81607,-0.8125399999999999,-0.81728,nan,-0.7973,nan,-0.79109,-0.78172,-0.78393,-0.8033,-0.7995800000000001,-0.79394,-0.79496,-0.7753399999999999,nan,-0.78138,nan,-0.76364,-0.7640399999999999,-0.7406699999999999,-0.72945,-0.74833,-0.75555,-0.75841,-0.7786,nan,nan,-0.7447699999999999,-0.75697,nan,-0.74967,-0.74007,-0.7333,nan,-0.74515,-0.71834,-0.71015,-0.7307899999999999,-0.71612,-0.7088,-0.7198,-0.70754,-0.72752,-0.74345,-0.71432,-0.69706,-0.68739,-0.67919,-0.68378,-0.67381,-0.65675,-0.6636,-0.67068,nan,nan,-0.65913,-0.66328,-0.68499,-0.6736300000000001,-0.66964,-0.66485,-0.64769,-0.6462899999999999,-0.64908,-0.66701,nan,-0.6372899999999999,-0.64681,-0.65518,nan,nan,-0.66038,-0.65183,nan,nan,-0.64482,nan,-0.63747,-0.63672,-0.63135,nan,-0.62812,-0.62433,-0.63494,nan,-0.6277,nan,-0.62844,-0.61856,-0.6491600000000001,-0.65693,-0.6279100000000001,nan,-0.61461,-0.62322,-0.62337,nan,-0.61638,-0.60847,-0.61134,-0.60455,-0.5866600000000001,-0.5904699999999999,-0.61193,-0.6119899999999999,-0.60295,nan,-0.6008,nan,nan,nan,nan,-0.57535,nan,-0.59732,nan,-0.59813,-0.5932,-0.5811,nan,-0.58802,-0.58502,nan,-0.5865199999999999,-0.58819,nan,-0.58472,-0.56281,-0.53957,nan,-0.55205,-0.5501199999999999,-0.56417,-0.57329,-0.5746,-0.56802,-0.5481600000000001,-0.5375,-0.55194,-0.56263,-0.54705,-0.54881,-0.56625,-0.54103,-0.5283800000000001,-0.5616300000000001,-0.5583,-0.54279,-0.55386,-0.55245,nan,-0.5417,-0.55332,-0.55135,-0.53832,-0.54356,-0.55145,-0.55118,-0.54182,-0.5252,nan,-0.53804,-0.52704,-0.53236,-0.53581,-0.52361,-0.5262,nan,-0.52251,-0.5270600000000001,-0.52763,-0.51551,-0.51115,-0.51227,-0.5037,-0.49851,-0.51122,-0.50872,-0.5037699999999999,-0.51267,-0.50626,nan,-0.51507,-0.50612,-0.48963,-0.4942,-0.51802,-0.51781,-0.48295,-0.48100000000000004,-0.48878999999999995,-0.47881,-0.4869,nan,nan,-0.5038199999999999,-0.48821000000000003,nan,-0.46962,-0.47889,-0.46821,-0.46026000000000006,nan,-0.46493,-0.46157,-0.47978000000000004,nan,nan,-0.46392,-0.4526,-0.43528,-0.44306,-0.44269,nan,-0.43625,-0.44768,nan,-0.43036,-0.41368999999999995,-0.45348999999999995,-0.44282,-0.4017,-0.43211000000000005,-0.44801,-0.40288,-0.39718000000000003,-0.41996999999999995,-0.40604,-0.39402,-0.40294,nan,nan,-0.41986999999999997,-0.41023999999999994,-0.37164,nan,nan,-0.38001,-0.40764,-0.37088000000000004,nan,nan,-0.32045,-0.30113,nan,-0.32078,-0.3044,-0.32303000000000004,-0.3313,nan,nan,-0.3039,nan,-0.30553,-0.28555,-0.28720999999999997,-0.27064,-0.26193,-0.28444,-0.26894,-0.25203000000000003,-0.24293,-0.23646,-0.25806999999999997,-0.24105,-0.22515,-0.26121,-0.25554,-0.23485999999999999,-0.2339,-0.21056,-0.18783,-0.19339,-0.1989,-0.19957,nan,-0.16879,-0.16174000000000002,-0.16172999999999998,-0.1427,nan,-0.12557000000000001,-0.14626,-0.16482,-0.13574,-0.12736,-0.13948,-0.11694,-0.10037,-0.10415999999999999,nan,-0.091053,-0.081593,-0.066276,-0.046593,-0.057067999999999994,-0.079251,-0.058597,-0.030549,-0.016253,-0.0045933,-0.026572000000000002,-0.046712000000000004,-0.039248000000000005,-0.021605000000000003,-0.0022286999999999997,-0.016000999999999998,-0.010641,0.027981,0.018409000000000002,0.00061024,0.009987799999999998,0.0053574,nan,0.008639,0.0079487,0.017499,0.037444,nan,0.050404000000000004,nan,0.026418999999999998,0.048714999999999994,nan,0.039938999999999995,0.039762,nan,0.06674,0.05235,0.062245,0.097095,nan,0.1069,0.12524000000000002,0.12207,0.11148,0.1204,0.12554,0.11940999999999999,nan,0.12170999999999998,nan,nan,0.12302,0.12625999999999998,0.11425999999999999,0.12303,0.13935,0.13635,0.12507000000000001,nan,nan,0.1407,0.14004,0.14969000000000002,0.16229000000000002,0.16617,0.16349,0.16268,0.16529000000000002,0.16613,nan,0.17287,0.14926,0.17629,0.1836,0.16308,0.18377000000000002,0.18375999999999998,0.17669,0.18771,0.17648,0.18053,0.19205999999999998,0.18699000000000002,0.19752,0.20525,0.19237,0.18897,nan,0.20202,0.19905,0.20151,0.19857,0.19799,nan,0.21304,0.21154,0.21443,0.19899999999999998,0.18636,nan,0.21302,0.20459000000000002,nan,0.19952,0.19896,0.20756,nan,0.22421,0.223,0.21641999999999997,0.21091999999999997,0.21303000000000002,0.19933,0.1851,0.20332,0.2116,0.19858,0.20076,nan,nan,nan,0.20223,0.20765,0.21001999999999998,nan,0.21156,0.20410999999999999,0.20359000000000002,0.195,0.17375,0.19760999999999998,0.18552000000000002,nan,0.19769,0.18815,nan,0.16403,0.16262000000000001,nan,0.1625,0.15263,0.14956,0.12675,0.14959,0.1612,0.12251,nan,nan,0.11821,nan,0.091754,0.098651,0.10252,nan,0.10103999999999999,0.1023,0.074919,0.067204,0.065425,0.047633999999999996,0.043094,nan,0.016143,0.014688999999999999,nan,0.012806,0.0059729,0.0086245,-0.001918,-0.0034530999999999997,-0.0079083,-0.01866,-0.012043,-0.032062,-0.055419,nan,-0.084452,-0.10919000000000001,-0.10059,nan,nan,nan,-0.12045,-0.12864,-0.11256,-0.13435999999999998,-0.17289000000000002,-0.17624,-0.17279,nan,-0.1895,-0.20124,-0.21949000000000002,-0.23349,nan,nan,-0.27155,-0.26896,-0.28008,-0.29727,-0.29628000000000004,-0.30272,-0.31027,-0.32750999999999997,nan,-0.38911999999999997,-0.40147,nan,-0.41828000000000004,-0.40251,-0.4166,-0.43118999999999996,-0.43043000000000003,-0.43799,nan,-0.45438999999999996,nan,nan,-0.5001,-0.49925,nan,-0.53495,nan,-0.5452100000000001,-0.55571,-0.58577,-0.5980800000000001,-0.59644,-0.60046,-0.61152,-0.6190399999999999,-0.6269600000000001,-0.63821,nan,-0.64703,nan,-0.68235,-0.69645,-0.69297,nan,-0.71537,-0.70914,-0.7284,-0.73978,-0.75002,-0.77051,-0.76941,-0.7633,nan,nan,-0.79296,-0.80178,-0.8033899999999999,-0.8064600000000001,-0.83006,-0.8349,-0.8062600000000001,-0.8124899999999999,-0.84273,-0.84045,-0.84696,nan,-0.84173,nan,-0.86195,nan,-0.85646,nan,-0.8592200000000001,-0.87111,nan,-0.85541,nan,-0.83316,-0.8491200000000001,-0.8897700000000001,-0.88449,-0.863,-0.86613,-0.87835,-0.87879,-0.8654200000000001,-0.8662700000000001,-0.87771,-0.8668,-0.8605799999999999,-0.86244,-0.85136,nan,-0.8452,-0.85845,nan,-0.84467,-0.8186899999999999,-0.81712,-0.8298,-0.81875,-0.7933100000000001,-0.79651,nan,-0.7941,nan,-0.78955,-0.77037,-0.75747,-0.75658,-0.74946,nan,nan,-0.7063699999999999,-0.7148,nan,-0.65717,-0.66964,-0.66504,-0.65185,-0.64404,-0.62479,-0.6208,-0.61725,nan,-0.60124,-0.56423,-0.53482,-0.54108,-0.5396,-0.51752,-0.50693,-0.49388999999999994,-0.46388999999999997,nan,-0.4465,-0.45243999999999995,-0.43951999999999997,-0.41926,-0.415,-0.41226,nan,nan,-0.34786999999999996,-0.33326,-0.2985,-0.27392,-0.26442,-0.24608000000000002,nan,-0.2255,-0.18813,nan,nan,nan,-0.12090999999999999,-0.09447,nan,nan,-0.010527,nan,0.014371,0.04873,0.07699199999999999,nan,nan,nan,0.16258,0.18988,0.24536,0.27798,0.29459,0.31416,0.34318000000000004,0.40112,0.42783999999999994,nan,nan,0.5108,0.5150100000000001,0.56197,nan,0.62644,0.6775399999999999,0.71403,0.75357,0.80602,0.83163,0.84839,nan,0.92429,0.97452,1.0194,1.0378,1.0697,1.1207,1.1534,1.1956,1.2535,1.2829,1.3013,1.3393,nan,1.4009,nan,nan,nan,nan,1.5924,1.6283,1.6874,1.7032,1.7351,1.8032,1.8252,1.8579,1.9194,1.9518,1.9874,2.0236,2.0669999999999997,2.1231,2.1442,2.1635,2.2163,2.2575,2.2911,2.3477,2.3925,2.4159,2.4434,2.469,2.5097,2.5663,2.5836,2.5866,2.6426,2.7019,2.7366,2.7784,2.7914,2.8104,2.8709,2.9111,nan,nan,2.97,3.0062,3.034,nan,3.0946,3.1243,3.1307,3.1484,3.1638,nan,3.1932,3.1971,3.1871,3.2081,3.2335,nan,3.2208,3.2128,3.21,3.2147,3.2082,3.2,3.2093,3.2086,3.196,3.2003,nan,3.167,3.1679,3.1884,3.1704,nan,3.1431,3.1347,3.0955,nan,3.0939,3.07,3.0326,nan,3.0109,2.9859,2.9581,2.9384,nan,nan,2.9086,2.8903,2.8763,2.8692,2.847,2.8166,2.8046,2.7923,2.7742,nan,2.7559,2.7457,nan,2.6833,2.6681,2.6613,2.6378,2.6310000000000002,2.6217,2.5789,2.5765,nan,2.5569,nan,2.5597,2.5332,2.5121,2.4966,2.4567,2.4377,2.4399,2.423,2.4085,2.3982,2.379,2.3769,2.3734,2.363,2.3441,2.3021,nan,2.2871,nan,2.2467,2.2314,2.2191,2.2197,nan,2.1778,2.1822,2.1571,2.1357,2.1353,2.1319999999999997,2.1218,2.1037,2.0749,2.0578,2.0639,2.0545,2.0165,1.9954,nan,nan,1.9838,1.9688,nan,1.9286,nan,1.9381,nan,1.9042,1.8747,1.8641,nan,1.8319999999999999,1.8434,1.838,1.8347,1.8442,1.8159,1.7861,1.7844,1.7655,1.7369999999999999,1.7407,1.7541,nan,nan,1.7144,1.7080000000000002,1.6956,nan,1.6887,nan,nan,1.6512,nan,1.6395,1.6197,1.6138,nan,nan,1.6134,1.6103,nan,nan,1.5722,1.5684,1.5898,1.5717,1.54,1.546,1.5427,1.5226,1.5132,nan,1.4937,1.5045,1.5036,1.4891,nan,1.4719,nan,1.4547,nan,nan,nan,1.4205,1.4321,1.4017,1.3827,nan,1.3963,1.3744,1.3565,nan,1.3819,1.3599,1.3685,nan,1.3362,1.3109,1.3026,1.2999,1.3009,nan,1.2841,1.3056,1.2857,1.2637,1.2766,1.2532,1.2426,1.2674,1.255,1.2398,nan,1.2204,1.1923,nan,nan,1.1943,1.1785,nan,1.1446,1.1373,1.1039,1.0937,1.0995,1.0919,1.0968,nan,nan,1.0963,1.0761,1.037,1.0351,1.0257,nan,nan,1.0338,1.0061,0.9974700000000001,0.99682,0.99066,0.9760200000000001,0.9551299999999999,0.9485899999999999,0.9517899999999999,nan,0.9395,0.92196,0.8906,0.90181,0.8863700000000001,0.85008,0.86256,0.8598299999999999,0.85462,0.8650100000000001,0.84273,0.83388,0.85067,0.8509399999999999,0.8400799999999999,nan,0.82809,0.8305299999999999,nan,0.8121,0.7901600000000001,nan,nan,0.7578,0.75165,0.73597,0.71848,0.71928,0.7167,0.7003199999999999,nan,0.6963,0.68015,0.6712600000000001,0.6885399999999999,0.6856899999999999,0.6617,nan,0.66762,0.6346,0.62341,0.62137,0.60631,0.5976600000000001,0.5979399999999999,nan,0.6127600000000001,0.5957899999999999,0.56755,0.55876,0.5675399999999999,nan,nan,0.53657,0.54008,nan,0.52789,0.5170399999999999,0.51593,nan,0.50165,0.50289,0.49551999999999996,0.47223000000000004,0.46502,0.46892,0.45878,0.45456,0.4525,0.44251,nan,nan,0.42507,0.41423999999999994,0.43778,0.43613999999999997,nan,0.41681,0.41418999999999995,nan,0.37705,0.36859000000000003,0.37842,0.38193,nan,0.38013,0.36436,0.34715,0.32528,0.32039,0.34478000000000003,0.32441,0.28746,0.29733000000000004,0.31063,0.29623,0.27942,nan,0.29745,0.28115999999999997,0.27268000000000003,0.28535,0.26528,0.23487,0.25005,0.25856,nan,0.23567,0.22916999999999998,nan,0.21084,0.22299000000000002,nan,0.20588,0.18587,0.17783,0.16787,0.16783,0.18908,0.20106,nan,0.18600000000000003,0.17197,0.16265,nan,0.15042,0.14239000000000002,0.17284000000000002,0.15829000000000001,0.12385999999999998,nan,0.13842000000000002,nan,nan,0.12800999999999998,0.12547,0.12596,0.13002,0.1251,0.12636,0.1232,0.088256,0.08515700000000001,0.10325,nan,nan,0.10289000000000001,0.08917699999999999,0.090415,0.083927,0.07827,0.077975,nan,0.08456799999999999,0.060723,0.043197,0.064374,0.069631,0.06546,0.064558,nan,nan,0.040312,0.041046,0.028626,nan,0.033248,0.027168,nan,0.01629,0.022195,nan,0.0078376,0.01705,0.010651,0.010259,0.018993,0.0066872,nan,-0.004036400000000001,-0.0060485,-0.0071419,-0.0043875,-0.006504,-0.0030821,-0.007395699999999999,-0.017537999999999998,-0.013797,-0.027297000000000002,-0.056524,-0.046843,nan,-0.035243000000000003,nan,-0.021942,-0.014591,nan,-0.06375900000000001,-0.053683,-0.076015,-0.06467300000000001,-0.058122,-0.09071900000000001,-0.073642,-0.072318,nan,-0.11565999999999999,-0.10188,-0.099284,-0.082109,-0.093376,-0.12504,-0.11354000000000002,-0.10009,nan,-0.10685,-0.092984,-0.11470999999999999,nan,nan,-0.1372,-0.13346,nan,nan,nan,-0.1234,nan,-0.12872,-0.12219000000000001,nan,nan,-0.16419,-0.15416,nan,-0.13963,-0.15285,-0.15427000000000002,-0.13185,-0.12859,-0.14114000000000002,-0.14857,-0.16827,-0.17237,-0.1616,nan,-0.1545,-0.14973,-0.16798,-0.17663,-0.18031,nan,-0.19322999999999999,-0.1894,nan,-0.20269,-0.20299,-0.2254,-0.21447,nan,-0.22493000000000002,-0.20953000000000002,-0.20784,-0.22928,nan,-0.22205,-0.22313000000000002,-0.22641999999999998,nan,-0.22818000000000002,-0.23804,-0.21436999999999998,-0.22103000000000003,-0.25414000000000003,nan,-0.22616,nan,-0.2247,-0.23794,-0.24718,-0.24014000000000002,-0.23412,-0.23704,-0.23558,-0.2412,nan,-0.24693,nan,-0.23104,nan,-0.24631999999999998,nan,-0.26093,-0.24205,nan,-0.25886,-0.26804,-0.24124,-0.23659000000000002,-0.2376,-0.23138000000000003,-0.25453000000000003,-0.27407,-0.25945999999999997,-0.24679,-0.24789,-0.24413,-0.24944000000000002,-0.26853,-0.27644,-0.26329,-0.26119000000000003,-0.27209,-0.26431,-0.25787,-0.27705,-0.28604,-0.27255999999999997,-0.2759,-0.2842,-0.27371,-0.27575,-0.29641999999999996,-0.28906,-0.28618000000000005,-0.30617,-0.29175,-0.26322,-0.27469,-0.28504,-0.28068000000000004,-0.28657,-0.28349,nan,-0.29711,-0.28215999999999997,-0.27488,-0.30623,-0.30236,-0.29606,nan,-0.32356999999999997,nan,-0.2912,-0.31159000000000003,nan,-0.3051,-0.31031,-0.30401999999999996,-0.30993000000000004,-0.32104,-0.30972,-0.31106999999999996,-0.32056999999999997,-0.29959,-0.29546,-0.31653000000000003,-0.31951,nan,-0.30466,-0.31198000000000004,-0.32147,-0.3215,nan,-0.32331,-0.3352,-0.33451,nan,-0.3255,nan,-0.32164,-0.32671,-0.33873000000000003,-0.324,-0.32249,-0.34301,-0.33391,-0.31232,-0.32342,nan,nan,-0.3183,-0.32061,-0.32063,-0.32671999999999995,-0.3352,-0.33002,-0.32183,-0.31229,-0.3004,-0.31559,-0.34634000000000004,-0.34721,-0.33865,-0.32673,-0.32184,-0.33166999999999996,-0.3247,-0.32085,-0.3344,-0.33337,-0.3321,-0.3297,-0.3352,-0.34638,-0.32724000000000003,-0.32243,-0.35022,-0.34836,-0.32334,-0.32195999999999997,-0.33523000000000003,-0.33449,-0.3213,nan,-0.31763,nan,-0.30627,nan,-0.30434,-0.29607,-0.29306,-0.30791999999999997,-0.3243,nan,-0.31767,-0.3327,-0.32188,-0.30794,-0.31958000000000003,-0.3205,nan,nan,-0.28488,-0.30323,-0.29801,-0.28326999999999997,-0.29686,-0.27995,-0.26437,nan,-0.28601,nan,-0.28602,-0.26225,-0.26142,nan,-0.26047,-0.24011999999999997,-0.23686999999999997,-0.25448000000000004,nan,-0.23215,-0.26134,-0.23998000000000003,nan,-0.35885
5.0,-0.095966,-0.23746,-0.14367,-0.21844,-0.18153,nan,nan,-0.17327,-0.20016,nan,nan,-0.20093,nan,-0.22202,-0.20801999999999998,-0.21111999999999997,-0.22115,-0.19612000000000002,-0.21958000000000003,-0.23506,-0.22376999999999997,nan,-0.23449,nan,-0.23068000000000002,nan,-0.24697,-0.25679,-0.24466999999999997,nan,-0.2508,nan,-0.25674,nan,-0.24247,-0.26624000000000003,nan,-0.25536,nan,-0.26066999999999996,-0.26808000000000004,-0.2884,-0.27716999999999997,-0.28298,-0.2895,-0.30637,-0.30215,nan,-0.31542,-0.31792,-0.29186999999999996,-0.3126,-0.31451999999999997,-0.31019,-0.33204,-0.34113000000000004,-0.34183,-0.33743,-0.34786,-0.34686,-0.35739,-0.38429,nan,-0.37465,-0.39128,-0.36995,-0.38098000000000004,-0.39236,-0.38388,-0.39295,-0.39404,-0.39205,nan,-0.39592,-0.40429,-0.39224000000000003,-0.38382,-0.39065,-0.3999,nan,-0.40066999999999997,nan,-0.42744,-0.42676000000000003,nan,nan,-0.44337,nan,-0.45487,nan,-0.4553,-0.48948,-0.46676999999999996,-0.45352,-0.45619,-0.4617,-0.49213,-0.49076000000000003,-0.47758999999999996,nan,-0.50646,-0.5110399999999999,-0.50941,-0.51195,-0.52195,-0.53699,-0.5557,-0.53366,-0.5226,-0.54884,-0.5526,-0.54355,nan,-0.5361899999999999,nan,-0.55274,-0.55333,-0.56714,nan,nan,-0.56943,-0.58125,-0.5825899999999999,-0.58833,-0.6089899999999999,nan,-0.6038100000000001,-0.6171800000000001,-0.61159,-0.62867,-0.6328,-0.61795,nan,-0.62984,-0.63027,-0.64662,-0.64749,-0.6493800000000001,-0.6632600000000001,-0.68153,nan,-0.66688,-0.6701699999999999,nan,nan,-0.6766399999999999,nan,-0.7005,-0.68703,-0.6844899999999999,nan,-0.70536,-0.70413,-0.71304,-0.70297,nan,-0.71315,nan,-0.71358,-0.7254,-0.73477,-0.72463,-0.72038,-0.72787,nan,-0.74351,-0.73042,-0.72396,-0.73295,-0.73416,nan,nan,-0.74917,nan,-0.74543,-0.74512,-0.74259,nan,nan,-0.7584,-0.76322,nan,-0.74468,-0.73683,nan,nan,nan,nan,-0.76562,-0.75412,-0.77213,nan,-0.76667,-0.77594,-0.76217,nan,-0.7670100000000001,-0.75473,-0.75858,-0.77123,nan,-0.76034,-0.7449100000000001,-0.75322,-0.76469,-0.7631,-0.767,nan,-0.74305,nan,-0.7658699999999999,-0.76435,-0.76627,-0.75561,nan,-0.7488100000000001,nan,-0.74465,-0.76197,nan,nan,nan,-0.75994,-0.74452,-0.75345,-0.7739199999999999,-0.7703899999999999,-0.75712,-0.75221,-0.7551899999999999,-0.7540399999999999,-0.74539,-0.75226,-0.75034,-0.7348,-0.73348,nan,-0.7478199999999999,-0.76623,-0.74832,-0.7417,-0.74421,-0.74448,-0.74168,nan,-0.73477,-0.7315,-0.74429,-0.73115,-0.7235699999999999,-0.73344,-0.72237,nan,-0.7288100000000001,nan,-0.70439,-0.69544,-0.7105100000000001,-0.72078,-0.70275,-0.7317899999999999,-0.7066899999999999,-0.68291,nan,-0.69215,nan,-0.69252,-0.6916,nan,-0.6804,-0.6733,-0.67309,-0.69266,nan,nan,-0.66052,-0.6635300000000001,-0.6695300000000001,-0.66973,-0.66823,-0.66082,-0.66927,nan,nan,-0.65059,-0.63459,-0.63908,-0.64998,nan,-0.62913,-0.61257,-0.6390100000000001,nan,-0.61817,-0.6392399999999999,-0.64932,-0.64188,-0.62462,-0.6149899999999999,-0.63278,-0.62245,nan,nan,-0.6099899999999999,-0.6190399999999999,-0.61515,-0.5946100000000001,nan,-0.60701,-0.61392,-0.61732,-0.58162,-0.6019100000000001,-0.6116699999999999,nan,nan,-0.58601,-0.58302,-0.58458,-0.5839300000000001,nan,-0.57219,-0.57501,-0.58423,nan,-0.55596,nan,-0.57596,-0.55891,-0.55461,-0.57324,nan,-0.5382600000000001,-0.5534399999999999,-0.56402,-0.56493,-0.56398,-0.5437,nan,-0.55423,-0.55193,-0.54969,-0.54172,-0.5546399999999999,-0.54577,nan,-0.53433,-0.54001,-0.52644,-0.5342100000000001,-0.5433100000000001,-0.5524600000000001,nan,-0.53665,nan,-0.528,-0.52179,-0.5451699999999999,-0.55501,-0.53373,-0.53552,-0.5451600000000001,-0.5354,-0.51637,-0.5124,-0.54067,nan,nan,nan,-0.5441699999999999,-0.52457,-0.52372,-0.5329999999999999,nan,nan,-0.52558,-0.50253,-0.51594,-0.5211100000000001,nan,nan,-0.50776,nan,-0.5153300000000001,-0.49563999999999997,-0.50145,nan,-0.49713999999999997,-0.5100100000000001,-0.49966000000000005,-0.48416000000000003,-0.48978,-0.47728000000000004,-0.47888000000000003,nan,-0.46747,-0.48663,-0.49208,-0.46282,-0.46921,-0.45876000000000006,nan,-0.45626000000000005,-0.46631000000000006,-0.48161000000000004,nan,nan,-0.45816,-0.4571,-0.45898,nan,-0.44982,nan,nan,-0.48063999999999996,-0.44766000000000006,-0.46887,-0.47283000000000003,nan,-0.4454,-0.44888,-0.46915,-0.46006,-0.44983999999999996,-0.43576000000000004,-0.44811000000000006,-0.46884,nan,-0.44736000000000004,-0.46888,nan,-0.43943000000000004,nan,-0.42662,-0.43818999999999997,-0.43778999999999996,-0.43673,-0.43567,-0.44137,-0.44532,-0.42916000000000004,-0.41371,nan,-0.44659,-0.43831000000000003,-0.43333,-0.41073999999999994,-0.40918000000000004,-0.42546000000000006,-0.40479,nan,-0.41803999999999997,-0.40699,nan,-0.39147,nan,-0.40539000000000003,-0.40713,-0.3893,-0.41168000000000005,-0.39913000000000004,nan,nan,-0.38371,-0.39109,-0.39559,-0.39069,-0.39085,-0.37756,-0.37261,nan,-0.40381999999999996,-0.39068,-0.37522,nan,-0.38161,-0.36086,-0.37375,-0.37283,-0.38101999999999997,-0.3777,-0.37188000000000004,-0.38986,nan,nan,-0.36476,-0.35497,-0.3823,-0.36601999999999996,-0.35081,nan,-0.34058,-0.34088,-0.34044,-0.34734,-0.34591,nan,-0.35120999999999997,-0.34076999999999996,-0.34088,-0.34217,-0.33819,nan,-0.34926999999999997,nan,-0.34267,nan,-0.31228,-0.31728,-0.33766999999999997,-0.31853000000000004,-0.3088,-0.32058000000000003,-0.3203,nan,-0.32138,-0.30868,nan,-0.28761,-0.30115,-0.31961999999999996,-0.30487,nan,-0.29504,-0.29259,-0.27221,-0.27914,-0.28876,-0.27702,-0.2887,-0.3043,-0.2883,-0.2738,-0.26524000000000003,nan,nan,-0.26103000000000004,-0.25559,nan,-0.27698,-0.27657,-0.26709,-0.26491,-0.26673,-0.26361,-0.26721999999999996,nan,-0.25544,-0.26638,-0.25989,-0.24151,-0.25889,-0.26177,-0.25458000000000003,-0.25406999999999996,-0.24599000000000001,-0.25556,-0.23926999999999998,nan,-0.24083000000000002,nan,-0.23929,-0.24654,-0.23159000000000002,-0.26002,-0.2527,-0.22286,-0.22558000000000003,-0.23674,-0.24624000000000001,-0.23505,-0.24191999999999997,nan,-0.22855,-0.22016,-0.22705,nan,-0.21873,nan,-0.20539000000000002,-0.19867,-0.20584000000000002,-0.1999,-0.19296,-0.21181999999999998,-0.20418,-0.2124,nan,-0.20606,-0.20331,-0.20373,-0.20307,-0.20205,nan,-0.19716,-0.19052,-0.19219,-0.19280999999999998,-0.18428,-0.16227,-0.16925,-0.18602,nan,nan,-0.18128,-0.16834000000000002,nan,-0.1723,-0.15779,-0.15586,-0.15273,-0.18242,-0.17235999999999999,nan,-0.17945,-0.15983,-0.16368,-0.17012,-0.16054000000000002,-0.15877,-0.1787,-0.17059000000000002,nan,-0.16637000000000002,-0.1676,-0.14944000000000002,-0.14862999999999998,nan,-0.16415,-0.17517,-0.15852,-0.13763,-0.16314,-0.18169000000000002,-0.17289000000000002,-0.15861,-0.14075,-0.161,-0.16608,-0.15035,-0.16144,nan,-0.15592999999999999,nan,-0.15503,-0.16155,-0.14847,-0.13872,-0.14737,-0.1505,-0.1469,nan,-0.16145,-0.16052,nan,-0.13908,-0.14407,-0.1517,-0.14647000000000002,nan,-0.16088,-0.15099,-0.1475,nan,nan,-0.15897,-0.16798,-0.14854,-0.14972,-0.14998,-0.15414,-0.1643,-0.1535,-0.14999,nan,-0.13938,-0.14708,-0.15074,-0.14800000000000002,-0.147,-0.13616,-0.15353,-0.17131,-0.15168,-0.15562,-0.15692,-0.1459,-0.14945999999999998,-0.13707,-0.13864,-0.15842,-0.15494000000000002,-0.14426,-0.15369000000000002,-0.14342,-0.14114000000000002,-0.16105999999999998,-0.15094000000000002,-0.15600999999999998,-0.15650999999999998,-0.14782,-0.16627999999999998,-0.16926,-0.16130999999999998,-0.16053,-0.15947999999999998,-0.16105,-0.15555,-0.14785,nan,-0.15033,nan,-0.17742,-0.14659,-0.14577,nan,nan,-0.18192,nan,-0.19279000000000002,-0.18571,nan,nan,-0.17917,nan,-0.18012,nan,-0.19119,-0.20511999999999997,-0.18206,-0.18629,-0.22462,nan,-0.20486999999999997,-0.23495,-0.24289000000000002,-0.23156,-0.23476999999999998,-0.22411999999999999,-0.21229,nan,-0.24494000000000002,-0.23881,-0.23369,-0.23476,-0.25684,-0.27944,nan,-0.25839,-0.25664000000000003,-0.24825,-0.26596,-0.24565,-0.25337,-0.26141,-0.282,-0.28044,nan,-0.30996,nan,nan,-0.31499,-0.29699000000000003,nan,-0.31171,-0.32004,-0.31993,-0.31942,-0.32522,-0.34376999999999996,nan,-0.35458,-0.39283,-0.40388,-0.39246,nan,-0.35574,-0.43083,-0.46898,-0.37579,-0.38711,-0.40592,-0.39324000000000003,-0.38859,-0.38197,-0.42791999999999997,-0.47352,nan,nan,-0.44769,-0.45096,-0.45924,-0.45668000000000003,-0.4731,-0.47886999999999996,-0.45915,-0.46216,-0.48394,nan,nan,-0.53522,-0.53066,-0.5221,-0.52299,-0.5122,-0.5131399999999999,nan,-0.54751,-0.55233,-0.53252,-0.54628,-0.56439,nan,nan,-0.5553,nan,-0.57358,-0.5921,-0.5969399999999999,nan,-0.5978600000000001,-0.60956,nan,-0.6179600000000001,-0.6250399999999999,-0.6277699999999999,-0.62771,-0.64777,-0.66033,nan,-0.66085,-0.65725,-0.67486,-0.6793100000000001,nan,-0.6916100000000001,-0.70602,-0.72414,-0.70243,nan,nan,-0.72425,-0.75021,-0.7426699999999999,-0.7450100000000001,-0.76352,nan,-0.76479,-0.76068,-0.75298,nan,-0.77735,-0.77351,-0.7933899999999999,nan,-0.7893600000000001,-0.81433,-0.81831,-0.8302700000000001,-0.84234,-0.82719,-0.8426799999999999,-0.8445,-0.8452,-0.8750700000000001,-0.87313,-0.87997,-0.89066,-0.89279,-0.88859,-0.8982399999999999,-0.9149200000000001,nan,-0.91155,-0.9176,-0.90753,-0.92475,nan,-0.93753,nan,nan,-0.948,-0.9726899999999999,nan,-0.98056,-0.9893200000000001,-1.0007,-1.0197,-1.0203,-1.0253,-1.0302,-1.0322,-1.0421,-1.0314,-1.0290000000000001,-1.0409,-1.0373,-1.0509,nan,-1.0635,-1.0642,nan,nan,nan,-1.0953,-1.1014,-1.0976,-1.1176,-1.0966,-1.1147,-1.1381,nan,-1.1387,-1.1517,nan,-1.1479,-1.1717,-1.1785,-1.1567,-1.1631,-1.1674,-1.1598,-1.1674,-1.1861,-1.1921,-1.1889,-1.2119,-1.2193,-1.2132,-1.2509,-1.2525,-1.2216,-1.2312,-1.2456,nan,-1.2559,-1.2658,-1.248,-1.2431,-1.2674,-1.2737,-1.2769,-1.2748,-1.2642,-1.2918,-1.2914,-1.2890000000000001,-1.3159,nan,-1.3077,nan,-1.3281,-1.3259,nan,nan,nan,-1.3297,-1.3297,nan,-1.3427,-1.3294,-1.3316,-1.3393,-1.3413,nan,-1.355,nan,-1.3353,nan,-1.3419999999999999,nan,-1.3498,nan,-1.3053,nan,nan,nan,-1.3537,-1.3727,-1.345,-1.3345,-1.3419,-1.3351,-1.3429,nan,-1.3307,-1.318,-1.3123,-1.2956,-1.3005,-1.2877,-1.2641,nan,-1.2593,-1.246,-1.2649,-1.2535,-1.2434,-1.2552,-1.2551,nan,nan,-1.2196,-1.2257,-1.2137,-1.2023,-1.2031,-1.1637,-1.1622,-1.1671,-1.1505,nan,nan,nan,-1.1073,-1.1146,-1.1001,nan,-1.0714,-1.0611,-1.0427,-1.0213,-1.0248,-0.99446,-0.9730700000000001,nan,nan,-0.9470299999999999,-0.9377700000000001,nan,-0.89565,-0.87171,-0.87236,-0.85426,nan,nan,-0.81297,-0.79366,nan,-0.75579,nan,-0.72424,-0.73537,-0.70968,-0.6937399999999999,-0.6792600000000001,-0.6476,nan,-0.60724,nan,-0.58278,nan,-0.54308,-0.5241399999999999,-0.50554,-0.47885,-0.45992,nan,-0.42444,-0.40074,-0.39031,-0.36198,-0.31876,-0.31099,nan,-0.23106999999999997,-0.21172,-0.19975,nan,nan,-0.12507000000000001,nan,-0.057697000000000005,-0.026139,0.0019814,0.0074719999999999995,0.064998,nan,0.10407000000000001,0.12937,0.13312000000000002,0.18275,0.23243000000000003,nan,0.27257,0.30998000000000003,0.33766999999999997,0.3723,0.40159,0.4214,nan,0.50827,0.5153399999999999,nan,nan,nan,0.6354,0.65187,nan,0.72734,nan,0.82086,0.83241,0.8589600000000001,0.90771,0.95347,nan,0.99655,nan,1.0706,1.1001,1.1435,1.2081,1.2115,1.2209999999999999,1.247,1.2851,1.3416,1.3737,nan,1.4607,1.4837,1.5226,nan,1.5857,1.6412,1.6663,1.6988,1.7480000000000002,1.7879,1.8396,1.8613,1.899,1.9641,nan,2.0363,nan,2.0971,nan,2.2002,2.2296,2.2765,2.3029,2.3419,2.3621,nan,2.4162,nan,2.4874,2.5211,2.5355,2.5365,nan,2.5491,2.5592,nan,2.5953,nan,2.6014,nan,2.6246,2.6128,2.602,2.5998,nan,2.5933,2.597,2.612,2.5919,2.59,2.5939,2.5844,2.5736,nan,2.5239,2.5171,2.5347,nan,nan,2.476,2.4805,2.448,2.443,2.4255,nan,2.4022,2.3907,2.3718,2.3534,2.3359,nan,2.287,nan,2.2894,2.2623,nan,2.24,nan,2.2162,2.1913,2.1893,2.1812,2.1643,2.1665,2.157,2.1474,nan,2.1272,2.1014,2.0938,2.0909,2.0523,2.0554,2.0566,2.0458,2.0528,2.0617,nan,2.0393,2.0488,2.0378,2.0185,1.9962,1.9883,2.008,1.9975,nan,1.9824,1.9757,1.9889,1.9843,1.9858,1.9762,1.9651,1.9702,1.9753,1.9531,1.945,1.9538,nan,1.9373,1.9556,1.9431,1.9281,1.9356,nan,1.9432,1.9449,1.929,1.9201,1.9426,1.9373,1.9216,1.9323,1.9235,1.9262,nan,1.9274,1.92,1.9221,nan,1.8896,1.9058,nan,1.8997,1.8983,1.8903,1.9009,nan,1.8955,1.9029,1.9004,1.8978,nan,1.8786,1.8911,1.8754,1.8662,1.871,1.867,1.8568,1.8478,1.8476,1.8464,1.8494,1.8437,1.8530000000000002,1.8559999999999999,1.8369,nan,1.8385,1.8433,1.8427,1.8392,1.8461,1.8271,1.8444,1.8375,nan,1.8366,nan,1.8283,1.8368,nan,1.8486,1.8295,1.8146,1.831,nan,1.8161,nan,1.8111,nan,1.8092,1.8053,1.8034,1.7832,nan,nan,1.7643,nan,nan,1.7624,1.7737,nan,1.7778,1.7763,1.7549,nan,1.7730000000000001,1.7738,1.766,1.7422,nan,1.7638,1.7441,1.7428,1.7519,1.7348,nan,nan,1.7192,1.7113,nan,1.7092,nan,1.6775,1.6981,1.7047,1.6855,1.7014,nan,1.6769,1.6816,1.6616,1.6587,1.6693,1.6662,nan,nan,1.64,nan,1.6553,1.6487,1.6541,1.6346,1.6355,1.6262,1.6306,1.6332,1.6198,1.6102,nan,1.5925,1.5938,1.5925,1.5901,nan,1.5716,nan,1.5608,1.5603,1.5551,1.5475,1.5533,1.5472,1.5399,1.5498,1.5587,1.5587,1.5344,1.5352,nan,1.5384,1.5394,nan,1.5236,1.5393,nan,nan,1.4977,nan,1.4882,nan,1.4685,1.4661,1.4638,1.4537,nan,1.4335,1.44,1.4424,1.4251,1.4244,nan,nan,1.425,1.4129,1.4178,1.4211,1.4084,nan,1.4015,nan,1.3730000000000002,1.3752,1.3757,1.3536,1.3623,1.3796,1.3724,1.3627,1.3453,1.3148,nan,1.3244,1.3056,1.3262,1.3076,1.2876,nan,1.2764,1.2776,1.2949,1.2775,nan,1.2513,nan,1.2431,1.2408,1.2317,1.2121,1.2147,1.2311,nan,1.2175,1.2089,1.21,1.2203,nan,1.2011,1.2027,1.2117,1.1942,1.1785,nan,nan,1.1636,1.1713,1.1627,1.1429,1.1248,1.1246,1.1201,1.1074,nan,1.1126,1.0801,1.0826,1.0721,1.0817,1.0707,nan,1.0721,nan,nan,1.0729,1.0481,1.0362,nan,nan,1.0136,0.99771,1.0156,1.0190000000000001,0.98085,0.98721,0.99513,0.97241,nan,0.9555899999999999,0.9645299999999999,0.96124,0.95437,0.95376,0.9425399999999999,0.9326200000000001,0.9141600000000001,0.9128799999999999,0.90736,0.90323,0.9195,0.9059299999999999,0.86823,nan,0.8477,0.85193,0.84162,0.84162,0.84875,0.83693,nan,0.82615,0.83468,0.80634,nan,nan,0.79424,0.77654,nan,0.75413,0.74738,0.74329,nan,nan,nan,0.69231,0.69239,0.6781,0.67073,0.67818,0.65501,nan,0.64774,0.645,0.6178899999999999,0.60644,0.61485,nan,0.58285,0.58577,nan,nan,0.54873,nan,0.5171100000000001,nan,0.4996,0.48938000000000004,0.49893000000000004,0.50867,0.47997,0.47758,0.45769,0.41578000000000004,0.42383999999999994,nan,0.40576,0.4112,0.37665,0.37062,0.37395,nan,nan,nan,nan,0.33639,0.32869,0.30368,0.27555999999999997,0.28547,0.27935,0.26265,0.26427,0.24289000000000002,0.22316,0.22351,0.21779,0.2069,0.1986,0.18867,0.16857,0.1499,0.14876,0.14039000000000001,0.11845,0.13775,nan,0.11505,0.11597,0.10177,0.09350599999999999,0.09344,0.081052,0.071125,nan,nan,nan,0.028372,0.030048000000000002,0.01714,0.021209,0.009087,-0.01973,-0.024447,-0.019093000000000002,-0.024294,-0.019985,-0.038574000000000004,-0.065661,nan,-0.08140399999999999,nan,-0.078439,-0.10492,-0.12111,-0.13997,-0.14908,nan,-0.14448,-0.16325,nan,-0.19424,-0.20352,-0.19277,-0.20518000000000003,-0.21796,-0.20548000000000002,-0.2216,-0.23426999999999998,-0.23578000000000002,-0.25453000000000003,-0.24711,-0.25771,-0.29458,-0.29320999999999997,-0.28934,-0.31018,-0.31049,-0.30293000000000003,-0.32619000000000004,-0.32514,-0.34160999999999997,-0.36135,-0.35174,-0.37177,-0.36417,-0.37485999999999997,-0.40679,-0.39816999999999997,nan,-0.41438,nan,-0.41605,-0.43861999999999995,-0.43146,nan,-0.44478,-0.44855,-0.46817,-0.46733,-0.47562,-0.47918,nan,-0.5210899999999999,-0.51142,-0.52235,-0.50329,nan,nan,-0.52993,-0.5300600000000001,-0.52161,-0.53087,-0.5422100000000001,-0.53509,-0.52694,nan,-0.5573199999999999,-0.5643199999999999,-0.55465,-0.5502199999999999,-0.56319,-0.55595,nan,-0.56434,nan,-0.5744600000000001,nan,-0.58806,nan,-0.5968899999999999,-0.60816,-0.60631,-0.60712,-0.61431,nan,-0.6228100000000001,-0.6361600000000001,-0.64695,-0.6246,-0.61812,nan,-0.6363,-0.63448,nan,-0.65956,-0.6481100000000001,-0.66017,-0.6701199999999999,nan,-0.67557,-0.68003,-0.68019,-0.6802,-0.6812699999999999,-0.69909,-0.6991,-0.67714,-0.69007,-0.70193,nan,-0.7238600000000001,-0.7148399999999999,-0.70824,nan,nan,-0.71991,-0.72543,-0.73492,-0.7226899999999999,-0.73223,-0.72449,-0.73012,-0.7441399999999999,nan,nan,-0.75793,-0.73592,-0.7358899999999999,-0.75353,-0.76722,-0.76415,-0.76652,-0.7761,nan,-0.76557,-0.78773,-0.79802,nan,-0.79889,nan,-0.8068,-0.8036,-0.8155899999999999,-0.81077,-0.79929,-0.81991,-0.81826,-0.8292,-0.81367,nan,-0.8300299999999999,-0.8164,-0.8195899999999999,-0.8094600000000001,nan,-0.80194,-0.79708,-0.81187,-0.8036800000000001,-0.7994,-0.81776,nan,-0.81989,nan,-0.81303,-0.83001,nan,-0.8279200000000001,-0.83899,nan,-0.81379,nan,-0.8318399999999999,nan,-0.82085,-0.8055899999999999,nan,-0.8201700000000001,-0.80555,-0.8214100000000001,-0.8184600000000001,-0.80053,-0.79155,nan,-0.79881,-0.79145,-0.8069,-0.79913,-0.8095899999999999,-0.77805,-0.80135,-0.81263,nan,nan,-0.78495,-0.7653399999999999,-0.7833899999999999,-0.7871199999999999,-0.7843,-0.7637,-0.75643,nan,nan,-0.7827,nan,-0.74433,nan,-0.7491,-0.7458100000000001,-0.7461899999999999,-0.73301,-0.74203,nan,nan,-0.73017,nan,-0.7447600000000001,-0.7370800000000001,-0.73007,-0.73768,-0.7499600000000001,-0.7505,-0.7331300000000001,-0.74461,-0.74765,-0.7330899999999999,-0.7387100000000001,-0.7446,-0.74435,nan,nan,-0.7328,nan,nan,-0.73193,-0.71558,nan,-0.71258,-0.71385,nan,-0.6759999999999999,nan,-0.6841,nan,-0.67035,-0.68091,-0.6656,-0.65299,-0.6386,-0.625,nan,-0.6184,-0.6255,-0.63135,nan,-0.63149,-0.5885100000000001,-0.61997,nan,nan
1.0,0.94735,0.87459,0.8184600000000001,nan,0.8745299999999999,nan,nan,nan,0.8289200000000001,0.81924,0.82114,0.8234899999999999,0.82042,0.82121,0.82314,0.82225,0.82147,0.82121,nan,0.8221700000000001,0.80712,0.79193,0.78347,nan,0.79038,0.80734,0.80596,nan,0.79524,0.80189,0.79302,0.79469,0.8066300000000001,0.78446,0.7570399999999999,0.7668699999999999,0.76672,nan,0.77652,0.77854,nan,nan,0.7579100000000001,0.7459899999999999,0.74584,0.74058,0.71977,0.72363,0.73228,0.7198899999999999,nan,0.73455,0.72259,nan,0.70929,0.71872,0.71011,0.70652,0.71735,0.71041,0.68461,nan,0.66393,0.66923,0.67881,0.68005,0.68013,0.67167,0.65066,0.65963,0.68138,nan,0.64053,0.6633399999999999,0.6552899999999999,0.6228600000000001,0.6329199999999999,nan,0.6351899999999999,0.62633,nan,0.62387,nan,0.6007,nan,0.59982,0.61002,0.61325,0.5945600000000001,nan,0.58968,nan,0.57763,0.55996,0.55096,0.54953,0.54927,0.55015,0.54696,nan,nan,0.5301600000000001,0.5359,0.52863,0.52131,0.52444,0.51945,0.49522,0.48452,0.5038100000000001,0.5170899999999999,0.50922,nan,0.49623999999999996,nan,0.5009399999999999,nan,0.48411000000000004,0.49591999999999997,0.49313999999999997,nan,0.45838,0.4624,0.45781000000000005,0.44938,0.44305,0.43083,nan,0.40429,nan,0.41046000000000005,0.40283,0.39283,0.38598000000000005,0.3773,0.38006999999999996,0.38716999999999996,0.36930999999999997,nan,0.3736,0.38001999999999997,0.35420999999999997,0.34173000000000003,0.3432,nan,0.31424,0.32271,0.3279,nan,0.31958000000000003,0.32788,0.3163,0.29632,0.28948,0.28364,nan,0.27592,0.27468000000000004,0.25338,0.23759,0.25217,0.27068000000000003,0.2641,0.2454,nan,0.24891,0.25049,0.22821,0.21126999999999999,0.22048,0.22559,0.21261999999999998,0.20260999999999998,0.19694,0.18716,0.17804,0.17264000000000002,0.1725,0.175,0.17285,nan,0.18164,0.18802,nan,0.1602,0.16384,0.16249,0.13532,0.12155999999999999,nan,0.13068,0.11990999999999999,nan,0.11546,0.10764000000000001,0.10874,0.096622,0.079796,0.08128200000000001,0.089644,nan,0.09763200000000001,0.078422,0.07116,0.082465,0.07260599999999999,0.052952,0.054765999999999995,0.058717,0.056495000000000004,0.057491999999999994,0.045629,0.02622,0.027317,0.035327,0.026754000000000003,0.018183,0.01965,nan,0.016296,0.023466,0.013380000000000001,-0.0069242,0.00068267,0.020853,0.01234,-0.013675,-0.021414,nan,-0.010062,-0.025009,-0.025855,-0.0102,-0.011164,-0.029498000000000003,nan,-0.020154,-0.025248,-0.052302,-0.05966900000000001,-0.047149,-0.053413999999999996,-0.060371,-0.048311,-0.051914,-0.060563,-0.040826,-0.030182999999999998,-0.051359,-0.069522,-0.07876,-0.086798,-0.078837,nan,nan,-0.095256,-0.096075,-0.085507,-0.08302799999999999,-0.08744400000000001,nan,nan,-0.090503,-0.10045,-0.099752,-0.097104,nan,-0.099689,-0.096674,-0.10041,-0.10094,nan,-0.10107999999999999,-0.12005999999999999,-0.12343,-0.11306,nan,-0.11478,-0.12742,-0.13904,-0.1299,-0.11339,-0.11774000000000001,-0.12925,-0.12686,-0.1223,-0.1295,nan,-0.13443,-0.11460999999999999,-0.11367999999999999,-0.12655,-0.11503,-0.10032999999999999,-0.12222000000000001,-0.14375,-0.12754000000000001,-0.1159,-0.13515,-0.14059000000000002,-0.12480999999999999,-0.13046,-0.14029,nan,-0.12862,-0.14007999999999998,-0.12839,nan,-0.15107,-0.1474,-0.13405999999999998,-0.13929,-0.14138,-0.13491,-0.12729000000000001,-0.12113,-0.13019,-0.13996,-0.12985,-0.12569,-0.13846,-0.14231,nan,-0.12686,-0.12842,nan,-0.15273,-0.13482,-0.12301,-0.12602,-0.12395999999999999,-0.12804000000000001,-0.13894,-0.13321,-0.12233,-0.1248,-0.13335999999999998,-0.13905,-0.12911,nan,-0.13399,-0.15225,nan,-0.1275,-0.14859,-0.14787999999999998,-0.13719,nan,-0.15139,-0.13242,-0.12439000000000001,-0.13412000000000002,-0.13864,-0.13818,nan,-0.13417,nan,-0.12005,-0.14307,-0.13282,nan,-0.11823,nan,-0.13034,-0.12703,nan,-0.13191,nan,-0.13707,-0.13419,-0.12499,-0.1346,-0.1434,-0.13687,-0.12716,-0.12307,nan,-0.1279,-0.11338,nan,nan,-0.12892,nan,-0.1283,nan,-0.12582000000000002,-0.11584000000000001,-0.11041,nan,-0.14145,-0.1278,nan,nan,-0.14753,-0.13893,-0.13924,-0.13218,-0.12655999999999998,nan,nan,-0.11066,-0.10554000000000001,-0.12487999999999999,-0.14032,-0.13222,nan,-0.11398,-0.12378,-0.12090999999999999,-0.11295999999999999,-0.11862,-0.13295,-0.13989000000000001,nan,-0.11914000000000001,-0.1278,nan,-0.12752,-0.11329000000000002,-0.12109,nan,-0.11325999999999999,nan,-0.12918,-0.12664,-0.12315,nan,nan,-0.089474,-0.088162,-0.11408,-0.13542,-0.13365,-0.11367999999999999,-0.10379000000000001,nan,-0.12714,-0.10248,-0.1043,-0.12678,-0.11971,nan,-0.11348,-0.11159000000000001,-0.11610999999999999,-0.13932999999999998,nan,-0.12802,-0.11377999999999999,-0.11164,nan,-0.11299000000000001,-0.1219,-0.12339000000000001,nan,-0.10389000000000001,-0.094168,-0.098452,-0.12559,nan,-0.11582999999999999,-0.096712,-0.10098,-0.10064,nan,-0.10330999999999999,-0.11298,-0.11015,-0.11524000000000001,-0.12603,-0.11912,nan,-0.1237,-0.13438,-0.11537,nan,-0.11427999999999999,-0.12575,-0.11452999999999999,nan,-0.11067,-0.10092000000000001,-0.09701,-0.098411,-0.09843099999999999,-0.10808,-0.10924,-0.089197,-0.084793,-0.10536,-0.11372,-0.10369,-0.097926,-0.098994,-0.09891599999999999,-0.098571,-0.098741,-0.10353,-0.11505,-0.11505,nan,-0.09977000000000001,-0.10077,-0.092835,-0.1039,-0.11519000000000001,-0.09314800000000001,-0.089528,-0.12068,-0.11959000000000002,-0.09488200000000001,-0.1048,-0.12754000000000001,-0.12177,-0.10196000000000001,-0.09929199999999999,-0.11671,-0.12694,-0.11372,-0.096603,-0.095795,nan,-0.11231,-0.10243,-0.094204,-0.10095,nan,-0.09234099999999999,-0.10313,-0.12369000000000001,-0.1165,-0.09714099999999999,nan,-0.10106,-0.098963,-0.09779299999999999,nan,-0.0998,-0.10664000000000001,-0.1209,-0.12575999999999998,-0.11523,-0.1094,-0.11345,-0.11266,-0.11108,-0.11297,nan,-0.091822,-0.10214,nan,-0.14447000000000002,-0.13851,-0.11965999999999999,-0.10219,-0.10041,-0.10839000000000001,-0.11513,-0.1278,-0.13935,nan,-0.1129,-0.11850999999999999,nan,nan,-0.10379000000000001,-0.12397999999999999,-0.12600999999999998,nan,nan,-0.14074,-0.1345,-0.1188,-0.12718,-0.12882000000000002,-0.12085,nan,-0.14279,-0.15417999999999998,-0.15232,-0.14037,-0.13979,-0.15217999999999998,-0.15394000000000002,-0.14644000000000001,-0.15199000000000001,-0.1572,-0.13821,-0.12662,nan,nan,-0.14115,nan,-0.16355,-0.16644,-0.14027,nan,nan,-0.15503,nan,-0.17709,-0.18256,-0.17201,nan,-0.16087,nan,-0.16632,-0.1499,-0.15592999999999999,-0.16587000000000002,-0.14932,-0.16,-0.19047999999999998,-0.1774,-0.16162,-0.17667,nan,-0.15947,-0.16355,-0.17110999999999998,-0.18126,nan,-0.17843,nan,nan,-0.1814,-0.19192,-0.19147,-0.19012,-0.19068,-0.20005,-0.21636999999999998,-0.20925,-0.18118,-0.17790999999999998,-0.19455999999999998,nan,-0.18573,-0.19372,nan,nan,-0.20207999999999998,-0.20215999999999998,-0.20808000000000001,-0.21796999999999997,-0.21785,-0.20788,-0.20140999999999998,-0.20169,nan,-0.21808000000000002,nan,-0.20312,-0.18833,nan,-0.22574,-0.24352,-0.22444,-0.19569,-0.19255,-0.2101,-0.22660999999999998,-0.22825,-0.21805,-0.21359,nan,-0.21618,nan,-0.21686,-0.22446,-0.23904,nan,nan,-0.23674,-0.25739,-0.25043000000000004,-0.22474,-0.21675,nan,-0.23203000000000001,nan,nan,-0.21659,-0.23246,-0.24255,-0.23851999999999998,-0.24529,nan,-0.2653,-0.25409,nan,nan,nan,-0.24556999999999998,-0.23818000000000003,nan,-0.25338,-0.25172,-0.25653000000000004,-0.26741,nan,nan,nan,-0.25849,-0.25505,-0.2508,-0.25975,nan,-0.26854,-0.26361999999999997,-0.25527,-0.24998,-0.26108000000000003,-0.26899,nan,nan,-0.26950999999999997,nan,-0.26469000000000004,-0.26936,-0.26954,-0.26397,-0.26943,-0.2861,-0.29538000000000003,-0.28269,nan,-0.27488,-0.29578000000000004,-0.28441,-0.25179,nan,nan,-0.30446999999999996,nan,-0.27542,-0.28326999999999997,-0.28252,-0.28602,-0.29702,-0.28378000000000003,-0.26194,nan,-0.30694,-0.29996,-0.29369,-0.30668,-0.30829,-0.30468,-0.30734,nan,-0.30730999999999997,-0.30826,nan,-0.27885,-0.29328000000000004,nan,-0.30283000000000004,nan,-0.2927,-0.29516,-0.30535,-0.31783,-0.3151,-0.29705,-0.29396,-0.31313,-0.32138,-0.30551,-0.28995,-0.29306,-0.30435999999999996,-0.30356,-0.29529,-0.29899000000000003,-0.30779,-0.30726,nan,-0.30466,nan,-0.29174,-0.29481999999999997,-0.29473,-0.2976,-0.30998000000000003,-0.31937,-0.31573,-0.30155,nan,-0.30206,-0.30491,-0.2954,-0.29833000000000004,-0.30762,-0.30666,nan,-0.30419,nan,-0.30003,-0.30589,nan,-0.29735,-0.30788000000000004,-0.30663,nan,nan,-0.28459,nan,-0.29786999999999997,-0.30541999999999997,-0.30698000000000003,-0.30577,-0.30380999999999997,nan,-0.31890999999999997,-0.30746999999999997,-0.30785999999999997,-0.30406,nan,-0.28822,nan,-0.2998,-0.28814,-0.2964,-0.29649000000000003,nan,-0.29651,-0.30482,-0.3035,-0.29315,-0.28148,-0.28386999999999996,-0.29644000000000004,-0.29715,-0.28628000000000003,nan,-0.28911,-0.30036,nan,-0.30649,-0.30506,-0.30732,-0.29986999999999997,-0.28431999999999996,nan,-0.29175999999999996,-0.29265,-0.29632,-0.31288,-0.31964000000000004,-0.30632,-0.29378000000000004,-0.29686,-0.3081,-0.30908,-0.30091999999999997,-0.30843000000000004,-0.32159,-0.30585,-0.28197,nan,-0.30025,-0.30791999999999997,nan,-0.29625999999999997,-0.28249,-0.28844000000000003,-0.29358,-0.28255,-0.27645,-0.28536,-0.29591,-0.30269,-0.30504000000000003,nan,nan,nan,-0.29621,-0.27893,-0.28897,-0.30767,-0.29127,-0.2779,-0.29485,-0.30003,-0.28826999999999997,-0.29458,-0.31445,-0.31399,-0.28438,-0.26825,-0.29417,-0.30848000000000003,nan,-0.26746,nan,-0.30767,-0.30233000000000004,-0.29607,-0.28559,-0.27971999999999997,-0.29315,nan,-0.29936,-0.28264,-0.2902,-0.31289,-0.30981,-0.28634,nan,-0.29383000000000004,-0.29609,-0.29356,-0.30434,-0.31909,-0.31482,-0.2973,-0.28583000000000003,-0.27781999999999996,nan,nan,-0.30384,-0.28454,-0.27691,-0.28155,-0.28094,-0.28811,-0.29366,-0.28309,-0.28326999999999997,-0.29759,nan,-0.28934,-0.29758,-0.3064,-0.30144,-0.29136999999999996,-0.28268000000000004,-0.27826,-0.28292,nan,-0.29672,-0.29291,-0.29238000000000003,nan,-0.30546999999999996,-0.29609,nan,-0.29355,-0.28352,-0.27824,-0.28175,nan,-0.28531,-0.29581999999999997,nan,-0.27103,-0.2871,-0.31545,nan,-0.30468,nan,nan,-0.28213,-0.2915,-0.29475999999999997,nan,nan,-0.28602,-0.28226,-0.29169,nan,-0.29614,nan,-0.29782,-0.27981,-0.27729000000000004,-0.2866,-0.29629,nan,-0.30362,-0.29424,-0.29812,-0.3156,-0.30415,-0.27846,nan,nan,-0.30121,-0.29375,nan,nan,-0.29463,-0.30784,-0.29239,-0.27044,nan,nan,-0.28215999999999997,-0.26885,-0.27541,-0.28267,-0.28239000000000003,-0.28804,-0.29761,-0.2955,-0.29129,-0.29485,nan,-0.26254,-0.2815,-0.30796999999999997,nan,-0.29498,-0.30793000000000004,-0.2997,nan,-0.29591999999999996,-0.29268,-0.29789,-0.30783,-0.29818,-0.29273000000000005,-0.29585,nan,-0.29951,-0.30796999999999997,-0.28876,-0.28004,-0.29509,-0.29646,nan,-0.30679,nan,-0.29993000000000003,nan,-0.29651,-0.28876,-0.28195,-0.29399000000000003,nan,-0.30838000000000004,-0.29653,-0.29314,-0.29516,-0.29496,-0.29236999999999996,-0.29443,-0.30345,-0.3026,-0.28419,-0.27371,-0.28733000000000003,nan,-0.30967,-0.30205,-0.29518,nan,-0.30822,-0.30793000000000004,-0.29913,-0.29183000000000003,-0.29357,-0.303,nan,-0.29567,nan,-0.30881,-0.30822,-0.29863,nan,nan,nan,-0.30562,-0.29671,-0.29079,-0.29552,-0.29529,-0.29549000000000003,-0.31135999999999997,-0.3209,-0.31051,-0.30646,nan,nan,-0.31161,-0.33229000000000003,nan,-0.28792,-0.27979,nan,-0.29713,nan,nan,-0.29375999999999997,-0.30178,-0.31618,-0.31886,-0.30885,-0.30263,-0.3083,-0.31711999999999996,-0.32209,-0.31817,-0.30745,-0.30883,nan,-0.32256,-0.31053000000000003,-0.30717,nan,-0.3264,-0.3342,-0.33394,-0.32755,-0.31854,-0.30781,-0.30701999999999996,-0.32293,-0.33304,-0.32905999999999996,-0.33516999999999997,nan,-0.31581,-0.30838000000000004,-0.3283,-0.32808000000000004,nan,-0.3383,-0.34915,-0.34713,-0.34859,-0.33178,-0.30576,-0.30974,-0.32976,-0.33366,-0.33021,nan,-0.34804,-0.35568,nan,-0.34606,-0.32941,-0.34343,-0.36093000000000003,-0.34967,nan,-0.36127,-0.36017,nan,-0.37313,-0.36641999999999997,-0.35281,-0.36130999999999996,-0.36568,-0.34781999999999996,-0.34799,-0.37515,-0.38309,-0.37309000000000003,-0.37838,-0.38541,-0.38631,-0.39471,-0.39402,-0.38629,-0.39338,-0.39505,-0.3863,nan,-0.39671,-0.38655,-0.38186,-0.38605,-0.39849,-0.41257,nan,-0.386,-0.4003,-0.41134,nan,-0.40214,-0.41398,-0.41268,-0.41577,-0.42558,-0.42483000000000004,-0.42083000000000004,-0.42498,-0.43636,-0.44198000000000004,-0.42887,-0.4229,-0.44226000000000004,-0.44587,-0.42573999999999995,-0.42658999999999997,-0.43778,-0.42611000000000004,-0.42181,-0.44593,-0.46331999999999995,-0.4621,-0.46365,-0.46442,nan,nan,-0.46566,-0.45011999999999996,nan,-0.48466000000000004,-0.4952,nan,-0.47563999999999995,nan,-0.49149,-0.49135,nan,-0.47875,-0.49911000000000005,-0.5040600000000001,-0.50085,-0.5019100000000001,-0.49996999999999997,-0.50353,nan,nan,-0.51559,-0.52457,-0.5303100000000001,-0.52484,-0.5241,nan,-0.5555100000000001,-0.55409,nan,nan,-0.57905,nan,-0.5797100000000001,-0.57839,-0.5896399999999999,-0.6087600000000001,-0.60845,-0.59882,-0.6090399999999999,-0.61925,-0.61311,nan,nan,-0.63279,-0.61864,-0.63567,-0.65137,-0.64194,-0.6381899999999999,-0.66074,-0.6878,nan,nan,-0.6834,nan,-0.69298,-0.71172,-0.71175,-0.70362,-0.71197,-0.72954,-0.7389899999999999,nan,-0.73225,-0.74134,-0.74897,-0.75389,-0.77118,-0.77408,-0.75846,-0.77451,-0.8032199999999999,-0.79374,-0.78451,-0.8036399999999999,-0.80608,-0.79264,nan,nan,-0.80202,-0.8032699999999999,-0.8234899999999999,-0.8158,nan,-0.82504,-0.8449200000000001,nan,-0.85183,-0.8720600000000001,nan,-0.85651,-0.87608,-0.8930299999999999,-0.88825,-0.8978200000000001,-0.91843,-0.9179200000000001,-0.91453,-0.91838,nan,-0.91948,-0.9315399999999999,-0.92855,-0.9335899999999999,-0.95763,-0.9688,nan,-0.9825799999999999,-1.0032,-1.003,-0.9840000000000001,-0.9747899999999999,nan,nan,-1.0256,-1.0336,-1.024,nan,-1.0096,-1.022,-1.0290000000000001,-1.0351,-1.047,-1.0566,nan,-1.0607,nan,-1.0716,nan,-1.0562,-1.0608,-1.0613,-1.0626,-1.0805,-1.0987,-1.094,-1.0795,-1.0835,-1.1087,-1.1288,-1.1271,-1.1216,-1.126,-1.1263,-1.1265,-1.1426,-1.1519,-1.1402,-1.1377,nan,-1.1612,-1.1841,-1.1933,nan,-1.166,-1.1877,-1.1909999999999998,-1.1923,-1.2121,-1.2192,-1.2143,-1.2248,-1.2404,-1.2396,nan,-1.2279,-1.228,-1.2274,-1.2363,-1.2418,nan,nan,-1.2688,nan,-1.2741,nan,-1.2679,-1.2761,nan,-1.2955,-1.2919999999999998,-1.2939,-1.2918,-1.3014,-1.3051,-1.3011,nan,-1.33,-1.2988,nan,-1.3221,-1.3187,-1.3285,-1.3472,-1.3271,-1.3132,-1.338,-1.3558,nan,-1.3588,nan,-1.3561,-1.3588,-1.3574,-1.3563,-1.3589,nan,nan,-1.3598,nan,-1.3926,-1.3827,-1.357,-1.3703,-1.4003,-1.3845,nan,-1.361,-1.3801,-1.3825,nan,-1.3949,nan,nan,-1.4013,-1.3863,-1.3869999999999998,-1.4074,-1.401,-1.386,-1.4012,-1.4103,nan,-1.4032,-1.4113,-1.3991,-1.3915,-1.4015,-1.3995,-1.3907,-1.406,-1.413,-1.3892,-1.3851,-1.3998,-1.3955,nan,-1.4249,-1.4105,nan,-1.3991,-1.4114,-1.4043,nan,nan,-1.3886,-1.3731,-1.3818,-1.405,nan,-1.3807,-1.3916,-1.4121,nan,-1.3933,-1.3986,nan,-1.3927,-1.3862,-1.3821,-1.3842,-1.3859,-1.382,-1.3861,-1.3981,-1.395,-1.3737,-1.3591,-1.3646,-1.3695,-1.3597,-1.3653,-1.3925,nan,-1.3589,-1.3625,-1.3738,-1.3457,-1.3325,-1.3556,nan,-1.3395,-1.3335,nan,-1.3334,-1.3346,-1.3214,-1.32,nan,-1.3017,-1.2943,-1.3057,-1.2990000000000002,-1.2943,-1.3056,-1.2924,-1.2578,nan,-1.2671,-1.2631,-1.2527,-1.2653,-1.2621,-1.2331,-1.2274,-1.2253,-1.204,-1.2125,-1.2289,-1.2001,-1.173,-1.1798,-1.1888,-1.1892,nan,-1.1405,nan,-1.1506,-1.1319,nan,-1.1115,-1.1015,-1.0945,-1.0998,-1.0991,-1.0972,-1.0984,-1.082,-1.0515,-1.0319,nan,nan,-1.0324,nan,nan,-1.021,-1.0092,-1.0088,nan,-0.97962,nan,-0.95763,-0.9569799999999999,-0.95194,-0.9421700000000001,-0.9224,-0.90615,-0.89018,-0.8760899999999999,-0.8826200000000001,nan,-0.8371700000000001,-0.81999,-0.8272299999999999,nan,-0.79278,nan,-0.80528,-0.7894,-0.77472,nan,nan,nan,-0.68771,-0.6845399999999999,-0.68467,-0.6622899999999999,-0.65608,-0.65851,-0.64481,-0.6451100000000001,-0.63263,nan,-0.56552,-0.58181,nan,-0.52898,-0.52866,-0.51286,-0.48926000000000003,-0.46501000000000003,-0.43703000000000003,-0.44328,nan,-0.40803,-0.3735,nan,nan,-0.35795,-0.34767,-0.3428,-0.3176,-0.28384000000000004,-0.2561,-0.22896999999999998,-0.20498000000000002,-0.18731,-0.16777999999999998,-0.16427999999999998,-0.18584,-0.18066,-0.1308,-0.092284,-0.08113200000000001,-0.063704,-0.035845999999999996,-0.012393000000000001,0.0026991999999999997,0.012298,nan,0.040635000000000004,0.057059000000000006,0.081914,0.11698,0.14134000000000002,0.15100999999999998,nan,0.19783,0.22003000000000003,0.24518,nan,0.31138000000000005,nan,nan,0.35635,0.38997,0.41078000000000003,0.44877,0.49303,0.50156,0.50047,nan,nan,0.5982,0.62447,0.63454,0.64636,nan,0.71837,0.7377199999999999,0.77285,0.8197700000000001,0.83704,nan,0.88133,0.9218,0.92666,nan,0.9628399999999999,nan,1.0167,1.0357,1.0708,1.1101,1.1418,nan,1.2152,nan,1.2583,1.2832,1.3255,1.3704,nan,1.3923,1.3986,1.4336,1.4629,1.4853,1.5344,1.5826,1.6066,1.6346,1.6544,1.6594,1.6926,1.7372,1.7611,1.7930000000000001,1.8248,1.8317,1.8513,1.8926,nan,1.9354,nan,1.9704,1.9936,2.0346,2.0721,2.09,2.1109,nan,2.1957,2.2117,2.2177,2.2404,2.2804,nan,2.3579,nan,2.3781,2.4212,2.46,2.4667,2.4836,2.5248,2.5539,2.5728,2.6024,2.63,nan,2.6808,nan,nan,2.7569,2.7698,2.7658,2.7839,2.8395,2.8661,2.86,2.8812,2.9136,2.9252,2.9332,2.9413,2.9516,2.97,2.9789,2.9899,3.0184,3.0284,3.0171,3.0216,3.0309,3.0289,3.0285,3.0265,3.0283,3.0407,3.0354,3.0174,3.0211,3.0307,3.0289,3.0292,3.0247,3.0169,3.0231,nan,3.0286,nan,3.0189999999999997,2.9808,2.9542,2.9504,nan,nan,2.9266,2.9263,2.9134,nan,2.9036,2.8642,2.8475,2.8704,2.8691,2.8344,2.8102,2.7948,2.7772,2.78,nan,nan,2.7442,2.7461,2.7347,nan,nan,nan,2.6735,2.6454,2.6359,2.6271,nan,2.6209,2.6008,2.6112,2.6073,nan,2.5612,2.5752,2.5561,2.5268,2.5039,2.4849,2.4886,2.497,2.4868,2.4768,nan,2.4483,nan,2.4444,nan,2.4284,2.4322,2.4239,2.4033,2.3916,2.3841,2.3661,nan,nan,2.3538,nan,2.354,nan,2.3398,2.3315,2.3195,2.3151,nan,2.3269,2.312,2.3016,2.3024,2.3008,2.2996,2.305,2.2994,2.2803,2.2772,nan,2.293,2.2822,2.2758,nan,2.2767,nan,2.2678,nan,nan,2.2497,2.2486,2.2498,2.2516,nan,2.2375,2.2388,2.2325,nan,2.2253,2.2174,2.1968,2.1925,2.2034,2.197,2.1838,2.1929,nan,nan,2.1905,nan
3.0,0.6236,0.51605,0.4931,0.56765,0.53076,nan,0.54308,0.5131,0.51679,0.5209600000000001,0.50337,0.49028999999999995,0.48003,0.48418999999999995,0.48878999999999995,0.47717,nan,nan,nan,0.47076,0.46886000000000005,0.46168000000000003,0.4593,0.45902,0.45163000000000003,0.44371000000000005,0.43951,0.43942,0.44241,0.43748000000000004,nan,0.43554,0.44218999999999997,0.42872,0.41203,0.41272,0.41941999999999996,0.41376999999999997,0.4057,0.4108,0.41221,0.401,0.40295,0.41043,0.39374000000000003,0.37649,0.37878,0.37646,0.36441999999999997,0.34931999999999996,0.33296,0.33376999999999996,nan,nan,0.3582,0.34723000000000004,0.33209,0.32933,nan,0.32027,0.31928,0.31803000000000003,0.31001999999999996,nan,0.32,0.3003,0.27919,0.28736999999999996,0.29888000000000003,0.28651,0.27774,nan,0.28815999999999997,0.2599,0.2502,nan,0.24774000000000002,0.22557,0.22774,0.23565999999999998,nan,0.20948000000000003,0.20793000000000003,nan,nan,0.19612000000000002,nan,0.18914,nan,0.17855,0.16942000000000002,0.17873,0.17393,nan,0.15669,nan,0.15253,0.13052,0.12683,0.13205999999999998,0.12877,nan,0.11894,0.1184,0.11417999999999999,0.10255,0.10005,0.1084,nan,0.097675,0.08428200000000001,0.060604,0.049253,0.057383,0.056597,0.047307999999999996,0.048473,nan,0.033286,0.028031,0.025936,nan,0.010424,0.023007,-0.00014018,-0.021818,nan,0.012394,-0.021439,-0.041346,-0.032432,-0.031601,-0.040715,nan,nan,nan,nan,-0.079884,-0.091692,-0.081554,-0.086289,-0.10297,nan,nan,nan,-0.14175,-0.12894,-0.11982000000000001,-0.13,nan,nan,-0.15225,-0.15077000000000002,nan,-0.17252,-0.16927999999999999,-0.14902,-0.16575,nan,nan,-0.17084000000000002,-0.18805,-0.18569000000000002,-0.16752999999999998,-0.18607,-0.21595,-0.21755,-0.20257,-0.19512000000000002,nan,-0.22243000000000002,-0.22149000000000002,-0.22161,-0.23349,-0.24661,-0.25321,-0.25019,-0.24871,-0.25740999999999997,-0.26053000000000004,nan,-0.27291,-0.28152,-0.27282,-0.27726999999999996,-0.29911,-0.30257,-0.28978000000000004,-0.29653,-0.31285,-0.30659000000000003,-0.2945,-0.30385,-0.31259000000000003,nan,-0.30278,-0.31148000000000003,-0.30418,nan,-0.32008000000000003,-0.3245,-0.3193,-0.32242,-0.32181,-0.32145,-0.33241,nan,nan,-0.35107,-0.34118000000000004,-0.3462,-0.36503,-0.36553,-0.34946,-0.35559,-0.37085,nan,-0.36335,nan,-0.35755,nan,-0.37201999999999996,nan,nan,-0.39294,-0.39305,-0.38784,nan,-0.40023000000000003,-0.40142,-0.40156,-0.40169,-0.40356,-0.41444,-0.4217,nan,nan,-0.44335,nan,nan,-0.44267,nan,-0.44235,-0.46184,nan,-0.42763999999999996,-0.44486000000000003,nan,nan,-0.45633,-0.46211,-0.45799999999999996,-0.46276000000000006,-0.4627,-0.45158999999999994,nan,-0.4624,-0.45383999999999997,-0.45093,nan,-0.4425,-0.44378,nan,nan,-0.46928000000000003,-0.46817,-0.45298,-0.45963000000000004,-0.47368000000000005,-0.47228000000000003,-0.47595,-0.48116000000000003,-0.47283000000000003,-0.46781999999999996,-0.47311000000000003,-0.47192,-0.46248999999999996,-0.46093999999999996,nan,-0.48248,-0.47392,-0.47258,-0.48100000000000004,nan,-0.48417,nan,-0.48368999999999995,nan,-0.48323,nan,-0.47778000000000004,-0.48233000000000004,nan,-0.47728000000000004,-0.5015,nan,-0.45803,-0.47326999999999997,-0.4706,-0.48203999999999997,-0.49012,-0.47305,nan,nan,-0.48312,-0.48553,-0.4912,nan,nan,nan,-0.47226999999999997,-0.4843,-0.49505,-0.47803,-0.46736000000000005,-0.48545,-0.48928,-0.47275,-0.47881,-0.49483999999999995,-0.49316000000000004,-0.4909,-0.48789,-0.47301000000000004,-0.47173999999999994,-0.4886,-0.48158,-0.46006,nan,nan,-0.47203999999999996,-0.4758,-0.48031999999999997,nan,-0.4628,-0.47243999999999997,nan,-0.48183000000000004,-0.49282,-0.48352,nan,-0.46735,-0.46235,-0.46592,nan,-0.48313,-0.49023999999999995,-0.48657,-0.46788,-0.45903,-0.46871999999999997,nan,nan,-0.47534,nan,-0.47583000000000003,nan,nan,-0.48291000000000006,nan,-0.44537,-0.45353000000000004,nan,-0.462,-0.46068000000000003,-0.45765,-0.47325,-0.47973999999999994,-0.4565,nan,-0.4655,nan,nan,-0.45647,-0.47207,-0.46758999999999995,-0.4537,-0.45324,-0.4591,-0.45992,-0.46216,-0.46235,-0.45676000000000005,-0.46353,-0.46529,nan,-0.447,nan,-0.45545,-0.43883999999999995,nan,-0.45214,-0.45392,-0.46247,nan,nan,-0.45336000000000004,nan,nan,-0.46088,-0.44573999999999997,nan,-0.44264,-0.44241,-0.43738999999999995,-0.42625,nan,nan,nan,-0.42196000000000006,-0.44228999999999996,-0.45014,nan,-0.4266,nan,-0.43085,nan,-0.43718999999999997,-0.44182,-0.44148000000000004,-0.43942,-0.42511000000000004,-0.41152,-0.41708999999999996,-0.41783000000000003,-0.40334000000000003,nan,-0.41634,-0.42235,-0.42038000000000003,-0.42018999999999995,-0.42203999999999997,-0.42208999999999997,nan,-0.39955999999999997,-0.39831,-0.41261000000000003,-0.42141000000000006,-0.41341999999999995,-0.4026,-0.40113000000000004,-0.40234000000000003,nan,-0.41372,-0.41228000000000004,-0.40037,nan,nan,-0.40752,-0.41866000000000003,-0.41911000000000004,nan,-0.39974,-0.42455,-0.40909,-0.38055,-0.38542,-0.40137,-0.3976,-0.38708000000000004,-0.3919,-0.40118000000000004,-0.39523,-0.38189,-0.38382,-0.39941,-0.40133,-0.39175,-0.39186,nan,-0.38858000000000004,-0.40407,-0.40856,nan,-0.39428,-0.40184000000000003,-0.39311999999999997,-0.38808000000000004,-0.39193,-0.39269,-0.3966,-0.40398,-0.40178,nan,-0.38921,-0.39221999999999996,-0.39209,-0.38868,-0.39271,nan,-0.38201999999999997,-0.38295999999999997,-0.39186,-0.38889,-0.39502,-0.40292,nan,-0.39465,-0.40246,-0.39155999999999996,-0.39614,-0.40094,-0.38299999999999995,-0.38783,-0.40275,-0.3933,-0.39383,nan,-0.39324000000000003,-0.38909,-0.39055,-0.39199,-0.39966999999999997,-0.39718000000000003,-0.39269,-0.40534000000000003,-0.40756,-0.39035,-0.38711,-0.39769,-0.40192,-0.40136,nan,-0.40058,-0.39355999999999997,-0.38303000000000004,-0.38039,-0.38188,-0.38372,-0.39852,-0.41213999999999995,-0.39935,-0.38451,-0.39353,-0.40806,-0.40806,-0.40108,-0.4002,-0.4028,-0.40013000000000004,-0.39277,-0.38905,-0.39177,-0.39202,-0.39738,-0.41971,-0.42303999999999997,-0.39614,-0.39494,-0.41223000000000004,-0.40421,nan,-0.42318999999999996,-0.41147,-0.38285,-0.38399,-0.39962,-0.40136,-0.40262,-0.41062,nan,-0.39803,-0.40181,-0.40933,-0.40801,nan,-0.3945,-0.38675,-0.39347,nan,-0.40786,nan,-0.40091,nan,-0.4146,-0.42293000000000003,-0.40356,-0.38973,-0.40902,-0.41847,-0.40168000000000004,-0.4024,-0.4245,-0.42795,-0.41083000000000003,-0.40121999999999997,-0.40036,-0.40306,-0.41618999999999995,nan,-0.40531,-0.39046,-0.4047,-0.42577,-0.43178999999999995,-0.43138000000000004,nan,-0.42244,-0.41953999999999997,-0.42036999999999997,-0.4224,nan,-0.43244,-0.43178,-0.43031,-0.43143000000000004,-0.43127,-0.43077,-0.43187,-0.43022,nan,-0.4342,-0.42626000000000003,-0.42128999999999994,-0.43453,-0.4415,-0.44291,-0.45111,-0.44392,-0.43205,-0.43882,-0.43761000000000005,-0.43185,-0.4399,-0.43727,-0.43068999999999996,-0.43228999999999995,-0.4231,-0.42349,-0.44078999999999996,-0.44278999999999996,-0.44113,-0.44301,nan,-0.41918,-0.43306000000000006,-0.43435,nan,-0.44535,nan,-0.43226000000000003,-0.42258,nan,-0.43665,nan,nan,nan,nan,-0.45266999999999996,nan,-0.42005,nan,nan,nan,-0.4247,-0.44332,-0.42868999999999996,-0.42263999999999996,-0.43863,-0.43871000000000004,-0.42958999999999997,-0.43123,-0.42988999999999994,nan,-0.44259,-0.42533999999999994,-0.40354,-0.42165,-0.44896,-0.4445,-0.43198000000000003,-0.43159,-0.42508,-0.42251000000000005,-0.43746999999999997,nan,-0.42908,nan,-0.4333,-0.42949,-0.43117,-0.43366000000000005,-0.42672,-0.42207,-0.42708999999999997,-0.43162,-0.43255,-0.43165,-0.42838999999999994,-0.43318,nan,-0.43222,-0.42031,-0.42811000000000005,-0.43449,nan,-0.43067,-0.43368999999999996,nan,-0.43122,-0.44138999999999995,-0.43605,-0.43268999999999996,-0.44173,-0.43055,-0.41108999999999996,-0.42249,-0.43738,-0.4296,nan,nan,-0.4213,-0.42189,-0.41525,-0.40873000000000004,-0.41071,-0.42085,-0.43628,-0.43322,-0.40754,-0.40255,-0.42315,nan,-0.42665,-0.42072,-0.41222,-0.41116,-0.42405,nan,nan,-0.40289,-0.41135,nan,-0.4026,-0.41162,-0.40871999999999997,-0.41501000000000005,nan,nan,-0.38791,-0.40399,-0.4056,-0.39247,nan,-0.40016999999999997,nan,-0.40054,-0.39346,-0.38631,-0.3955,-0.40302,-0.38755,-0.37992,-0.39243,nan,-0.38815,-0.3927,-0.39288,-0.38744,-0.39348,-0.4019,-0.39253000000000005,nan,-0.3795,-0.38708000000000004,-0.3912,nan,nan,nan,-0.38231,nan,-0.37296999999999997,nan,-0.37312,nan,-0.38261,-0.38193,nan,-0.36822,-0.36002,-0.37021,-0.36611,nan,nan,-0.36656,-0.3522,-0.36894,-0.38058000000000003,nan,nan,-0.36189,-0.36272,nan,-0.34954,-0.34215999999999996,-0.35149,-0.34213000000000005,-0.34554,-0.36979,-0.35658,-0.33813000000000004,nan,-0.34853,-0.33579000000000003,-0.33213000000000004,-0.33205,nan,-0.35108,-0.32106,-0.3382,-0.36179,-0.33032,nan,-0.34463,nan,-0.32441,-0.33243,nan,nan,-0.32808000000000004,-0.34189,-0.33578,-0.32564,-0.32281,-0.32124,nan,-0.31126,-0.31349,-0.33928,-0.3505,-0.32761,-0.31489,-0.32388,-0.32311,-0.32134,-0.33565,-0.33358000000000004,-0.31172,-0.31709,-0.3321,-0.32216999999999996,nan,-0.34221999999999997,-0.32784,-0.31714000000000003,-0.32232,nan,nan,-0.31185,-0.31118,-0.31589,nan,-0.32219000000000003,-0.32256,nan,-0.3124,-0.31771,-0.32126,-0.32288,-0.32435,-0.31098000000000003,-0.30205,nan,-0.32172,-0.30853,-0.30134,-0.30015,-0.30198,-0.31046999999999997,-0.3133,-0.30912,-0.31179,nan,nan,nan,-0.31511999999999996,-0.32169000000000003,nan,-0.30764,-0.31536,-0.30943000000000004,-0.29999000000000003,-0.30789,-0.30915,-0.29331,-0.29177,-0.30411,-0.30272,-0.29754,-0.302,nan,-0.27703,nan,-0.3016,-0.27803,-0.27039,-0.28319,-0.27579000000000004,-0.26345999999999997,nan,nan,nan,nan,-0.27423000000000003,nan,-0.24689,-0.251,-0.26698,nan,-0.2412,-0.23253000000000001,-0.25248000000000004,-0.2614,-0.25155,-0.25399,nan,-0.25355,-0.24736999999999998,-0.25136,-0.24369000000000002,-0.23024,-0.23387,-0.24134,nan,-0.24374,-0.25213,-0.23876,nan,-0.2432,-0.25436,-0.23795,-0.2331,-0.24829,nan,-0.23986,nan,-0.23365,nan,-0.24123000000000003,nan,-0.23446,-0.25161,-0.2421,-0.22194,-0.22249000000000002,-0.22883,-0.23195,-0.23164,-0.22974,-0.23579,-0.24065,-0.23340999999999998,-0.2284,nan,-0.23239,-0.22914,-0.23238000000000003,-0.23275,nan,-0.2216,-0.23271,-0.23381,-0.22708000000000003,-0.23329,-0.24155,nan,-0.22049000000000002,-0.2209,-0.21895,-0.22335,-0.2318,-0.22414,-0.2221,nan,-0.22983,-0.23445,-0.24186,-0.23179,-0.23478000000000002,-0.24129,nan,-0.23995,-0.25056999999999996,-0.22735999999999998,-0.21895,nan,-0.2333,-0.22844,nan,-0.2234,-0.21574000000000002,-0.22548,-0.23246,-0.22884000000000002,-0.23362,-0.23224,-0.22504000000000002,nan,-0.24961999999999998,-0.21743,-0.21356999999999998,-0.23394,-0.22509,-0.21909,-0.23551999999999998,nan,-0.22399999999999998,nan,nan,-0.23838,nan,nan,-0.2397,-0.21866,-0.21202,nan,nan,-0.22303,nan,-0.24018,-0.22793000000000002,-0.22127,nan,-0.21969,nan,nan,nan,-0.23243000000000003,-0.23221,-0.22695,-0.22213000000000002,nan,-0.2355,-0.2418,-0.2424,-0.23125,-0.2199,-0.22705999999999998,-0.24470999999999998,-0.24959,-0.23484000000000002,-0.21980999999999998,-0.22396,-0.23228000000000001,-0.2248,-0.22,-0.23279,-0.23663,nan,-0.2121,-0.226,-0.23365999999999998,-0.23118000000000002,-0.23091,-0.23289,-0.24425,-0.25211999999999996,nan,nan,-0.2613,-0.25115,nan,-0.24164000000000002,-0.23855,-0.22203,nan,-0.23656,-0.2393,nan,-0.22879000000000002,-0.23675,nan,-0.24829,nan,-0.24491999999999997,-0.23931999999999998,-0.25804,-0.25328,-0.23262,-0.2476,-0.26425,-0.2515,-0.24665,-0.25331,nan,nan,-0.25140999999999997,-0.25076,-0.25059000000000003,-0.25032,-0.25134,-0.2595,-0.26919,nan,-0.26244,-0.25979,-0.25913,-0.25217,-0.25273,-0.26999,nan,-0.2526,-0.25603000000000004,-0.27376,-0.27305999999999997,-0.26905,nan,-0.26328,-0.26005,-0.27831999999999996,-0.29172,nan,-0.26844,-0.28209,-0.29272,-0.28531,-0.29289,-0.31103000000000003,-0.29902,-0.28179,-0.30143000000000003,-0.32068,-0.30701999999999996,-0.29891999999999996,-0.31038000000000004,-0.30796,nan,-0.30983,-0.30579,-0.29197,-0.30185,nan,-0.31261,nan,-0.31927,nan,-0.31099,nan,-0.30132,-0.30885999999999997,-0.3126,-0.31143000000000004,-0.31990999999999997,-0.32542,-0.31621,-0.30274,-0.30230999999999997,nan,-0.32298000000000004,-0.31163,-0.31418,-0.32261999999999996,-0.31436,-0.30856999999999996,-0.31216,-0.3108,-0.31686,-0.33445,-0.33416,-0.31961,-0.32524000000000003,-0.33251,-0.31608,-0.3134,-0.33136,-0.32766999999999996,-0.31813,-0.33266999999999997,-0.34226,-0.33638,-0.34344,-0.35261,-0.34239,nan,-0.36055,-0.3518,-0.34042,-0.35848,-0.36758,-0.35678000000000004,-0.36122,-0.37649,-0.37913,-0.37217,nan,-0.3715,-0.37145,-0.36911,-0.37419,-0.38245,-0.3824,nan,-0.36977,-0.37028,-0.37484,-0.38451,nan,-0.40696,-0.39373,-0.3921,-0.41279,-0.42152,nan,-0.43104,-0.42198,-0.41153,-0.42601999999999995,-0.43354,-0.43133999999999995,-0.43238000000000004,nan,-0.43806000000000006,-0.46093999999999996,-0.44974,-0.44004,-0.44304,-0.42982,-0.44006999999999996,-0.46247,-0.45292,nan,-0.47201000000000004,-0.45502,-0.4589,-0.48466000000000004,-0.46936000000000005,nan,-0.46908999999999995,-0.48373,-0.46502,-0.46421,-0.48173,-0.47558,-0.47193999999999997,-0.4929,-0.5067699999999999,nan,-0.52279,-0.52049,-0.52654,-0.54364,nan,nan,nan,nan,-0.55501,-0.54789,nan,-0.57047,-0.58343,-0.5736600000000001,nan,-0.57932,nan,-0.5906,-0.59332,-0.60309,-0.6027399999999999,-0.59816,-0.60378,-0.61817,-0.62968,-0.62955,-0.6232,-0.62074,nan,-0.62265,-0.63225,-0.6453,-0.64293,-0.63631,nan,-0.65166,nan,-0.63843,-0.66632,-0.66655,-0.65282,nan,-0.68265,-0.67095,-0.67575,-0.6923,-0.68319,-0.68538,-0.70326,-0.6894899999999999,-0.67965,-0.70487,-0.72126,-0.71432,nan,-0.6972,-0.7168100000000001,nan,-0.7316,-0.73892,-0.75722,-0.7708699999999999,-0.77537,-0.76551,-0.76207,-0.7770100000000001,-0.77677,-0.76274,-0.77187,-0.78746,-0.7818,-0.7843,-0.80609,nan,-0.8004899999999999,nan,-0.83611,-0.8342299999999999,-0.8309,nan,nan,-0.83693,-0.8314600000000001,-0.84293,nan,-0.85615,-0.87475,-0.8881,-0.89231,nan,nan,-0.9106799999999999,-0.9098700000000001,-0.9014200000000001,-0.9121600000000001,nan,nan,-0.93247,-0.94295,-0.93365,-0.92611,-0.93665,-0.94334,nan,nan,-0.9620299999999999,nan,-0.96078,-0.9719899999999999,nan,nan,nan,nan,-0.98031,-0.9845,-0.99319,-0.99044,-0.99519,nan,-1.0162,nan,-1.0049,-1.0261,-1.031,-1.0209,-1.0266,-1.045,-1.0511,-1.0441,-1.0397,-1.0429,-1.0437,-1.0399,-1.0441,-1.0531,-1.0571,-1.0658,-1.0735,nan,-1.0545,nan,-1.0516,nan,nan,-1.0603,-1.0667,-1.0732,-1.0735,-1.0689,-1.0738,-1.0741,-1.0604,-1.0688,-1.0947,-1.0905,-1.071,-1.0744,-1.0827,-1.075,-1.0737,-1.0888,-1.0955,-1.0908,nan,-1.0945,-1.0888,-1.0837,nan,-1.0804,-1.0841,-1.0899,-1.0912,-1.0943,-1.1005,-1.0973,-1.0932,-1.0994,-1.1024,-1.1016,-1.1023,-1.0994,-1.104,-1.1128,-1.1062,-1.099,-1.1032,-1.1073,-1.1144,-1.113,nan,-1.0923,-1.1038,-1.1032,-1.099,-1.1024,nan,-1.0857,-1.0973,-1.1044,nan,-1.0731,-1.1012,-1.1104,-1.0895,nan,-1.097,nan,-1.0931,-1.0917,-1.0893,-1.081,nan,-1.0696,-1.0732,-1.074,-1.0598,-1.0484,nan,nan,-1.0631,-1.0637,-1.0483,-1.0374,-1.0443,nan,-1.0495,nan,-1.0607,-1.056,-1.0379,-1.0306,-1.0404,nan,-1.0242,-1.0151,-1.0075,-1.0122,-1.0248,-1.0074,-0.9830899999999999,-0.98865,-0.98405,-0.9614,-0.9653299999999999,-0.9748,-0.9579,-0.9424,nan,-0.9385600000000001,-0.92461,-0.9226,-0.9354899999999999,-0.9341700000000001,-0.91115,-0.89592,-0.89335,-0.88426,-0.87825,-0.88285,nan,nan,nan,nan,-0.8235399999999999,-0.8194,-0.80481,-0.79257,-0.79219,-0.7932899999999999,-0.79073,-0.7904100000000001,-0.77409,-0.74534,-0.74333,-0.74229,-0.71062,-0.70119,-0.7248399999999999,nan,-0.69003,-0.68194,-0.6835100000000001,-0.6696,-0.65991,-0.65437,-0.63668,-0.63053,-0.63294,nan,-0.5956899999999999,-0.6030399999999999,-0.59842,-0.5799300000000001,-0.57207,-0.55918,-0.53573,nan,nan,-0.49011000000000005,-0.47089,-0.48266000000000003,nan,-0.42346999999999996,-0.43965,nan,-0.42655,-0.4031,-0.39444,-0.3826,-0.36084,-0.33752,-0.32004,nan,-0.31711999999999996,-0.32821,nan,-0.2717,-0.23125,-0.21977,nan,nan,nan,-0.17260999999999999,-0.16204000000000002,-0.15813,-0.15207,-0.13733,-0.11977,-0.09892100000000001,-0.076387,-0.057937,-0.035631,-0.014436000000000001,-0.00018574,0.029856999999999998,0.057415,0.051377,0.057612000000000003,0.095973,0.12219000000000001,0.13864,0.15825999999999998,0.17202,0.1953,0.22059,nan,nan,nan,0.2958,0.31219,0.33581,0.35538000000000003,0.37813,0.41234,nan,nan,0.47303,0.52755,nan,0.5454899999999999,nan,0.59295,0.61488,0.64385,0.6712,0.6987899999999999,0.71065,0.71533,0.74633,0.77736,0.7872,0.81882,0.8682799999999999,nan,0.8766200000000001,0.9128799999999999,0.9506399999999999,nan,nan,1.0244,1.046,1.064,1.0959,1.1103,1.1139,1.1409,1.1912,1.2367,1.2542,1.2511,1.2579,1.284,1.31,1.3293,1.3572,1.3928,nan,nan,1.4558,1.4843,1.5068,1.5404,1.5688,nan,1.5917,1.6281,1.6426,1.6621,nan,1.6954,nan,1.7632,1.7802,1.7873,1.8148,nan,nan,1.8655,1.8926,1.9285,1.9591,nan,1.9973,2.0218,nan,2.0687,2.0725,2.0923,2.136,2.1595,2.1625,nan,2.2193,nan,nan,2.2627,2.2979,2.3022,2.3081,2.3312,2.3508,2.3635,2.3781,2.3922,2.4092,2.437,2.4636,2.4834,2.5074,2.5238,2.5229,nan,2.5353,2.5481,2.5686,2.5856,2.5913,2.6056,2.6326,2.6523,2.6639,2.6802,2.6933,2.6936,2.6915,2.6932,2.6984,2.7148,2.7363,2.7432,2.7431,2.7574,2.7721,nan,2.7767,2.7917,nan,2.7935,2.8029,2.8084,2.8182,2.823,2.8138,nan,2.8232,2.8149,2.8137,2.8249,2.8169999999999997,nan,2.8076,2.8226,2.8211,2.8269,2.8339,nan,nan,2.8034,nan,2.8131,2.8122,nan,2.7852,2.7953,2.7969,2.7715,2.7629,2.7648,nan,2.7351,nan,2.736,2.7178,2.7333,2.7273,2.6918,nan,2.7,nan,2.6921,2.6933,2.6843,nan,2.6636,2.6581,2.6496,2.6434,2.6394,2.6457,2.6433,nan,2.5946,2.5924,2.5852,nan,2.5716,nan,2.5662,2.5731,2.5652,2.5551,2.5506,nan,2.5352,2.5316,2.533,2.5295,nan,2.5023,2.5091,2.511,2.5009,2.4938,2.4913,2.4935,2.4944,nan,nan,2.4925,nan,nan,nan,2.4449,nan,nan,2.437,2.4266,2.4219999999999997,2.4156,2.4066,2.4142,2.4238,2.4103,2.4031,2.4119,2.3985,nan,2.3809,2.3821,2.3632,2.3623,2.375,2.3601,2.3421,nan,2.3489,2.3421,nan,2.3273,2.3114,2.3209999999999997,2.3186,2.3116,2.3134,2.2994,2.2911,nan,2.2717,nan,2.282,2.2765,nan,2.2329,2.2416,2.2344,2.2201,nan,2.2025,2.19,2.1913,2.1946,2.1899,2.1831,2.1713,2.1536,2.1424,nan,2.1259,2.1217,2.1183,nan,2.0816,2.0909,2.0844,2.0691,nan,nan,2.0466,2.0418,2.035,nan,2.0017,2.0003,1.9777,1.9617,1.9717,1.962,1.9394,1.9348,1.9184,1.8991,1.9011,1.8932,nan,1.8728
4.0,0.42067,0.26621,nan,0.33499,0.26857,0.32832,0.33814,nan,0.33104,0.32494,0.30648000000000003,0.31451999999999997,nan,0.32247,0.33478,0.34284000000000003,0.34028,nan,0.33124000000000003,0.32569000000000004,nan,nan,0.32723,0.34104,0.33036,0.31429,0.30678,0.32016,0.35704,0.34415999999999997,0.30427,nan,0.327,0.29735,0.30644,0.34231999999999996,nan,0.30795,0.32256,nan,nan,nan,0.33437,nan,0.31244,0.32281,nan,0.32663000000000003,nan,0.30945,0.30784,0.30905,0.32237,nan,0.32535,0.30869,0.33659,nan,0.3395,0.34054,0.32963000000000003,0.31864000000000003,0.32843,0.3403,0.33505,nan,0.30906999999999996,0.3237,0.31433,0.31216,0.33995,0.34891,0.32993,0.32495999999999997,nan,0.33898,0.31151999999999996,0.30815,0.32735,0.29982,0.26905999999999997,0.2869,0.30680999999999997,0.30696,0.285,nan,nan,0.23854,0.22058000000000003,0.21469000000000002,0.23263000000000003,0.21253000000000002,0.17099,0.17576,0.19035,0.18467,0.17617,0.14795999999999998,0.13641,0.15149,0.13295,0.11309000000000001,0.13831,0.14257,nan,0.10196000000000001,0.098717,0.07110599999999999,0.073514,0.082303,nan,0.076658,0.08405900000000001,nan,0.10199,0.076573,0.044177999999999995,0.047678,0.035008,nan,0.046317000000000004,0.01961,nan,nan,nan,-0.018282,-0.034609,-0.057719000000000006,-0.054399,-0.07867400000000001,nan,-0.056432,nan,-0.073014,-0.075392,nan,-0.11197,-0.10298,nan,-0.11965999999999999,-0.14387,-0.161,-0.15984,-0.15857000000000002,-0.15461,-0.16252,nan,-0.19838,-0.18775,-0.17679,-0.17119,-0.19212,-0.21234,-0.21068,-0.21729,-0.23524,-0.24665,-0.24754,-0.22805,nan,nan,nan,-0.24581,-0.24565,-0.24635,-0.23994000000000001,-0.25218,-0.2637,nan,-0.2561,-0.28238,-0.26671999999999996,-0.25188,-0.27548,-0.27684000000000003,nan,-0.25514000000000003,-0.28822,-0.29772,-0.2932,-0.30177,-0.31716,-0.33055999999999996,-0.32635,-0.3024,nan,-0.31113,-0.31549,-0.34125,nan,-0.34818000000000005,-0.36458,-0.40323000000000003,-0.38871999999999995,nan,-0.38259,-0.38366999999999996,-0.40767,-0.41676,nan,-0.41233000000000003,-0.43487,-0.42866000000000004,-0.43627,-0.4635,-0.46481000000000006,-0.4491,-0.46638,-0.48877,-0.47675,-0.47117,-0.48507,-0.4845,-0.49128999999999995,-0.50442,-0.4898,-0.49053,-0.50439,nan,-0.51358,-0.5173300000000001,-0.50421,-0.5133300000000001,-0.52483,-0.51847,-0.52035,-0.5301,-0.54492,-0.55752,-0.5565,-0.55452,-0.55542,-0.55712,nan,nan,-0.55079,nan,nan,-0.5718300000000001,-0.57367,-0.58806,-0.57927,-0.5737399999999999,nan,nan,-0.55161,nan,nan,-0.59392,nan,-0.62602,-0.62507,-0.61946,-0.60482,-0.60377,nan,-0.61553,-0.59075,nan,-0.60936,nan,-0.55607,nan,-0.62659,-0.64331,-0.6292,-0.61442,-0.60219,-0.59127,-0.5868399999999999,-0.59325,-0.6110399999999999,nan,-0.6225,-0.6270600000000001,-0.62607,-0.59639,-0.5891,-0.61329,nan,nan,nan,-0.61039,-0.62642,-0.61027,-0.61164,nan,nan,-0.59438,-0.6300399999999999,-0.6288600000000001,-0.61759,nan,-0.6261899999999999,-0.60801,-0.61163,-0.62793,-0.62735,-0.61065,-0.60778,nan,-0.64193,nan,-0.64642,nan,-0.6473399999999999,-0.6421100000000001,-0.6621600000000001,-0.66274,-0.64189,-0.6491899999999999,-0.67802,-0.6802699999999999,-0.66538,-0.65715,-0.6582,-0.66781,-0.67889,-0.67648,nan,-0.68023,-0.66961,-0.6591899999999999,nan,-0.6956,-0.6715300000000001,-0.65681,nan,-0.6753899999999999,-0.67785,nan,-0.69066,-0.6704399999999999,-0.65875,nan,nan,-0.6953699999999999,-0.68413,-0.65687,-0.66569,-0.69428,-0.68333,-0.67455,-0.69799,-0.69872,-0.67606,-0.6807,-0.6955,-0.69148,-0.70096,-0.71234,nan,-0.71354,nan,-0.71491,-0.74432,nan,nan,-0.7106899999999999,-0.71741,-0.70401,-0.71519,-0.73957,-0.7582300000000001,-0.7613800000000001,nan,-0.7562300000000001,-0.71948,-0.7172,-0.75959,-0.75043,-0.71025,-0.71409,-0.72754,-0.7181,-0.71062,-0.7267,nan,-0.73736,nan,nan,-0.72516,-0.72842,nan,-0.72188,nan,-0.73998,-0.69928,-0.69284,-0.72431,-0.72742,-0.71138,-0.71743,-0.7288600000000001,nan,-0.72592,-0.7269,-0.7269899999999999,-0.70272,nan,-0.71475,-0.74684,-0.69308,nan,-0.69863,-0.70927,nan,-0.73819,-0.71158,-0.7207,-0.72695,-0.70267,-0.6792100000000001,-0.65801,-0.66494,-0.67624,-0.6606,-0.66385,-0.67894,-0.67783,-0.67511,-0.67435,-0.6766800000000001,nan,-0.6280399999999999,-0.63366,-0.66014,-0.6462899999999999,-0.6421,nan,nan,-0.61406,nan,-0.62442,-0.6128,nan,nan,-0.5909800000000001,-0.59116,-0.5847100000000001,-0.56535,-0.53893,-0.56324,-0.59815,-0.56999,-0.53627,nan,-0.55007,-0.52293,-0.52841,nan,-0.49726000000000004,-0.4808,nan,-0.51273,-0.48872,-0.50641,-0.5293,-0.51651,-0.50434,nan,-0.47752,-0.47093999999999997,nan,-0.51468,-0.49195,-0.46989,-0.48528000000000004,-0.47358999999999996,-0.45221999999999996,-0.47918999999999995,-0.4886,nan,-0.45298999999999995,-0.45787,-0.4329,-0.41898,-0.4461,-0.46926999999999996,-0.46324,-0.45238999999999996,nan,nan,-0.44103000000000003,nan,-0.46326000000000006,-0.43871000000000004,-0.43545,nan,-0.41593,-0.39433,-0.40149,nan,-0.43956999999999996,nan,-0.41878000000000004,-0.42008,nan,-0.40166999999999997,-0.40244,-0.38858000000000004,-0.38472,-0.40084000000000003,nan,-0.37801999999999997,-0.38424,-0.38331,-0.38269000000000003,nan,-0.36677,nan,-0.3863,-0.35647,nan,-0.35373000000000004,-0.36206,-0.35057,-0.37212,-0.39038,-0.37813,-0.36737,-0.34499,-0.32168,-0.33539,-0.35034,-0.3417,-0.3596,nan,-0.33997,-0.29257,-0.3245,-0.35278000000000004,-0.3145,-0.29378000000000004,-0.31604,-0.31704,nan,-0.31518,-0.31513,-0.31301,-0.31008,-0.29463,-0.27942,-0.28324,-0.30307,nan,-0.30288000000000004,-0.28651,nan,-0.26573,-0.25033,nan,nan,-0.25772,-0.26657,-0.25877,-0.24677,-0.23565999999999998,-0.21816999999999998,nan,-0.26206999999999997,nan,-0.22404000000000002,-0.22882,-0.21264,-0.21486999999999998,-0.22696,-0.19962,-0.19117,nan,-0.22799,-0.20106,-0.18316,-0.17382999999999998,-0.17572000000000002,-0.18129,-0.16445,nan,-0.177,-0.15672,-0.13952,-0.15911,-0.15120999999999998,-0.12880999999999998,-0.12423,-0.1101,nan,-0.15914,-0.15837,nan,-0.11785,-0.11707999999999999,-0.061502999999999995,-0.063047,-0.10603,-0.085395,nan,-0.074554,-0.089539,nan,-0.068077,-0.070801,-0.052240999999999996,-0.051341,nan,-0.056232000000000004,-0.021459,nan,-0.042011,-0.037347000000000005,-0.039112,nan,-0.042254,nan,-0.0065041,-0.0045038000000000005,0.0042967,0.014481,-0.024508000000000002,nan,0.0023098000000000003,0.01384,0.018597,nan,-0.0040441,0.014646000000000001,-0.00026053,nan,0.010020000000000001,0.015213999999999998,-0.015451,0.00012469,0.030772000000000004,0.019561000000000002,0.019195,0.029872000000000003,0.0073235,-0.0018968,nan,0.028167,0.043916000000000004,0.044028,nan,0.018154,nan,0.040934,0.014518000000000001,0.026369,0.027636,nan,0.015706,0.010259,0.022174,nan,0.020355,0.052404,nan,nan,-0.030371,nan,0.012678,0.018287,0.040388,0.029119,nan,0.045189,nan,0.031498000000000005,0.036317,nan,0.022154,0.046594,0.039672000000000006,0.026436,0.031853,nan,0.056179999999999994,nan,0.029481999999999998,0.05008,nan,0.017945,nan,0.058472,0.012871,0.034437,0.07007999999999999,0.041231,0.036106,0.048276,0.017621,0.0379,0.08729400000000001,0.07145800000000001,0.062189,0.064399,0.046819,0.050245,0.03431,0.014234,0.042806,0.057998,0.042,0.048609,nan,0.00091368,0.0078373,0.046367,0.029965,nan,0.034772000000000004,nan,nan,0.020531999999999998,nan,0.0063781,0.027000000000000003,nan,0.016987000000000002,0.00026794,-0.00044517,-0.005075,-0.019868,-0.010621,nan,-0.036777,nan,-0.051276999999999996,-0.058869000000000005,-0.071345,-0.069892,-0.07359600000000001,-0.073268,-0.065549,nan,nan,-0.091549,nan,-0.10794000000000001,nan,-0.083375,nan,-0.10630999999999999,nan,-0.16449,-0.17665999999999998,-0.17795,-0.18091,-0.14859,-0.14936,-0.19532,-0.19660999999999998,-0.20054,-0.23365999999999998,nan,-0.21078000000000002,nan,-0.22988000000000003,-0.24358000000000002,-0.24291,-0.24683000000000002,-0.2471,-0.22868000000000002,nan,-0.24688000000000002,-0.25698000000000004,nan,-0.29002,-0.26425,-0.27998,nan,-0.31206999999999996,-0.31228,-0.33285,nan,-0.36566,-0.35122,-0.3484,-0.34779,nan,-0.3612,-0.36577,-0.38885,-0.41853,-0.39647,-0.3848,-0.41955,-0.42318,-0.41228000000000004,-0.42066000000000003,-0.43196,-0.45368,-0.47746000000000005,-0.48883000000000004,nan,-0.50502,-0.50126,nan,-0.50467,-0.49813999999999997,-0.50638,-0.53293,-0.54302,-0.53389,-0.53973,-0.56133,nan,-0.59015,nan,-0.58927,-0.5873,nan,-0.60268,-0.61392,-0.62944,-0.6428,-0.65771,-0.69433,-0.6896100000000001,-0.6570600000000001,nan,-0.68728,-0.6774,-0.7286,nan,-0.7093,-0.73917,-0.75255,-0.74152,-0.7659600000000001,-0.7901699999999999,-0.80555,-0.8144,-0.8145600000000001,-0.8247200000000001,nan,-0.81235,-0.8212,-0.86613,-0.8826,nan,-0.9095200000000001,-0.91443,nan,-0.91404,-0.9326,-0.93424,-0.93748,-0.94557,-0.9628,-0.96745,-0.95396,-0.94825,-0.95186,-0.9526399999999999,-0.96336,-0.9882299999999999,nan,nan,-1.0661,-1.0747,nan,-1.0745,-1.07,-1.0778,-1.0914,-1.099,-1.1272,-1.1419,-1.1271,-1.1234,nan,-1.1076,-1.1196,-1.1346,-1.1463,-1.1617,-1.161,-1.1542,-1.139,-1.1383,-1.1686,nan,-1.1626,-1.1992,-1.2158,-1.2114,nan,-1.2457,-1.2818,-1.2971,nan,-1.276,-1.3004,-1.2827,-1.2844,-1.3107,nan,-1.3256,nan,-1.3837,-1.3677,-1.3695,-1.4125,nan,-1.4212,-1.4188,-1.4534,-1.4702,-1.4663,-1.4813,-1.4839,-1.4881,-1.5165,-1.5094,-1.4861,-1.515,-1.5392,-1.5358,nan,-1.5761,nan,-1.5605,-1.5904,-1.5842,nan,-1.5979,-1.6375,-1.6422,-1.6441,-1.6615,nan,-1.6502,-1.6422,-1.6547,-1.6909,-1.7146,-1.6943,-1.6823,-1.7195,-1.7215,-1.6798,-1.6873,nan,-1.7282,nan,-1.7095,-1.7133,-1.7469,-1.7705,-1.7367,-1.7359,nan,-1.8002,-1.8015,-1.8172,-1.7756,-1.7614,nan,nan,-1.794,-1.8113,-1.8539,nan,-1.8295,-1.8371,-1.8512,nan,nan,-1.8634,-1.8461,-1.8824,-1.8939,-1.8687,-1.9004,-1.9272,nan,-1.9486,-1.9769,-1.9534,-1.9372,-1.9609,-1.9863,nan,-1.9880000000000002,nan,nan,nan,-2.0038,-1.9946,-1.9851,-2.0074,-2.02,-2.0215,nan,-2.0076,-1.9984,-2.0103,-2.0243,-2.0234,-2.0133,-1.9993,nan,-2.0308,-2.0367,nan,-2.02,-2.0269999999999997,-2.0109,-1.9888,-1.9931,nan,-2.0176,-2.0047,-2.0255,nan,-2.0214,-2.0164,-2.0359,-2.0340000000000003,-2.0079,-1.9955,-2.0192,-2.0419,-2.0277,-2.0111,nan,-2.0418,-2.0098,-2.0072,-2.0236,nan,nan,-1.9808,-1.9716,-1.969,-1.976,-1.9906,-1.99,nan,-1.9503,nan,-1.9387,-1.9266,-1.9058,nan,-1.8949,-1.8929,-1.8565,-1.8333,-1.8303,-1.8289,-1.8333,nan,nan,-1.8364,nan,-1.8357,-1.8289,-1.8311,-1.8177,-1.8145,-1.8086,nan,nan,-1.7571,-1.7421,-1.7305,-1.7287,-1.7211,-1.6919,nan,-1.6891,-1.6872,-1.6628,-1.6587,-1.6501,-1.6201,-1.5957,-1.5762,-1.5754,-1.5935,-1.5834,nan,-1.5137,-1.4894,-1.4857,-1.48,-1.4517,-1.4221,nan,nan,-1.3535,-1.3199,-1.3072,-1.2954,-1.2686,-1.2528,-1.2695,-1.2644,-1.2101,-1.1751,nan,-1.1273,-1.1252,-1.1142,-1.0892,-1.0784,-1.0483,-1.0115,-1.0064,-0.9856299999999999,-0.9518,nan,-0.9577200000000001,-0.9144399999999999,-0.8652200000000001,-0.8332700000000001,-0.7923,nan,-0.7600899999999999,-0.73416,nan,-0.63156,-0.5881,-0.57225,-0.56767,-0.54651,-0.50785,-0.44858000000000003,-0.38552,-0.36530999999999997,-0.35729,nan,-0.29341,-0.28017,nan,-0.17531,-0.14887999999999998,-0.095999,-0.07878500000000001,-0.048038,0.035264,nan,0.040603,0.11628,0.19987,0.21759,0.282,nan,0.32465,0.36554000000000003,0.4594,0.47818,0.49437,0.5482899999999999,0.56686,0.5907899999999999,0.66855,nan,0.7581,0.82563,0.85439,nan,0.9384100000000001,nan,1.0315,1.0722,1.1217,nan,1.1932,1.2201,1.2847,1.3366,1.3907,nan,1.4483,1.4959,nan,nan,1.6437,1.7343,1.7887,1.7934,1.8394,1.9006,1.9239,nan,2.0164,nan,nan,2.0735,2.1063,nan,2.1265,nan,2.1711,2.1846,2.1986,2.2352,2.2572,2.2243,2.1983,2.2283,2.2434,2.2202,2.2339,2.2564,2.2306,2.2299,2.2607,2.245,nan,2.2343,2.2569,2.2472,2.2236,2.2269,nan,nan,2.1944,2.1859,2.151,2.0951,2.0869,nan,2.0875,2.0843,2.0793,2.0521,2.0574,2.0641,2.0103,1.9641,1.9746,1.9769,nan,1.9395,1.9509999999999998,1.9428,1.9184,1.893,1.867,1.8432,1.8283,1.8239,1.8255,1.8251,1.8323,1.8503,nan,1.8112,1.8149,1.824,1.7934,nan,1.8043,1.8054,1.7893,nan,1.8029,nan,1.7786,nan,1.7843,nan,1.7902,1.7798,1.7559,1.7781,1.8053,nan,1.8076,1.7991,1.7812,1.774,1.7847,1.8044,1.8044,nan,1.7988,1.8159,nan,nan,1.7778,nan,1.8072,1.7948,nan,1.7938,1.8069,1.8005,1.7821,1.7928,nan,1.7932,1.797,1.8247,1.8156,1.8076,1.8295,1.8293,1.8031,1.7845,1.7906,1.8174,1.8319,1.821,nan,1.8067,1.8083,1.8074,1.8074,1.808,1.8076,1.8074,1.8077,1.8078,nan,1.8079,1.8012,nan,1.7742,1.7979,1.8209,1.8244,1.81,1.7912,nan,nan,1.7942,1.7913,1.8161,1.8088,1.7753,1.7916,1.8294,1.8146,1.7879,1.7971,nan,1.8058,1.8172,1.8241,1.7948,1.7618,1.7551,1.7345,1.6936,1.695,1.7324,1.7227,1.6784,1.6709,1.6662,1.639,1.6423,1.6536,1.6353,nan,1.6123,1.5979,nan,1.6051,1.5966,nan,1.6069,1.5774,nan,1.5829,1.5711,1.5667,nan,nan,nan,1.517,1.4954,nan,1.4617,1.4636,1.4631,1.4627,1.4644,nan,1.4509,1.4289,1.4049,1.3940000000000001,1.3962,nan,1.3536,nan,1.3889,1.3844,nan,1.3249,1.3261,1.3267,1.3396,1.3381,1.3114,1.288,1.2751,1.27,1.2734,1.2578,1.2266,1.2266,1.239,1.2248,1.2168,nan,1.2204,1.2186,1.2295,1.2411,1.2402,1.2194,1.192,1.1881,1.2021,1.1984,nan,1.1866,nan,1.1799,1.1688,1.1694,nan,1.168,1.1513,1.1346,1.1432,nan,1.1512,1.1645,nan,1.1504,1.1491,1.1581,1.1458,1.1196,1.1113,1.1377,1.1744,1.1751,1.1524,1.1594,1.1692,nan,nan,1.1686,1.1392,1.1183,1.121,1.1178,1.1179999999999999,1.1152,1.0946,1.0986,nan,1.1242,1.0992,1.1141,1.1189,1.0891,1.0828,1.1003,nan,nan,1.0824,nan,nan,1.0979,1.0667,1.0832,1.1021,1.0839,1.0833,1.0743,nan,1.0577,1.0861,1.0762,1.065,1.0799,1.0807,1.0609,1.0485,1.0475,1.0478,1.0292,0.99998,1.0081,nan,1.0483,1.0361,1.0317,nan,1.0191,nan,0.9980899999999999,0.9960399999999999,nan,nan,nan,0.9984799999999999,nan,0.9749700000000001,0.9617600000000001,0.9595299999999999,0.97536,0.97693,0.9633200000000001,0.96349,0.9594,0.94286,0.9303899999999999,0.9230299999999999,nan,0.96244,0.95624,0.9322,nan,0.92935,0.90991,nan,0.8761399999999999,0.87776,0.8748799999999999,0.87889,0.8771700000000001,0.8624799999999999,nan,nan,0.84134,0.8577,0.8839799999999999,0.87598,0.8624200000000001,0.85395,0.83734,0.82578,0.8257700000000001,0.8255399999999999,0.82499,0.82742,0.813,nan,0.78697,0.81394,0.78638,0.7531399999999999,0.76899,nan,0.74937,0.73816,0.7222,0.7337,0.7578699999999999,0.75534,0.75654,0.7476,0.7190000000000001,0.70655,0.6954100000000001,0.6833,0.67091,0.66171,0.68881,nan,nan,0.70223,nan,0.65168,0.65449,nan,0.61868,0.64947,0.63655,0.6136699999999999,0.6352,0.6278,0.60091,0.60519,0.61611,0.61134,0.5871,0.56383,nan,nan,0.5694899999999999,0.54701,nan,nan,0.5633699999999999,0.5656899999999999,0.5503899999999999,0.52387,0.53285,0.55928,0.57749,nan,0.56765,0.54227,0.52567,0.5120899999999999,0.49835,0.50246,0.52254,0.5313,0.5221899999999999,0.5051800000000001,nan,0.49646,0.49723999999999996,0.49811000000000005,0.49573999999999996,0.48483000000000004,0.4696,0.46024,0.46073000000000003,0.45638,0.43403,0.42901000000000006,0.44592,0.42473,0.3802,0.39064,0.42883999999999994,0.40938,0.37184,0.37394,0.38747,0.39701,0.39093,nan,0.38429,0.36641999999999997,nan,0.34148,nan,0.35624,0.3444,0.32642,0.30172,0.30635999999999997,0.31489,0.29511,0.29315,nan,0.32808000000000004,0.32299999999999995,0.32271,0.31287,0.30466,0.30956,0.30763,0.31325,0.33743,0.33881999999999995,0.31249,0.31109000000000003,0.32966999999999996,0.32331,0.30935999999999997,0.31340999999999997,nan,0.32541,nan,nan,0.28834,0.27308000000000004,0.28135,0.29056,nan,nan,0.25132,0.23467,0.23287,0.25254,nan,0.23624,nan,0.25525,0.23204,nan,0.22468000000000002,0.21858000000000002,0.22085,0.23674,0.23094,0.22119,0.23469,0.24233000000000002,nan,0.23776,0.24067,0.22546999999999998,nan,0.23606,nan,nan,0.22228,0.22207,0.21979,0.22376999999999997,0.22002,0.21849000000000002,0.23181999999999997,0.23615,0.22211999999999998,0.21868,0.2269,0.23785,0.24074,0.2252,nan,0.23621999999999999,0.22603,nan,0.23881999999999998,0.23788,0.23725,0.23721,nan,nan,0.23181,0.24458000000000002,0.27141,nan,0.23354,0.25778,0.27504,nan,0.23071999999999998,0.23504,0.26599,0.27478,nan,0.26108000000000003,0.22696,0.23114,0.25385,nan,0.22230999999999998,0.24022,0.22446999999999998,nan,nan,0.14934,0.12597,0.094681,0.08391900000000001,0.083094,0.06699,0.078593,0.10054,0.08695599999999999,0.080669,0.08307200000000001,0.064188,0.06091,0.078284,0.08244299999999999,nan,0.060568,nan,0.082585,0.081094,0.095874,0.096812,0.082742,0.086049,0.075757,0.065718,0.068216,0.050036000000000004,nan,nan,0.06941900000000001,0.074402,0.08191,0.065486,0.07960199999999999,0.078003,0.066049,nan,0.08831,0.062398,nan,nan,0.079702,0.08457999999999999,0.08515,nan,0.06263300000000001,nan,0.081318,nan,0.085609,0.097992,0.09332599999999999,0.08114299999999999,0.10146000000000001,nan,0.07030700000000001,0.077181,0.11537,nan,0.10602,0.11635999999999999,0.11260999999999999,0.1467,0.14005,0.098061,nan,0.1277,0.09536,0.11304000000000002,0.12245,0.11894,0.13537000000000002,nan,0.12805,0.11083,0.09802000000000001,0.12255999999999999,0.14227,0.13248,0.13251,0.13960999999999998,nan,0.13371,nan,nan,0.13471,nan,nan,nan,0.16624,0.15216,0.1672,nan,0.20226,0.20806999999999998,0.19446,0.18725999999999998,0.21523,0.22851999999999997,nan,0.22018000000000001,0.22441,0.21818,0.2238,0.22351,0.1978,0.18573,0.20506999999999997,nan,nan,0.23073000000000002,0.2196,0.24624000000000001,0.25406,0.23501,0.2482,0.27209,0.27081,0.2714,0.28764,0.28745,0.26727,0.26778,0.28668000000000005,0.25058,0.25878,nan,nan,0.31065,0.28185,0.19847
3.0,0.2469,-0.006714399999999999,0.094939,0.066585,0.045456,0.12372000000000001,0.073942,0.090406,0.097862,0.072465,0.078197,0.09121599999999999,nan,0.065433,nan,0.085256,0.071646,0.089009,0.082413,0.070284,0.072545,0.071128,0.07625,0.060222000000000005,0.05442,nan,0.014684000000000001,0.021588,0.036400999999999996,0.032852,nan,0.055738,0.043792000000000005,nan,0.034997,nan,nan,0.017950999999999998,0.010563,0.0099427,0.029566000000000002,0.025258000000000003,0.0043798000000000005,-0.0083411,0.0057393999999999995,0.038342,0.0079194,0.00085172,0.030493,0.012352,0.037058,nan,-0.014516,0.0048183,0.039452999999999995,0.015624,0.014722,nan,-0.0504,nan,-0.029613,-0.09514500000000001,-0.07170599999999999,-0.05956,-0.07356,-0.062899,-0.069839,-0.08488,nan,-0.10278,-0.083677,-0.088292,-0.09439,-0.073113,-0.11032,-0.14687999999999998,-0.11027,-0.11677,-0.12115999999999999,-0.10467,-0.10797999999999999,-0.07394400000000001,nan,-0.086401,-0.06676900000000001,nan,-0.094591,-0.074987,-0.066118,nan,-0.069582,-0.055090999999999994,-0.04355,-0.048623,-0.048595,-0.045284,-0.048817,-0.042898,-0.027831,-0.025117,-0.030035000000000003,-0.018078999999999998,-0.0066285,-0.025705000000000002,-0.034775,-0.007815,-0.014133000000000001,-0.026887,0.020977000000000003,nan,nan,nan,nan,0.067624,0.082938,0.057977999999999995,0.031363999999999996,0.065321,nan,0.061458000000000006,0.052499000000000004,0.070254,0.09319,0.076402,0.083235,0.11175,0.094099,0.085536,0.10091,0.11485,nan,0.09049,0.10507999999999999,0.1095,0.11465999999999998,0.14887,0.15052000000000001,0.16487000000000002,nan,0.15088,0.18734,0.1695,nan,0.19539,0.19088,0.18833,nan,nan,nan,0.19567,0.17652,0.16639,0.17482,0.20773000000000003,0.21594000000000002,0.20095,0.18267,0.1475,0.12912,nan,0.17885,0.16449,0.15032,0.16473,0.17532,0.16682,0.17062,0.17245,0.15202000000000002,0.1672,0.19438,0.18882000000000002,0.2035,0.21869,0.20442000000000002,0.21416,0.24554,0.26234,nan,0.28856,0.28886999999999996,0.33558000000000004,0.36951999999999996,nan,0.3694,0.36857,0.36851999999999996,0.36603,nan,0.32994,nan,0.33637,0.33595,0.34935,0.34701,0.3664,0.35619,0.32182,0.33132,0.3481,nan,0.35609,0.37199,0.36868,0.34063000000000004,nan,0.34073000000000003,0.3465,nan,0.35245,0.38023,nan,0.32937,0.32682,nan,nan,nan,0.31228,nan,0.26891,0.26438,nan,0.22662,nan,0.2547,0.24355,0.19449,0.18051,0.20849,0.20528000000000002,0.18902,0.20643000000000003,0.20839000000000002,0.16858,nan,nan,0.15513,0.13107,0.10920999999999999,0.10929000000000001,nan,0.1036,0.109,0.087262,0.08931,0.080971,0.06501799999999999,nan,0.089122,0.074603,0.061966,0.045045999999999996,0.058534,0.05204299999999999,0.009429799999999999,nan,0.064259,0.0062827,0.025036000000000003,nan,0.019587,0.010572,0.010004,0.015141,nan,-0.005815600000000001,-0.035687,-0.070559,-0.020733,-0.015519,-0.053959,-0.04867,-0.076801,-0.098731,nan,-0.094205,-0.10880999999999999,-0.075674,nan,nan,nan,-0.10749,nan,-0.08669199999999999,-0.11410999999999999,-0.14665999999999998,-0.14997,-0.14060999999999998,-0.15308,-0.16887,-0.18131,nan,-0.16129000000000002,-0.15385,-0.22495,-0.23931999999999998,-0.19923,-0.21827,-0.22441,-0.22030999999999998,-0.2558,-0.2135,-0.25831,-0.38576,-0.30283000000000004,-0.22391,nan,nan,-0.30515,-0.29107,nan,-0.30846,-0.30673,nan,-0.32185,-0.28841999999999995,-0.28908,-0.3232,nan,-0.33831,-0.31801999999999997,-0.32855999999999996,-0.36293000000000003,-0.34041,-0.33075,nan,nan,nan,-0.47593,nan,nan,-0.39824,-0.43358,-0.44795,-0.46789,-0.46583,-0.45595,nan,-0.47648999999999997,-0.48968,-0.5402600000000001,-0.52698,-0.5346,nan,nan,-0.55485,-0.56025,nan,-0.57122,nan,-0.55486,-0.58859,nan,-0.62488,-0.7501399999999999,-0.69991,nan,-0.63336,-0.64679,nan,-0.63126,-0.64382,-0.64346,-0.6398,-0.65359,-0.66684,-0.6847,-0.68437,-0.64662,-0.65395,nan,-0.68048,-0.66362,-0.66098,-0.66152,nan,-0.68055,nan,-0.68153,-0.65318,-0.64241,-0.65485,-0.69868,-0.67652,-0.64015,nan,-0.68928,nan,-0.6645800000000001,-0.66179,-0.66051,-0.6779,-0.67577,-0.68681,-0.70295,-0.68094,-0.70038,-0.72314,-0.69672,-0.68204,-0.67806,-0.68812,-0.70298,-0.7026399999999999,-0.7018399999999999,-0.68947,nan,-0.68391,-0.70095,nan,-0.6947800000000001,-0.70741,-0.7226100000000001,nan,nan,-0.70139,-0.70094,nan,-0.69882,-0.70891,-0.72445,-0.72136,nan,nan,nan,-0.7219800000000001,-0.7228399999999999,-0.72435,-0.70021,nan,-0.68419,nan,nan,-0.69948,-0.70094,nan,nan,-0.69992,-0.6999,-0.7017899999999999,nan,-0.69995,-0.70003,-0.70023,nan,-0.71587,-0.72752,-0.7089,nan,-0.7218,-0.70844,-0.69499,-0.70257,-0.70231,nan,-0.70096,-0.69528,-0.67776,-0.69852,-0.73098,nan,nan,-0.70125,-0.64925,-0.66461,nan,-0.7174,-0.7223,-0.71292,-0.6776800000000001,-0.68982,-0.7006,nan,-0.69438,-0.6941,-0.6786800000000001,-0.6826300000000001,-0.6634,-0.68458,-0.7369899999999999,-0.7156100000000001,nan,-0.72732,-0.6833600000000001,-0.6389,-0.68312,nan,-0.6685300000000001,nan,-0.69906,-0.68199,-0.69245,-0.7048,nan,-0.68174,-0.67774,-0.68721,-0.66278,-0.64236,-0.66233,-0.66251,-0.6686,-0.68058,-0.6622100000000001,-0.65864,-0.67715,nan,-0.65993,nan,nan,nan,-0.64342,-0.66547,-0.66618,-0.64505,-0.64167,-0.6392899999999999,-0.62389,-0.61932,nan,-0.6189100000000001,-0.62353,-0.62376,-0.61653,nan,-0.6421100000000001,-0.64408,-0.6471100000000001,nan,-0.5753,-0.60898,nan,-0.6015,nan,-0.6178100000000001,-0.58381,nan,nan,nan,nan,-0.6020399999999999,nan,-0.54409,nan,-0.60112,-0.54861,-0.55923,nan,-0.5533100000000001,-0.54268,-0.56293,-0.54473,-0.5111399999999999,nan,nan,-0.49123,-0.47748999999999997,-0.48701000000000005,-0.4861,-0.46311,-0.47468,nan,nan,-0.46465,-0.44143000000000004,-0.41194,-0.43328,-0.44506,-0.42541999999999996,-0.42828999999999995,-0.41335,-0.40802,-0.44155,nan,-0.41508999999999996,-0.39459,-0.36537,-0.37833,nan,-0.38186,-0.3844,-0.38394,-0.4115,nan,nan,-0.36545,-0.38077,-0.38608000000000003,-0.38185,-0.38497,-0.38550999999999996,nan,-0.37495,-0.35875999999999997,-0.36656,nan,-0.37505,-0.35425,-0.36978,-0.36719,-0.32556999999999997,nan,-0.36336,-0.3678,-0.40364,-0.37961999999999996,-0.35886,nan,-0.32736,-0.34867,nan,-0.34767,-0.34753,nan,-0.33771,nan,-0.32739,nan,-0.32488,nan,nan,-0.34557,-0.33035,nan,nan,-0.31504,-0.32642,-0.30764,-0.30377,nan,-0.30822,-0.32608000000000004,-0.31299,-0.29795,-0.3067,nan,-0.26026,-0.29485,-0.29744,-0.28600000000000003,-0.30593000000000004,-0.30269,-0.31853000000000004,-0.31604,-0.28444,-0.30156,-0.2986,-0.2737,-0.29164,-0.30678,-0.29086,-0.2709,-0.26114,-0.26671999999999996,-0.28305,-0.28886999999999996,-0.27296,nan,-0.28663,-0.29124,-0.25871,-0.24281999999999998,-0.24674000000000001,-0.2461,-0.25966999999999996,nan,-0.24169000000000002,-0.24811,-0.24944000000000002,nan,nan,-0.25209000000000004,-0.26629,-0.2488,-0.25132,-0.26605,nan,-0.22471,-0.23967,-0.24141999999999997,nan,-0.22635999999999998,nan,nan,-0.20448,-0.20638,-0.20426,-0.21928000000000003,nan,-0.20089,nan,-0.2366,-0.2537,nan,nan,-0.22885999999999998,-0.2076,-0.20913,-0.19672,nan,nan,-0.2107,-0.20324,-0.20518000000000003,-0.18753,-0.19372999999999999,-0.21786999999999998,-0.22546999999999998,-0.20640999999999998,-0.18273,-0.20232,-0.19469,-0.18955,-0.22564,-0.2014,-0.17431,-0.18964,-0.18607,nan,-0.18703,nan,-0.18667999999999998,-0.18692,-0.1826,-0.18916,-0.17526,-0.14647000000000002,-0.1599,-0.18717,nan,-0.16992000000000002,-0.18677,-0.15934,-0.13389,-0.15819,-0.16641,-0.14789000000000002,-0.15748,-0.17027,-0.16558,-0.16864,-0.1543,-0.13562000000000002,-0.15954000000000002,-0.1643,-0.12937,-0.13633,nan,-0.14583,-0.14827,-0.13113,nan,nan,-0.11309000000000001,-0.14767,-0.11782999999999999,nan,-0.13182,-0.12722,-0.11122,-0.08824,-0.09864400000000001,-0.13042,-0.12821,nan,nan,-0.12902,nan,-0.09202,-0.093695,nan,-0.10282999999999999,-0.089664,nan,-0.13442,-0.13914,-0.10459,-0.10479000000000001,-0.09907,-0.077891,-0.094542,-0.1078,-0.1007,nan,-0.14367,-0.10005,-0.06868300000000001,nan,-0.098044,-0.10645999999999999,nan,-0.10800000000000001,-0.09395099999999999,-0.088145,-0.11085,-0.12721,-0.11375999999999999,-0.10314000000000001,-0.1405,nan,-0.09302200000000001,-0.10535,-0.12867,-0.10136,nan,-0.13495,-0.15619,-0.13295,-0.1073,-0.12432,-0.11542999999999999,-0.10586,-0.13162000000000001,-0.12908,-0.10793,nan,-0.10447000000000001,-0.10797000000000001,-0.12312999999999999,-0.14038,-0.14520999999999998,nan,nan,-0.11425,-0.13589,-0.11510999999999999,-0.10792,nan,-0.11838,nan,-0.11753,-0.14841,nan,-0.13482,-0.14282999999999998,-0.10005,-0.10112,-0.13371,-0.102,nan,-0.16834000000000002,nan,-0.11987,-0.15522,nan,-0.14875,-0.11706,-0.10747000000000001,-0.12914,-0.10602,-0.11539,-0.15345999999999999,-0.1245,-0.10865999999999999,-0.12788,nan,-0.13068,-0.1747,-0.14407,-0.12407,-0.14119,-0.14652,-0.14706,-0.14832,-0.13322,-0.1172,nan,-0.14639000000000002,-0.12805999999999998,-0.12837,-0.11392999999999999,nan,-0.1479,-0.15082,-0.1416,-0.14861,-0.14672000000000002,nan,-0.14732,-0.14393,-0.14954,-0.16891,-0.17144,-0.15004,-0.15085,-0.16947,-0.16858,-0.16547,-0.16605,nan,-0.18766,-0.20364000000000002,nan,-0.20318,-0.2077,-0.22525,-0.24289000000000002,-0.24047,-0.21563000000000002,nan,-0.23849,-0.25718,nan,-0.233,-0.26553000000000004,-0.24903000000000003,-0.25894,nan,-0.30645,nan,-0.29944,-0.31719,-0.32019000000000003,nan,-0.29598,nan,-0.30230999999999997,nan,nan,nan,-0.28046,-0.31573,-0.32711,nan,-0.3505,-0.35849000000000003,-0.31944,nan,-0.32034,-0.32056999999999997,-0.29746999999999996,-0.30779,-0.3409,-0.33921,-0.35413,-0.36122,-0.34378000000000003,-0.37417,nan,-0.3914,-0.40491,nan,nan,-0.40660999999999997,-0.39069,nan,-0.44482,-0.40779,-0.43543999999999994,-0.44437,-0.45866999999999997,-0.47952,-0.48311000000000004,-0.48368999999999995,-0.48533000000000004,-0.48331,-0.48795,-0.5173,-0.5452199999999999,nan,-0.5394899999999999,-0.54727,-0.57116,-0.60335,-0.57895,-0.5383,nan,nan,-0.603,-0.6476,-0.69875,-0.67001,-0.6835,-0.71885,-0.7112,-0.69129,-0.68004,-0.6979,-0.73631,-0.73101,nan,-0.74405,-0.75636,nan,nan,nan,nan,-0.8424200000000001,-0.8458899999999999,-0.8620899999999999,nan,-0.8605,-0.846,-0.84514,-0.8933399999999999,-0.93929,-0.93116,nan,-0.91054,-0.94109,-0.9389799999999999,-0.9486399999999999,-0.9657600000000001,-0.9860899999999999,-1.0214,-1.035,-1.0474,-1.0579,-1.0346,nan,-1.0716,nan,nan,-1.1399,-1.1259,-1.1001,-1.099,nan,-1.1581,nan,-1.1409,nan,-1.1595,-1.1725,-1.183,-1.1741,-1.2049,-1.2197,-1.2031,-1.256,-1.2627,-1.2175,-1.2632,-1.2869,-1.2656,-1.2792,-1.278,-1.2705,nan,nan,-1.3128,nan,-1.3118,nan,-1.3314,nan,-1.3219999999999998,-1.3775,-1.3829,-1.3337,-1.3655,-1.4141,-1.4031,-1.3944,-1.3976,-1.4198,-1.4723,-1.4556,-1.4398,nan,-1.4448,-1.4507,-1.5064,-1.4958,-1.4753,-1.4713,-1.4797,-1.4966,-1.4957,-1.5176,-1.5444,nan,-1.5185,-1.5507,-1.5493,-1.567,-1.5973,-1.5958,-1.6079,-1.6089,-1.6214,-1.6559,nan,nan,-1.6704,-1.6681,-1.6551,-1.6678,-1.6805,-1.7006,nan,-1.6694,-1.7276,-1.7529,nan,-1.7348,-1.7302,nan,-1.7781,-1.7730000000000001,-1.7883,-1.8183,-1.8403,-1.8192,-1.7935,-1.8216,-1.8466,-1.8530000000000002,-1.8501,-1.8339,-1.8319,-1.8243,-1.8435,-1.8945,-1.8946,-1.8848,-1.8887,-1.8642,-1.869,-1.9194,nan,-1.9014,-1.8915,-1.8879,-1.9148,nan,-1.9309,-1.9508,nan,-1.9037,-1.9289,-1.9725,-1.9538,nan,-1.9429,-1.9282,-1.9337,-1.9414,nan,-1.9875,nan,-1.9867,nan,-1.9709999999999999,nan,nan,-1.9725,-1.9696,-1.9598,nan,-1.9878,-1.9958,-1.9775,nan,-1.9515,-1.9634,nan,-1.9848,-1.9662,nan,-1.9902,nan,-1.9744,-1.9913,-1.9568,-1.9411,-1.9559,-1.9736,-1.9732,-1.9456,-1.9733,-1.9822,-1.9492,-1.9657,nan,-1.9661,-1.9694,-1.9721,-1.9743,-1.9486,-1.9648,-2.0141,-1.9796,-1.942,-1.9627,-1.9658,-1.9521,-1.9491,-1.9409,nan,-1.91,nan,-1.8837,-1.8978,-1.8782,nan,-1.8683,-1.8587,-1.8531,-1.8723,nan,-1.8336,-1.828,-1.8335,-1.8323,-1.7977,-1.7830000000000001,-1.7985,-1.814,-1.8144,-1.7843,nan,-1.7217,-1.7135,-1.7137,nan,-1.7231,-1.7279,-1.6968,-1.6778,-1.6576,-1.6534,-1.6524,-1.649,-1.6895,-1.6638,-1.6012,-1.6149,-1.6043,-1.5745,nan,-1.5243,nan,-1.4869,-1.4894,nan,-1.4767,-1.4506,-1.3977,nan,nan,-1.321,-1.3338,-1.3691,-1.3089,nan,-1.2990000000000002,-1.2571,-1.2347,-1.2611,-1.2592,-1.2594,-1.2316,-1.178,-1.1584,-1.1569,-1.1536,-1.1103,nan,-1.1203,-1.0549,nan,-1.0284,-0.97445,-0.95891,-0.94268,-0.8875200000000001,-0.85145,-0.82314,-0.80024,-0.7984399999999999,-0.75185,nan,-0.70097,-0.6824899999999999,-0.63064,nan,-0.58512,-0.57545,-0.51139,nan,-0.45797,-0.40962,-0.39043,nan,nan,-0.32721,-0.29986,-0.23955,-0.22019,nan,-0.15154,-0.10705,-0.044976999999999996,0.0087694,0.032792,0.06596,0.086078,0.10597999999999999,nan,0.22744,0.27123,0.32902,0.35314,0.37246,nan,0.44721000000000005,0.5121399999999999,0.57803,0.5865600000000001,0.63142,0.66423,nan,nan,0.82132,0.84351,nan,0.9793700000000001,1.0035,1.0452,1.1117,1.1639,1.2084,1.2557,1.3044,1.3415,1.3682,1.4011,1.4612,1.5247,1.5447,1.5937,1.6732,1.7031,1.7615,1.8388,1.8772,nan,nan,1.9365,2.0103,2.0338,2.0273,2.0554,2.0836,2.1163,2.1366,2.1016,2.1109,2.1635,2.1733,2.1875,2.1984,2.194,nan,2.2328,2.2202,2.2074,2.2153,2.2119,nan,2.2036,2.2146,2.2113,nan,2.1636,2.1461,2.1209,2.0729,nan,2.0806,2.0679,2.0784,2.0949,2.0687,2.0339,2.0045,1.9729,1.9571,1.9437,1.9259,nan,nan,nan,1.8545,1.8116,1.8379,nan,1.8,1.7856,1.7502,1.7558,1.7677,1.7214,1.692,1.6959,1.6806,1.6767,1.6742,1.6515,1.6371,nan,nan,1.6647,1.6366,1.6554,1.6502,1.6241,1.6164,nan,1.6191,1.6123,1.6285,1.6346,1.6012,1.6061,1.6268,1.6094,nan,1.6139,1.6209,1.6146,1.619,1.6181,1.601,1.6069,1.6181,1.5967,1.5935,1.6268,1.6406,1.6374,1.6375,1.6232,1.6132,nan,1.6165,1.631,1.662,1.6387,1.6175,nan,nan,1.6414,1.6261,1.598,1.6306,nan,nan,nan,nan,1.6176,1.6314,1.6321,nan,nan,1.6366,1.6491,1.6548,1.6371,1.6556,1.6398,1.6106,1.6466,1.6599,1.6244,nan,1.6421,1.6368,1.6512,1.6705,1.6359,1.6192,1.6371,nan,1.6238,1.6443,nan,1.6632,nan,1.6280000000000001,1.6318,1.5985,1.6414,1.663,1.6214,1.6192,1.6365,1.6296,1.6017,1.6059,nan,1.6255,1.6086,1.6285,1.6363,1.619,nan,1.6209,1.6147,1.6172,1.636,1.6295,nan,1.6208,1.6369999999999998,nan,1.6046,1.5994,1.5983,1.5968,1.6130000000000002,1.6106,1.5696,1.5566,1.5902,1.5988,nan,1.5366,nan,1.5405,1.5357,1.5414,1.5576,1.5488,1.5139,nan,1.5001,nan,1.5267,1.4976,1.4801,1.4988,1.5009,1.4946,1.4642,1.4635,1.4998,1.4597,1.4363,1.4648,1.4372,nan,nan,1.3727,1.3841,1.4005,1.3831,1.3885,1.3999,1.3783,1.3765,1.3925,1.4058,1.3956,1.3792,1.3845,1.3642,1.3668,1.3783,1.358,1.389,1.3871,1.3319,nan,1.3588,1.3608,1.3557,1.3397,1.3403,nan,1.3426,1.3398,1.3403,1.3468,1.3172,1.2978,1.3006,nan,1.3472,1.3155,1.3104,1.3589,nan,1.2853,nan,1.3201,1.3204,1.3107,nan,1.3094,1.3199,1.3027,1.3029,1.2921,1.2821,nan,1.329,1.3072,1.3006,1.3,nan,1.311,1.3289,1.3141,1.2809,1.2779,1.2827,1.2799,1.2795,1.2651,1.2644,1.3011,1.2916,1.2612,1.2924,1.2967,1.2751,1.2808,1.2798,nan,1.3054,1.2975,1.2796,1.274,1.3017,1.286,nan,1.2971,1.2926,nan,1.2834,1.2795,1.2796,1.2807,1.2819,1.2788,1.2784,1.2989,1.2923,1.2788,1.2795,nan,1.2978,nan,1.2577,1.2608,nan,1.2624,1.2611,1.2623,1.2656,1.2342,1.2233,1.2462,1.2416,1.2392,nan,1.2068,nan,nan,1.2312,1.219,1.2199,1.2005,1.199,1.203,nan,1.2241,nan,1.2037,1.2044,1.196,1.18,1.1838,1.1588,1.1411,1.1677,nan,nan,nan,nan,1.1414,1.1406,1.1479,1.1314,1.1243,1.1418,1.1166,1.0867,nan,1.0833,1.0991,nan,1.075,nan,1.1017,1.0726,1.0587,1.0634,nan,1.0217,1.0267,nan,1.0299,nan,nan,1.0119,1.0246,1.0231,1.0259,0.98059,0.96472,nan,0.98293,nan,0.9741799999999999,0.96145,nan,0.9454,0.93014,0.91571,0.9046,nan,0.93195,0.89555,0.892,nan,nan,0.8919299999999999,nan,nan,nan,0.88092,0.86074,0.79928,0.8164100000000001,0.86254,0.8428200000000001,0.79779,nan,0.8071,nan,nan,0.77155,0.78489,0.76426,0.76318,nan,nan,0.74767,0.74875,0.73006,0.7278600000000001,0.7238600000000001,0.7249800000000001,0.7468899999999999,0.72733,0.69553,0.68434,0.70009,0.7352,nan,0.6460899999999999,nan,nan,0.6845,nan,nan,0.6672,nan,nan,0.6412899999999999,0.6260100000000001,0.64498,0.63688,0.62557,0.62429,0.60593,0.61964,nan,0.62598,0.62546,0.6097,0.6019800000000001,0.61562,nan,0.62633,0.59919,0.57307,nan,0.54394,0.54219,0.5725100000000001,0.54572,0.53347,0.5865199999999999,0.58099,nan,0.55209,0.54452,0.5279,0.52669,nan,0.49806999999999996,0.48768,0.5059100000000001,nan,0.51794,nan,0.49055,nan,0.48288000000000003,0.46688999999999997,0.489,0.49458,0.46937,nan,0.48708999999999997,0.46821,0.47984,nan,0.48141000000000006,0.46716,0.46893999999999997,0.45081000000000004,0.40744,nan,0.44732,0.41808,0.40978000000000003,0.40266,0.38985,0.42407,0.41152,0.36875,0.3418,0.32876,0.36086,nan,0.37006999999999995,0.36614,0.34762,0.37545,0.38745,0.33066,0.30882,nan,nan,0.3266,nan,nan,0.31427,0.28134000000000003,0.32736,nan,0.28939000000000004,0.30998000000000003,0.29039,0.24574000000000001,0.2667,0.26048000000000004,0.24241,0.25311999999999996,nan,0.24765,0.25178,0.24577,0.22396999999999997,0.19032000000000002,0.19802,0.23278000000000001,0.22205999999999998,nan,nan,0.21350999999999998,0.17424,0.2299,0.21231999999999998,0.14462,0.22296,0.07088799999999999
3.0,0.21665,-0.022654,0.12759,nan,0.0078043999999999995,0.10116,0.0343,0.038123000000000004,0.0767,0.083872,0.075463,0.084512,0.10087,0.099377,0.11558,0.11588,0.077692,0.075275,0.099399,0.10141,nan,0.11936,0.11235999999999999,0.085716,0.08567899999999999,0.10202,0.10297,0.10053,0.10518,0.10032,nan,0.1057,0.095237,0.11690999999999999,0.14147,0.10868,0.082022,0.08268099999999999,0.08180499999999999,0.10015,0.12092,0.11894,0.12925999999999999,nan,0.12364000000000001,nan,0.13011,0.11292,0.10075,nan,0.10757,0.11295999999999999,0.14477,nan,0.10165,0.11039000000000002,0.12784,0.14138,0.14251,nan,0.14110999999999999,0.1447,0.16153,0.16519,0.16417,0.16305999999999998,0.16316,0.18065,0.198,0.20926,0.20025,nan,0.24004,0.24011999999999997,0.22399000000000002,0.24891,0.26674000000000003,nan,0.26450999999999997,0.23849,0.22346999999999997,0.24211,nan,0.25021,0.26932,0.26908000000000004,0.26091,0.28772,nan,0.28474,nan,0.27337,nan,nan,nan,0.29120999999999997,0.301,0.33923000000000003,0.34923000000000004,0.35315,0.33396,nan,0.34779,nan,0.3129,0.35771,0.3756,nan,nan,0.4022,0.38168,0.36935999999999997,0.36944,0.39986,0.42423999999999995,0.39758000000000004,0.37005,0.38633,0.39605,0.38609,0.39646,0.43073,0.442,0.40553,0.39039,0.38854,nan,0.42491999999999996,0.42595,0.41341999999999995,0.43151000000000006,0.43131,0.4421,0.41688000000000003,0.4181,0.45653,0.39088,nan,0.43935,0.40993,0.44093000000000004,0.46735,nan,0.45683999999999997,0.45493,0.43875,0.42418999999999996,nan,0.41172,0.43148000000000003,0.42477,0.40098,0.39033,nan,0.42151000000000005,0.38964,nan,0.43056000000000005,0.37883,0.38387,0.43628999999999996,nan,0.3902,0.38437,0.41534,0.43591,nan,0.389,0.39742,nan,0.34867,0.36973,0.38966,0.39176,0.38805,0.36738000000000004,0.35049,0.34949,0.35665,0.37985,nan,0.35918,nan,0.35888000000000003,0.34459,nan,0.34859,nan,0.32916,0.32704,0.30779,0.32422,0.31881,nan,0.28475,0.2869,nan,0.30822,nan,0.28209,0.30463,0.30438000000000004,0.28064,0.26631,0.26887,0.26507,0.27421999999999996,0.28622,0.28565,0.29119,0.27184,nan,0.26521999999999996,nan,nan,0.27807,nan,0.24948,0.22648000000000001,0.23945,0.27764,0.28504,0.28458,nan,0.24605,0.22705999999999998,0.26388,0.25943,0.23803000000000002,0.25211999999999996,0.24401,0.22513000000000002,0.23722,0.25146999999999997,0.24316,0.22536,0.22128,nan,0.21128000000000002,nan,0.15811,0.18159,0.18564,0.18492999999999998,0.18387,0.17092000000000002,nan,0.17026,0.15974000000000002,0.13996,0.16328,nan,0.12168,0.16104000000000002,nan,0.11662,0.13507,nan,0.1036,0.11292,0.12508,0.12137,0.11945,nan,0.11304000000000002,0.11997999999999999,nan,0.10067999999999999,0.09207,0.072662,nan,0.10037,nan,0.07923,0.082587,0.080238,0.07997,0.07910299999999999,0.092557,0.10027,nan,0.031507,0.08292100000000001,0.09959,nan,0.036055000000000004,0.046156,0.020541999999999998,0.031365,0.058835000000000005,nan,-0.0012412,nan,nan,nan,-0.012711,nan,-0.035788,-0.024697999999999998,-0.042901999999999996,-0.042851,-0.05653300000000001,-0.090258,-0.06766799999999999,-0.03953,nan,-0.054732,-0.047771,nan,-0.084209,-0.094262,nan,-0.066631,nan,-0.096827,nan,-0.044704,nan,-0.080855,-0.085539,-0.08281799999999999,-0.08644099999999999,-0.087256,-0.07700599999999999,-0.09722,nan,-0.08543099999999999,nan,-0.085632,nan,-0.11067,-0.12815,nan,-0.12162,-0.10172,-0.10639000000000001,nan,-0.12542999999999999,-0.13113,-0.15047,-0.13427999999999998,-0.10199,-0.12353,-0.14997,-0.12919,-0.134,-0.18039000000000002,-0.1808,nan,-0.18732000000000001,-0.18897,-0.18955,nan,-0.16915,-0.18373,-0.18975,-0.19125999999999999,-0.21416999999999997,-0.23063000000000003,-0.23529,nan,-0.21313000000000001,-0.2328,-0.21554,-0.20301,nan,-0.23401,-0.23348000000000002,nan,-0.24806,-0.23849,-0.21094000000000002,-0.22910999999999998,-0.21819000000000002,-0.2123,nan,-0.21281999999999998,-0.20298,-0.22300999999999999,-0.23169,-0.23184000000000002,-0.23037,-0.24229,nan,nan,nan,-0.22808,-0.22762,-0.24073000000000003,nan,-0.256,-0.24846999999999997,-0.29956,-0.27459,-0.23293000000000003,-0.26849,-0.23879,nan,-0.25853000000000004,-0.27271999999999996,nan,-0.30541,-0.31528,-0.31509000000000004,-0.29573,-0.29100000000000004,-0.28647,-0.27014,-0.29038,-0.3037,-0.26696,-0.28823000000000004,-0.33494,nan,-0.32491,-0.32595,-0.31536,-0.3342,-0.31554,-0.3307,-0.35516,-0.33261999999999997,-0.34828000000000003,-0.3624,-0.34038,-0.33264,nan,-0.33154,-0.34007,nan,-0.35194000000000003,-0.33223,nan,nan,-0.37023,nan,-0.33614,nan,nan,-0.37411,-0.35543,-0.37535,-0.41794,-0.40798,-0.37671,nan,-0.36591999999999997,-0.34584000000000004,nan,-0.3765,-0.36089,-0.3483,nan,-0.35509,-0.35094000000000003,-0.36955,-0.36903,-0.35273000000000004,-0.37366,nan,-0.41408999999999996,-0.38422,-0.37736,-0.38023,-0.34389000000000003,nan,-0.35913,-0.37596999999999997,-0.39489,nan,-0.37658,-0.39898,nan,-0.35391,-0.35591,-0.35136,-0.35559,-0.37398000000000003,-0.36386,-0.35061,-0.35505,-0.35397,nan,nan,-0.37509000000000003,nan,-0.35839,-0.3496,-0.35822,-0.37961,-0.37961999999999996,-0.3505,-0.37064,-0.36579,-0.35693,-0.39663000000000004,-0.36471,-0.36796999999999996,-0.39344,-0.33694,-0.35675,-0.37161,nan,-0.33812,nan,-0.36041999999999996,-0.35199,-0.3526,-0.33519,-0.34163000000000004,nan,nan,-0.3381,-0.37746999999999997,nan,-0.31929,nan,-0.33557,-0.32485,-0.34831,-0.35361,-0.35491999999999996,-0.35448,-0.35497,-0.34983000000000003,-0.35753,nan,nan,nan,-0.36977,nan,-0.33887,-0.30948000000000003,-0.33139,nan,nan,-0.38338,-0.33219,nan,-0.36035,-0.35702,-0.34944000000000003,nan,-0.35111,-0.35628000000000004,-0.37243000000000004,-0.3706,-0.33365,-0.34081,-0.37663,-0.34481,-0.33183,-0.36323,-0.35258,-0.33252,nan,nan,-0.35314,-0.35559,nan,-0.34375,-0.32403000000000004,-0.31461999999999996,-0.32918000000000003,-0.35115999999999997,-0.34676,-0.32715,nan,-0.33825,-0.38321,-0.34897,-0.31623,nan,-0.3721,-0.33305999999999997,-0.33529000000000003,-0.3344,-0.32979,-0.34521,nan,-0.35381,-0.35467,-0.35605,-0.34362,-0.32876,-0.33513000000000004,-0.35076,nan,-0.38059,-0.37085999999999997,-0.35516,-0.37034,-0.36826,-0.34817,-0.35643,-0.35731,-0.33846,-0.32936,-0.33414,-0.33466999999999997,-0.33065,-0.33564,nan,-0.31485,-0.32974000000000003,-0.34703,-0.35811,-0.34733,nan,-0.32134,-0.3545,nan,-0.31377,-0.34713,-0.38176,-0.34633,-0.30809000000000003,nan,-0.37114,nan,-0.3713,nan,nan,nan,-0.33883,-0.30606,-0.31613,-0.31824,-0.29631,-0.2952,nan,-0.33388,-0.3322,nan,-0.30174,nan,-0.32858000000000004,-0.32666,-0.30064,nan,nan,-0.30873,-0.31413,-0.31606,nan,nan,-0.28981999999999997,-0.30354000000000003,nan,nan,-0.34862,-0.33843,-0.30266,-0.31811,-0.33337,-0.33191,-0.32831,-0.3055,-0.29449000000000003,-0.32242,-0.34351,-0.31545,-0.29169,-0.29339,-0.29015,-0.30039,-0.31639,-0.31525,-0.31296,nan,-0.31193000000000004,nan,-0.31515,-0.3131,-0.3073,-0.28401,nan,-0.33174000000000003,-0.31835,nan,-0.33077,nan,-0.2993,-0.33273,-0.32564,-0.3146,nan,-0.31235999999999997,-0.31382,nan,-0.31493000000000004,nan,-0.36501999999999996,nan,nan,-0.3147,-0.30969,-0.32350999999999996,-0.33029000000000003,-0.31567,-0.34143,-0.36664,nan,-0.31354,-0.3153,-0.29884,-0.29262,nan,nan,-0.3143,nan,-0.32991,-0.31196999999999997,nan,-0.3571,nan,-0.31,-0.3154,-0.31293000000000004,-0.32358000000000003,-0.33854,nan,-0.35824,-0.30388000000000004,-0.29538000000000003,-0.31786,-0.31499,-0.32933,-0.33666,-0.32489,nan,nan,-0.348,-0.34071999999999997,-0.29778000000000004,-0.29558,-0.32716999999999996,-0.3538,-0.33916,-0.30746999999999997,-0.31522,-0.33196,-0.32893,-0.33953,-0.35516,-0.33745,-0.31578,-0.31211,-0.31389,-0.31558,nan,nan,-0.31095,nan,nan,nan,nan,-0.32299,-0.33379000000000003,-0.31329,-0.32779,-0.32439,-0.31575,-0.33378,-0.32806,-0.34986999999999996,-0.34155,-0.31604,-0.36648000000000003,-0.37085,-0.34489000000000003,-0.35557,nan,-0.31456,nan,nan,-0.33545,-0.33571,-0.31842,nan,-0.34293,nan,-0.36358,-0.33474,-0.33710999999999997,nan,nan,-0.33788,-0.33344,-0.36407,-0.37717,-0.34105,-0.3256,-0.33902,-0.35731999999999997,-0.35791,-0.32256999999999997,-0.31519,-0.3377,-0.33421999999999996,nan,nan,-0.36239,nan,-0.37727,nan,-0.29688000000000003,nan,-0.35623,-0.35591999999999996,nan,nan,-0.3397,nan,-0.36657,-0.33228,nan,nan,nan,-0.35999000000000003,-0.33361,-0.31548000000000004,nan,-0.36012,-0.34509,-0.36319,-0.37533,-0.34098,-0.31553000000000003,nan,-0.39342,nan,-0.35100000000000003,-0.35325,nan,-0.37731,-0.37574,-0.38848,-0.39818000000000003,-0.39633,-0.39805999999999997,-0.37765,nan,nan,-0.43263999999999997,-0.41741999999999996,-0.44675,-0.46046000000000004,-0.45976999999999996,-0.48161000000000004,nan,nan,-0.44661000000000006,-0.45788,-0.45853,-0.46478,nan,-0.45271000000000006,nan,-0.49993999999999994,nan,-0.50169,-0.48141000000000006,-0.5201,-0.51882,-0.53893,-0.56292,nan,nan,-0.5705,-0.5471,-0.54076,-0.5427,-0.5528,-0.5806899999999999,-0.57398,-0.5643199999999999,-0.59836,-0.6086699999999999,-0.59435,-0.60655,-0.60401,-0.59521,-0.6312399999999999,-0.63976,-0.62361,-0.64369,-0.63645,-0.60912,-0.63672,-0.66819,-0.67798,nan,nan,-0.70473,-0.7079,nan,-0.68738,-0.71505,nan,-0.7288899999999999,-0.72211,nan,nan,-0.7904100000000001,-0.80108,-0.82529,nan,-0.80981,-0.80765,-0.83426,-0.86677,-0.86951,-0.87321,-0.90515,-0.9175399999999999,-0.9141299999999999,-0.9399799999999999,nan,-0.9111899999999999,-0.9309,-0.9571799999999999,nan,-0.97049,-0.98361,-1.0118,-1.0421,-1.0401,-1.0523,-1.0567,nan,-1.0818,-1.0766,-1.1038,nan,nan,nan,nan,nan,-1.1366,nan,-1.1814,-1.1601,nan,nan,nan,-1.175,-1.2201,-1.2412,-1.2265,-1.2772,-1.3069,nan,-1.3056,-1.3082,-1.3274,-1.311,-1.3159,-1.3518,-1.3321,-1.3331,-1.3626,-1.3706,-1.3728,-1.3675,-1.3826,-1.3869999999999998,-1.37,nan,-1.4633,-1.4661,-1.4531,-1.4971,nan,-1.514,-1.4809999999999999,nan,nan,-1.4641,-1.5153,nan,-1.5369,-1.551,nan,nan,-1.6341,-1.6621,nan,-1.6602,-1.6788,nan,-1.6736,nan,-1.6982,-1.7023,-1.7034,nan,-1.7788,-1.7666,-1.7214,nan,-1.7590000000000001,-1.7668,nan,-1.8076,-1.8213,-1.8284,-1.8248,-1.8516,-1.8687,nan,-1.9195,-1.9154,-1.891,-1.9438,-1.9164,-1.8869,-1.9344,-1.9147,-1.909,-1.9546,-1.9716,-1.9729,-1.9688,-1.9886,-2.0256,-2.03,-2.0136,-2.0089,-2.0146,nan,-2.0539,-2.0156,-2.0262,-2.0681,-2.0436,-2.033,nan,nan,-2.0501,-2.0984,nan,-2.1081,nan,-2.1328,-2.1388,-2.1336,-2.1487,-2.1504,-2.1384,-2.1741,-2.1848,nan,nan,nan,-2.2141,-2.2159999999999997,-2.1741,-2.1616,-2.2139,-2.2416,nan,-2.1847,nan,nan,-2.1751,-2.1995,-2.2416,-2.2032,-2.1904,-2.1989,-2.1991,nan,-2.2209,-2.2161,-2.2167,-2.2206,-2.222,-2.199,-2.205,nan,-2.2207,-2.2207,nan,-2.2311,-2.2344,-2.2009,-2.209,-2.2309,-2.2434,nan,-2.2186,-2.2377,-2.2197,nan,-2.2430000000000003,nan,-2.2247,-2.2127,-2.2236,-2.2424,-2.2194,-2.2342,-2.2635,-2.2421,-2.222,-2.2032,-2.1989,-2.2229,-2.2219,-2.2142,nan,-2.2143,nan,-2.2251,nan,-2.182,-2.1987,-2.1988,-2.2176,-2.1971,nan,-2.2242,-2.2253,-2.1984,-2.1944,-2.1694,-2.1391,-2.1478,-2.165,-2.1433,-2.1137,-2.0986,nan,-2.0623,-2.0495,-2.0352,-2.0402,-2.0865,-2.0806,-2.0269999999999997,-2.0126,nan,-1.9399,-1.9319,-1.9741,-1.9944,nan,nan,-1.8795,-1.8471,-1.861,-1.8547,-1.8109,-1.7854,-1.7664,nan,-1.7616,-1.736,-1.7041,-1.7009999999999998,-1.6901,-1.6769999999999998,-1.6812,-1.6349,-1.5659,-1.5583,-1.5506,-1.5176,-1.5137,-1.5036,-1.4884,-1.4715,nan,-1.3641,-1.3769999999999998,-1.3616,nan,nan,-1.3219999999999998,-1.2902,-1.2651,nan,-1.2187,-1.1841,-1.1539,nan,nan,nan,-1.0891,nan,-1.0103,nan,-0.91955,nan,-0.83194,-0.83009,nan,nan,-0.7014,-0.6706,-0.63468,nan,-0.57476,-0.56248,-0.53125,nan,-0.40756,nan,-0.31892,-0.26154,nan,-0.25156999999999996,-0.22749,-0.16155,-0.10325999999999999,-0.062028999999999994,-0.007074899999999999,0.056414,0.081536,0.095749,0.18383,0.2233,0.23201,0.35527,0.38433,0.35444000000000003,0.45235,0.5262,nan,nan,0.685,nan,0.76083,0.83214,0.9095700000000001,nan,1.0115,nan,nan,nan,1.2299,1.3233,1.3731,1.4269,1.4691,nan,nan,1.6368,nan,1.6943,1.7258,1.7632,1.7844,1.8019999999999998,1.8538,1.8884,nan,nan,1.9219,1.9813,1.9618,1.9580000000000002,2.009,1.974,1.9677,2.003,nan,nan,1.9892,nan,2.0128,2.0049,1.9888,1.9583,1.9428,1.9816,2.0065,nan,1.9885,1.9718,1.9145,1.8828,1.8805,nan,1.876,1.839,1.7906,1.7587,1.7652,1.7511,nan,nan,1.659,1.6245,1.6354,nan,1.6218,nan,1.6057,1.6344,1.5612,nan,1.5216,nan,nan,nan,1.4961,nan,nan,1.4622,1.4228,nan,1.4441,1.4107,1.4001,1.4149,1.3988,1.3847,nan,nan,1.4152,nan,1.3898,1.3755,1.4029,nan,1.4067,nan,1.4066,1.3762,1.39,1.4058,1.4069,1.4069,1.4091,1.4289,1.4339,1.3961,nan,1.4351,nan,1.4066,1.4121,nan,1.3864,1.4358,nan,1.4147,1.3848,nan,1.422,1.4436,1.4415,1.4277,1.4446,1.4479,1.4505,1.4398,1.4059,1.4193,1.4367,1.4213,nan,1.4468,1.4435,1.455,1.4372,1.4280000000000002,1.4812,1.4825,1.4689,nan,1.4715,1.4469,1.4552,nan,1.4888,1.4728,1.4632,1.4735,1.465,1.4661,1.4897,1.4768,1.4724,1.4892,1.4719,1.4653,1.469,nan,nan,1.4915,1.4886,1.4897,1.4893,nan,1.4749,nan,nan,1.5099,nan,1.516,1.4991,1.4643,nan,nan,1.4841,1.4627,1.4679,1.5041,1.5078,1.4777,1.4961,1.5131,1.4739,1.4803,nan,1.4682,1.5063,1.4911,1.4607,1.469,1.4667,1.4984,1.5178,1.5064,1.4867,1.4658,1.4984,1.4988,1.4353,1.4634,1.5199,1.466,1.4609,1.5119999999999998,1.4766,1.4587,1.4749,1.4662,1.4676,1.4413,1.4128,1.4508,nan,1.4554,1.4194,1.449,1.4332,1.3846,1.4157,1.4381,nan,1.4297,1.4292,1.4126,1.4039,1.4074,1.3832,1.3589,1.4045,nan,1.4017,1.4048,1.4003,1.3633,1.374,nan,1.3634,1.3825,1.3722,1.3433,1.3625,1.3657,1.368,1.3535,1.3225,1.3409,1.3478,1.3507,1.3655,1.3453,1.3254,1.331,1.3545,nan,1.3032,nan,1.3159,1.3057,1.3442,1.3517,1.3299,1.3229,1.3243,nan,1.3083,1.3069,1.3307,1.3224,1.3018,1.3171,nan,nan,1.3254,nan,1.3241,1.3458,1.3223,nan,nan,1.3343,1.3422,1.3044,1.2977,1.307,1.3032,nan,1.3463,1.3219999999999998,1.2915,1.3108,nan,nan,1.325,1.3472,1.3205,1.3203,1.3406,nan,1.3419,nan,1.3075,1.2968,nan,1.3231,1.3213,1.3446,1.3293,1.2961,1.2803,1.2590000000000001,1.2848,1.3072,1.3029,1.3041,1.2809,1.3038,nan,nan,1.2775,nan,1.3167,1.3191,1.2823,1.2953,1.2939,1.2459,1.2636,1.3034,1.2761,1.26,1.2886,1.3019999999999998,1.2913,1.2575,nan,1.2628,1.2808,1.2733,1.2411,1.2183,1.2397,nan,nan,nan,1.2331,1.1795,1.2011,1.2312,1.215,1.2192,1.2248,1.2046,1.2001,nan,1.1782,nan,1.2097,1.1878,1.157,nan,1.1283,nan,1.1509,1.0968,1.1051,1.123,1.1143,nan,1.0986,1.0918,1.097,1.0946,1.0946,nan,1.0349,1.0378,1.0304,1.0108,1.0297,nan,1.0132,1.0321,1.0206,0.9998299999999999,0.9899100000000001,0.99451,0.99813,0.9364,nan,0.9430299999999999,0.94949,0.9288799999999999,0.9368799999999999,0.91432,0.88765,0.89031,0.8588899999999999,0.8493200000000001,0.8734200000000001,0.86649,0.86685,0.86124,0.8349700000000001,0.8258700000000001,0.84401,0.84214,nan,0.8240000000000001,0.84373,0.77471,nan,0.79198,0.7844800000000001,0.78533,nan,0.74124,0.73766,0.7235699999999999,nan,0.75865,0.73428,0.7468199999999999,0.74259,0.71191,nan,0.71324,nan,0.6867300000000001,0.6722100000000001,0.69692,0.69921,0.68004,0.68021,0.68193,0.68286,0.67896,0.66123,nan,0.6624399999999999,0.65762,0.6392800000000001,nan,0.64525,0.5855899999999999,nan,0.63446,0.6367,0.6087899999999999,0.6259899999999999,0.61757,0.60049,0.59724,nan,0.56882,0.55308,0.5937399999999999,0.58202,0.55085,0.55505,0.54001,0.53566,nan,0.5404,0.55514,nan,nan,nan,0.48955,0.47076,nan,0.48778999999999995,nan,0.47211000000000003,nan,nan,0.44693,0.45123,0.43228,0.44983999999999996,nan,0.37219,nan,0.42793000000000003,nan,0.3854,0.41778999999999994,0.41623999999999994,0.37326,0.39100999999999997,nan,0.41084,nan,0.41486000000000006,0.37626,0.37185999999999997,0.37079,0.37144,0.37142,0.37542,nan,0.37840999999999997,0.35017,0.36503,0.39371,0.37278,0.33593,0.32716,nan,0.32741,0.31188,nan,0.28820999999999997,nan,0.26645,0.26645,0.26835,0.27157,0.28729,nan,0.24338,0.2666,0.28713,0.26594,nan,0.2619,nan,nan,0.22419,0.22658000000000003,nan,0.19677,0.18328,0.18537,0.18320999999999998,0.18959,0.1796,0.14388,0.13844,0.14697000000000002,0.14021,0.14155,0.14465,0.12905999999999998,nan,nan,0.12029000000000001,nan,0.10089,0.13871,0.13731,0.08290800000000001,nan,0.15144000000000002,0.10991,0.099861,0.1202,nan,0.12418,0.11902,0.11810999999999999,0.13021,nan,0.11041,nan,nan,0.081952,0.10073,0.080871,0.1168,nan,0.10595999999999998,0.12093,0.078399,0.071857,0.10409000000000002,0.092579,0.08139,0.099237,0.11517999999999999,nan,0.10953,nan,0.098665,nan,0.081402,0.1059,nan,0.052416,nan,0.094487,nan,nan,0.08787,0.073538,0.055342999999999996,nan,0.083889,0.062029999999999995,0.07493,0.099762,0.062094,0.074814,0.072257,0.064002,nan,0.028357,0.043927999999999995,nan,0.07715599999999999,0.062237,nan,0.061136,0.076628,0.036555000000000004,0.053529999999999994,0.054707000000000006,0.033289,0.038701,0.036924,0.054403,0.055524000000000004,0.035494,0.059741999999999996,0.083742,0.056699,0.03222,0.040527999999999995,0.038478,0.033138,0.054152,0.058126,0.059687,0.08126599999999999,0.056661,0.036736000000000005,0.066202,0.060204999999999995,nan,0.060617,0.087365,0.077427,0.058092,0.071936,0.090929,0.12964,0.082186,0.057587,0.17864000000000002,0.013511000000000002
4.0,0.088168,-0.23515,-0.13455,-0.093582,-0.18987,nan,nan,nan,-0.11268,-0.14734,-0.14385,-0.12176,-0.12500999999999998,nan,nan,-0.10754000000000001,nan,-0.092787,-0.11052999999999999,-0.12105,-0.11077999999999999,-0.09439199999999999,nan,-0.10747999999999999,-0.10687,nan,nan,-0.1185,-0.10132999999999999,-0.13401,-0.13672,-0.10374000000000001,-0.11562,nan,-0.11097,-0.10529000000000001,nan,-0.1084,-0.0951,-0.09535700000000001,-0.11994,-0.11229000000000001,-0.099204,-0.10826,-0.10747000000000001,nan,-0.094537,-0.11127999999999999,-0.12080999999999999,-0.10853,-0.10637,nan,nan,-0.090847,-0.1151,-0.13493,-0.1332,-0.14586,-0.13151,-0.10879000000000001,-0.10527,-0.10592,-0.11650999999999999,-0.11370999999999999,-0.10419,-0.10712999999999999,-0.10311,-0.11364,nan,-0.09320099999999999,-0.09668,-0.12405999999999999,-0.13013,-0.11974000000000001,-0.1069,-0.10893,-0.12503,nan,-0.09285299999999999,-0.1059,-0.12155999999999999,nan,-0.10289000000000001,-0.12918,-0.12075999999999999,-0.10449000000000001,-0.11945,-0.12274000000000002,-0.11345,-0.12558,nan,-0.17714000000000002,-0.15515,-0.14654,-0.16146,-0.15917,-0.16614,nan,-0.15925,nan,-0.13533,-0.13435,-0.16524,nan,nan,-0.18944,nan,-0.17414000000000002,nan,-0.21286,-0.19777,nan,-0.22461,-0.23016999999999999,nan,-0.21555,-0.23714000000000002,-0.22638000000000003,nan,-0.24286999999999997,-0.24335,-0.23881,-0.26643,-0.28245,-0.2706,nan,-0.27009,nan,nan,-0.28718,-0.29256,-0.29679,-0.30918,-0.2964,nan,-0.28951,-0.28283,-0.31135999999999997,nan,nan,nan,-0.32353000000000004,nan,nan,-0.33678,-0.3569,nan,-0.36551999999999996,-0.39385,-0.4035,-0.40919,nan,-0.41547,-0.41655,-0.4157,-0.41415,-0.41607,-0.41725,-0.42273999999999995,-0.43868999999999997,nan,-0.44551,-0.44703999999999994,-0.42957,-0.43632,-0.45933999999999997,-0.4554,-0.47308,-0.47908999999999996,nan,nan,nan,nan,-0.51035,nan,-0.51425,-0.52708,-0.52623,-0.53823,nan,nan,-0.53508,-0.53865,-0.57092,-0.57214,-0.5432,-0.55399,-0.57484,-0.589,-0.6149600000000001,nan,-0.59417,-0.60123,-0.62913,-0.63321,-0.6218,nan,-0.62757,-0.64876,-0.6479199999999999,nan,-0.6547,-0.6785100000000001,nan,-0.68507,-0.69184,-0.70084,-0.70185,-0.69893,-0.6986,-0.69943,-0.70134,nan,-0.69148,-0.7316699999999999,nan,-0.73239,-0.72732,-0.74873,-0.73853,-0.7370899999999999,-0.77295,-0.7772100000000001,-0.78759,-0.81138,-0.77674,-0.77656,-0.81533,-0.79862,-0.77895,-0.78292,nan,-0.79774,-0.81866,-0.81645,-0.80476,-0.8116,nan,-0.8152,-0.80418,-0.81187,nan,-0.82473,-0.84577,-0.8467,-0.83426,-0.8710700000000001,-0.88955,-0.8545200000000001,-0.84949,nan,-0.8581700000000001,nan,nan,-0.8709600000000001,-0.8916299999999999,-0.89943,-0.8770399999999999,-0.8826299999999999,-0.90002,-0.90241,-0.9046799999999999,nan,-0.9042600000000001,-0.89871,-0.9068200000000001,-0.91937,-0.89589,-0.89385,-0.9208299999999999,-0.90766,-0.89279,-0.92285,-0.9449799999999999,-0.93245,-0.92366,-0.93947,-0.9399799999999999,nan,-0.93016,nan,-0.9348700000000001,-0.9448200000000001,-0.9296399999999999,-0.9430700000000001,-0.9577700000000001,nan,-0.94166,-0.95105,-0.96206,-0.9720700000000001,-0.96086,-0.94396,-0.9481,nan,-0.97595,-0.93229,nan,-0.97282,-0.94653,nan,-0.95478,-0.95475,nan,-0.9608399999999999,-0.94339,nan,-0.9738,-0.9723700000000001,-0.9704299999999999,-0.9657600000000001,nan,-0.96909,nan,-0.9875700000000001,nan,-0.9598899999999999,-0.9619700000000001,-0.97835,-0.98616,nan,-0.9733200000000001,-0.97245,-0.9897100000000001,-0.9998,-0.9974799999999999,-0.9918899999999999,-0.98021,-0.98774,-0.99903,-0.98074,-0.96964,-0.9882700000000001,-0.99729,-0.99726,-0.99444,-1.0001,-1.012,-1.0023,-0.9937,-0.9984200000000001,-0.99895,nan,-0.9908,-0.98455,-0.9988299999999999,-1.0017,-0.9852200000000001,nan,-0.99971,-0.99459,-1.0115,-1.0254,nan,-0.99918,nan,-0.98429,nan,-1.0002,-0.99571,-1.0317,nan,-1.0163,-1.0107,-1.0384,-1.0351,nan,-1.0357,nan,-1.0222,-1.0273,-1.0269,-1.0201,-1.0292,-1.0411,-1.0385,-1.04,-1.0331,-1.0267,-1.0369,nan,nan,-1.0543,-1.0542,-1.0399,nan,-1.054,nan,-1.0466,nan,-1.0625,-1.042,nan,-1.0216,-1.0281,-1.0414,-1.0385,-1.0429,-1.0546,-1.0679,-1.0697,nan,-1.0212,-1.0432,-1.0532,-1.0412,-1.0393,nan,-1.055,-1.0306,-1.0225,-1.0249,-1.0261,-1.0363,-1.032,-1.026,-1.053,-1.0587,-1.0308,-1.0288,-1.0541,-1.046,-1.0232,-1.0299,-1.0403,-1.0273,-1.0282,-1.0436,-1.0375,-1.0255,-1.0332,-1.0388,-1.0399,-1.0412,-1.0208,-1.0028,-1.0162,-1.0272,-1.0216,-1.0332,nan,-1.0276,-1.0261,nan,-1.0128,-1.0273,-1.0158,-1.0011,-0.9917100000000001,-0.98641,-0.9960899999999999,-0.99269,-0.9779899999999999,-0.9887100000000001,nan,-0.98645,-0.98735,nan,-0.98795,nan,-0.9892799999999999,-0.97949,-0.9728600000000001,-0.99141,nan,-0.97935,-0.97319,nan,-0.97955,nan,nan,-0.97135,-0.9678100000000001,-0.9758700000000001,-0.9856600000000001,nan,nan,-0.96472,-0.95815,-0.9714,-0.9582299999999999,-0.9233899999999999,-0.9197299999999999,-0.9436100000000001,nan,-0.95449,-0.95862,-0.95968,-0.95304,-0.9682299999999999,-0.96396,-0.94494,-0.94447,-0.9285,-0.91251,nan,nan,-0.9427399999999999,-0.9319799999999999,-0.91864,nan,-0.9325700000000001,nan,-0.90654,-0.91819,nan,-0.91585,-0.9171799999999999,-0.91919,nan,-0.89555,-0.91069,-0.9318700000000001,-0.9111299999999999,-0.8943700000000001,-0.9081899999999999,nan,nan,-0.9068200000000001,-0.9123700000000001,-0.88784,-0.88731,-0.8941100000000001,nan,-0.8623700000000001,nan,-0.8826799999999999,-0.8607,-0.8692200000000001,-0.87926,-0.83775,-0.85682,-0.89064,nan,-0.8407,nan,nan,-0.8377100000000001,-0.8474700000000001,-0.8484200000000001,-0.8490700000000001,-0.8499200000000001,-0.82788,-0.81076,-0.8352200000000001,-0.8484700000000001,-0.8156399999999999,nan,-0.79894,-0.81208,nan,-0.81404,nan,-0.81172,-0.81174,-0.78738,nan,-0.78404,-0.79756,-0.79852,nan,-0.78461,nan,-0.79379,-0.80023,-0.78189,-0.76972,-0.78371,nan,-0.7441,-0.77031,-0.75805,-0.7590399999999999,-0.76717,nan,-0.75562,nan,-0.74658,-0.7388100000000001,-0.72977,nan,-0.71141,-0.71304,-0.71565,nan,-0.72564,-0.70065,-0.68918,-0.70927,-0.71154,-0.68948,-0.70521,nan,-0.7079,-0.6973,-0.69853,-0.68807,-0.7038399999999999,-0.71268,-0.69511,-0.68906,-0.68472,-0.6966600000000001,-0.7166600000000001,-0.70205,-0.67418,nan,-0.68786,-0.6889,-0.67891,-0.65735,-0.6668,-0.6723399999999999,nan,nan,-0.68406,-0.66973,-0.65898,nan,-0.66564,-0.64012,-0.63354,-0.64407,-0.64452,-0.6683899999999999,-0.67648,-0.6267199999999999,-0.63174,-0.6644899999999999,-0.6472100000000001,-0.6327,nan,-0.63589,nan,-0.62589,-0.6107899999999999,nan,nan,-0.6038100000000001,nan,nan,-0.6287699999999999,-0.60849,-0.5935199999999999,-0.5930300000000001,-0.60883,-0.6079399999999999,-0.5998399999999999,-0.61607,-0.6140399999999999,-0.5938899999999999,-0.59104,nan,nan,-0.5939399999999999,-0.59325,-0.58925,-0.5896899999999999,-0.57918,-0.5768300000000001,-0.58906,-0.5869,-0.57936,-0.58026,-0.57022,nan,-0.58481,-0.59424,-0.57143,-0.56196,-0.56543,nan,nan,-0.57524,-0.55972,-0.5535399999999999,-0.55096,-0.5475300000000001,-0.5271899999999999,-0.51259,-0.5123,-0.5061399999999999,-0.51858,nan,nan,-0.51654,-0.5448,-0.51867,nan,-0.50838,nan,-0.49638999999999994,-0.49866000000000005,-0.5037699999999999,-0.52189,nan,-0.51323,-0.5082399999999999,-0.4613,-0.44927,-0.50061,-0.5032300000000001,-0.48621000000000003,nan,-0.47113999999999995,-0.48186,nan,-0.46453,-0.47231000000000006,-0.48316000000000003,-0.47943,-0.45616999999999996,nan,-0.48526,-0.4565,nan,nan,-0.45981000000000005,-0.45848999999999995,-0.48308,-0.45381000000000005,nan,-0.46595,-0.44932,-0.42951000000000006,-0.46003,-0.4495,-0.43338000000000004,-0.42041000000000006,-0.40394,-0.41438,-0.41375,-0.42205,-0.42761000000000005,nan,-0.39138,nan,-0.4006,-0.40334000000000003,-0.41463,-0.41008,-0.40054,-0.39173,-0.36926,-0.35028000000000004,-0.34955,nan,-0.35573,-0.37485999999999997,nan,nan,nan,-0.35195,-0.32225,-0.32452,nan,-0.32621999999999995,nan,nan,nan,nan,-0.30666,-0.29581999999999997,-0.32211,-0.30762,-0.27716999999999997,-0.28645,-0.29588000000000003,-0.28305,nan,-0.29728000000000004,-0.29485,-0.28159,-0.28744000000000003,-0.29118,-0.26526,-0.25101,-0.26832,nan,-0.24114000000000002,-0.25454,-0.23646,-0.22415,nan,nan,-0.23038000000000003,-0.23958000000000002,-0.22273,-0.21553000000000003,-0.20224,-0.19821,-0.19822,-0.20171,-0.21320999999999998,-0.20389000000000002,-0.20204,-0.21486,-0.19297999999999998,-0.17242000000000002,-0.17545999999999998,-0.18846,-0.19,-0.15859,nan,-0.14695,-0.14635,-0.15366,-0.16096,-0.15847,-0.14839000000000002,-0.13082,-0.13928,-0.14315999999999998,-0.13362000000000002,-0.14287,-0.13956,-0.12989,-0.13332,-0.12155,-0.11865999999999999,-0.11470999999999999,-0.1067,-0.11754,-0.1141,nan,-0.10793,-0.10801,-0.099375,-0.11495,nan,-0.08176699999999999,nan,nan,nan,-0.079498,-0.09406,-0.1179,-0.11594000000000002,-0.10733,-0.095966,-0.080336,nan,-0.09372799999999999,nan,-0.082733,-0.074303,-0.080144,-0.091366,-0.085217,-0.069472,-0.06461900000000001,-0.075964,nan,-0.08118500000000001,-0.060853,-0.064226,-0.074357,nan,nan,-0.09282,-0.09905900000000001,-0.068911,-0.07091499999999999,-0.093203,-0.0605,nan,-0.069755,nan,-0.061804,-0.067721,-0.056639999999999996,-0.05285599999999999,-0.06295,-0.06541799999999999,-0.061362,-0.064813,nan,-0.035938,-0.044723,-0.050644999999999996,nan,-0.073615,-0.067636,-0.04868,-0.065791,nan,-0.029930000000000002,-0.026704000000000002,-0.05446,-0.06593500000000001,-0.057212,-0.072546,-0.07690599999999999,-0.053011,-0.060378999999999995,-0.05474,-0.038275,-0.061465,-0.06179199999999999,-0.03978,-0.03972,-0.062273,-0.08267200000000001,-0.055222,-0.039006,-0.06497,-0.06450800000000001,nan,-0.076462,-0.065586,-0.073411,-0.079338,nan,-0.093779,-0.08443099999999999,-0.05678300000000001,nan,-0.066683,-0.07681900000000001,-0.085061,-0.09700800000000001,-0.1066,-0.095459,-0.075822,-0.085368,-0.089629,-0.079033,-0.095792,nan,-0.10459,-0.12095999999999998,-0.1248,nan,-0.11173,-0.13385999999999998,nan,-0.1379,-0.145,-0.13138,-0.12922,nan,-0.14388,-0.14815,-0.17007,-0.18625999999999998,-0.17857,-0.17432999999999998,nan,-0.19505999999999998,nan,-0.19716,-0.20057,nan,-0.19742,-0.18733,nan,-0.22508000000000003,-0.24233000000000002,-0.27956,-0.28134000000000003,-0.24716999999999997,-0.23075,-0.24829,-0.25363,nan,nan,-0.27781,-0.28641,nan,-0.28548,-0.29354,nan,-0.31023,-0.31306999999999996,-0.32848,-0.33837,-0.33773000000000003,nan,-0.35038,-0.37464000000000003,-0.35063,-0.37561,-0.408,-0.39465,-0.39134,-0.40123000000000003,-0.40968999999999994,-0.4197,-0.43173999999999996,-0.43163999999999997,nan,-0.43956999999999996,-0.46003,-0.45913999999999994,-0.45508999999999994,-0.45761,nan,-0.45876999999999996,-0.45819,-0.45341000000000004,-0.46135,nan,-0.51477,-0.5361,-0.50889,-0.48557,-0.5168699999999999,-0.52605,nan,-0.5002800000000001,-0.52122,nan,-0.53409,-0.54075,-0.5525100000000001,nan,nan,nan,-0.59073,nan,-0.6238100000000001,-0.6037899999999999,-0.6340899999999999,-0.64146,nan,-0.62557,nan,-0.6270600000000001,nan,-0.66825,-0.64645,-0.6657,-0.6909,-0.7037,-0.69728,-0.67356,-0.6965399999999999,-0.7174699999999999,-0.71422,-0.72711,-0.73355,-0.75479,-0.76555,-0.7438100000000001,nan,nan,-0.7554,-0.78341,-0.80675,-0.81048,-0.82765,-0.8218799999999999,nan,-0.81853,-0.8321700000000001,nan,-0.8284,-0.8446899999999999,-0.8246700000000001,-0.8417100000000001,-0.86467,-0.84864,-0.8593299999999999,nan,nan,-0.8525299999999999,-0.87489,-0.89443,-0.90541,-0.89851,nan,-0.9068,nan,-0.88695,-0.8795,-0.88241,-0.9204399999999999,-0.9097799999999999,-0.89446,-0.90979,-0.91848,nan,-0.9142299999999999,-0.92133,-0.9295899999999999,-0.90828,-0.88584,-0.90007,-0.91894,-0.90648,-0.89544,-0.91907,-0.92656,-0.90579,nan,-0.9097,-0.919,nan,-0.90494,-0.89764,-0.88102,-0.89418,-0.92014,-0.88579,-0.88431,-0.91995,-0.89549,-0.8817200000000001,-0.8925,-0.88813,-0.8786799999999999,-0.8607799999999999,-0.8748799999999999,-0.88818,-0.86605,-0.85262,nan,-0.8018,-0.8115100000000001,-0.82247,-0.81272,nan,-0.81082,-0.81,-0.79357,-0.74261,nan,-0.7660899999999999,nan,nan,-0.71241,-0.69081,-0.68425,-0.6804399999999999,-0.6533,-0.64668,-0.64815,-0.63717,-0.63192,-0.6218899999999999,-0.5956,-0.5906100000000001,-0.5855899999999999,-0.55213,-0.52636,-0.5252100000000001,-0.52132,nan,-0.50007,-0.48856000000000005,-0.4779,-0.46883,-0.44883999999999996,nan,-0.41413,-0.41413999999999995,nan,nan,-0.31185999999999997,-0.3042,nan,-0.23931999999999998,-0.24291,-0.20986999999999997,-0.16149000000000002,-0.1602,-0.14012,nan,-0.12078,nan,-0.042684,-0.008358599999999999,nan,0.066747,nan,nan,0.13981,0.15935,nan,0.20351,0.23451999999999998,0.30905,0.32336,0.35641999999999996,0.40352,nan,0.4643,0.5144,nan,0.5304,nan,0.62489,0.65774,0.72382,0.7572399999999999,0.77599,0.82865,0.8716799999999999,0.9014,0.9537899999999999,nan,0.9900399999999999,1.0117,1.0625,1.1153,1.1634,1.2027,1.2439,1.2903,1.3243,1.3542,nan,1.4508,1.4702,1.5055,nan,1.5942,1.6301,1.6848,1.7268,1.7574,nan,1.8361,1.8771,nan,nan,1.9963,nan,nan,nan,2.1723,nan,2.2349,2.2543,2.3042,2.3433,2.3981,2.4221,2.4296,2.4676,2.4986,2.5317,2.5807,2.6166,2.6461,2.6872,nan,nan,2.7460000000000004,nan,2.8557,2.8841,2.8819999999999997,2.9054,2.9114,nan,2.9921,nan,3.0093,nan,nan,3.0504,nan,3.0936,3.1,3.0874,3.0949,3.0983,3.0860000000000003,3.0977,3.1055,3.0934,3.0853,3.0745,nan,nan,3.0405,nan,3.0186,3.0107,nan,2.9788,2.9917,2.9824,2.9555,2.9513,2.9454,2.9018,2.8831,2.9139,2.8959,2.8294,nan,2.8428,nan,2.7719,2.7513,2.7321,2.7463,2.7594,2.7234,nan,2.7077,2.6821,nan,2.7033,2.6807,2.7019,2.6915,2.6296,2.6135,2.6163,2.596,2.5821,2.5705,2.5587,2.5688,2.5679,2.5397,2.532,2.5294,2.5043,2.5105,2.5199,2.4855,2.4812,2.4895,2.4647,2.4629,2.4571,nan,2.4234,2.4174,2.3942,2.408,nan,2.3901,2.37,2.3672,2.3546,2.3448,2.326,2.3068,2.3025,nan,2.3044,2.2943,2.2680000000000002,2.2607,2.2654,2.2499,nan,2.2465,2.2116,2.2188,2.2374,2.2196,nan,2.2027,2.1369,2.1139,nan,2.1079,2.1018,2.1132,2.1004,2.0992,2.0913,nan,nan,2.0499,2.0426,nan,2.0448,nan,nan,1.975,nan,1.9667,1.9615,1.9633,1.9486,1.9276,1.9073,1.8922,1.8988,1.8998,1.8756,1.8728,1.8838,1.871,1.8514,1.8269,nan,1.8283,1.8146,nan,nan,1.8007,1.7697,1.7566,1.7622,1.7455,nan,1.7314,1.7116,1.7086,1.722,1.7037,nan,1.6916,nan,1.6503,nan,1.6314,nan,1.6245,nan,1.5927,nan,1.5933,1.5919999999999999,1.5657,1.5711,nan,1.5517,1.5633,1.555,1.5237,nan,nan,1.5026,1.4934,nan,1.4543,nan,nan,1.4401,1.4382,1.4349,1.4229,nan,1.4438,nan,1.3947,nan,1.3479,1.3361,1.3135,1.3115,1.3241,1.3011,1.2717,1.2731,1.2732,1.2759,1.2543,nan,1.2394,1.2423,nan,nan,1.1854,1.1849,1.1919,1.1656,1.1541,1.1457,1.1398,1.1381,1.1079,nan,1.1049,nan,1.0635,nan,1.0247,1.0345,nan,0.99946,0.97441,1.0102,1.0071,0.97825,0.9860200000000001,1.0077,1.0039,0.9905700000000001,0.9971899999999999,1.0029,0.9752,0.94273,0.9250799999999999,0.9006700000000001,0.8955,0.9119700000000001,0.8867299999999999,0.8645200000000001,0.86682,0.84659,0.8316899999999999,0.8232,0.81348,0.8254,0.83111,nan,0.80934,0.7880699999999999,0.7872100000000001,0.78492,0.76998,nan,0.7504,0.7406699999999999,0.73019,0.71849,nan,0.71683,0.69922,nan,0.6942699999999999,nan,0.66263,0.66557,0.65566,0.63856,0.64477,0.6513399999999999,0.6393300000000001,nan,0.6209,0.6098899999999999,0.61039,0.61468,0.6056699999999999,0.59668,0.59659,0.60012,0.58515,nan,0.5296,0.55648,0.5443100000000001,0.52825,0.52861,0.51693,0.52012,0.50795,0.50661,nan,0.49506999999999995,0.48039,0.5232399999999999,0.50802,0.46795,0.46675,0.47863,nan,nan,0.45946000000000004,0.44411000000000006,0.4345,0.4485,nan,0.43636,0.4495,0.44343,0.41461000000000003,0.41036999999999996,nan,0.39529000000000003,0.39596,nan,nan,0.37788,0.38361,0.39014,0.39132,nan,0.36073,0.36937,nan,nan,0.33045,0.32974000000000003,0.32311,0.29828000000000005,nan,0.30338000000000004,0.30101999999999995,0.31465,0.31854,0.2942,nan,nan,0.26128,0.26769,0.27431,0.25678,0.25794,nan,nan,0.24643,0.25787,0.26600999999999997,0.24558000000000002,0.23106,0.23071999999999998,0.22300999999999999,0.21979,nan,0.20426,0.2134,nan,0.22385,0.20465,nan,0.21905,0.19324000000000002,0.17684,0.17745999999999998,0.17889000000000002,nan,nan,0.16565,0.16392,0.1728,0.17902,0.16519,0.15107,0.16236,0.16359,0.15034,0.14437,0.12278,0.13797,0.16494,0.14324,0.13759000000000002,0.13227,0.10789000000000001,0.10983,0.10319,0.09994600000000001,0.094204,0.070556,0.079169,0.085755,nan,0.084388,nan,0.052301,nan,0.054987,0.061589,0.08224400000000001,0.059116999999999996,0.042851,nan,nan,0.04852,0.05500599999999999,0.04407,0.053712,0.052997,0.044205,0.05644299999999999,0.033137,0.01269,0.035644999999999996,0.043473000000000005,0.042726,0.044385,0.023543,0.014339,0.0311,0.01807,nan,0.014746,0.0016611,-0.023762000000000002,nan,nan,-0.022068,nan,-0.0044082,-0.041224000000000004,nan,nan,-0.026147000000000004,-0.024205,-0.036155,-0.048407,-0.051574,-0.051723000000000005,-0.063762,-0.071775,-0.042365,-0.046194,nan,-0.094951,-0.089986,-0.086903,-0.064999,-0.070607,-0.090276,-0.089137,-0.093573,-0.094314,-0.079709,-0.080478,-0.093513,-0.0927,-0.091658,-0.086225,-0.076775,-0.078101,-0.09210800000000001,-0.12024000000000001,-0.11239,-0.092986,-0.10559,-0.089054,-0.081224,-0.10743,-0.08533400000000001,-0.08115499999999999,nan,-0.11999000000000001,-0.10675,nan,-0.10534,-0.10658,-0.1159,-0.12755,-0.10264000000000001,-0.09432,nan,-0.088211,nan,-0.14661,-0.10999,-0.10464000000000001,-0.13427999999999998,-0.12664,nan,-0.12918,-0.13157,-0.13168,-0.13345,-0.12262,nan,-0.12554,-0.14824,-0.13977,-0.1062,nan,-0.1325,nan,-0.13462000000000002,nan,nan,-0.13213,-0.13153,-0.13502,-0.14794000000000002,-0.14755,nan,nan,-0.12189000000000001,nan,-0.12204000000000001,-0.12117,-0.13541,-0.13273,nan,-0.11769,-0.12070999999999998,-0.13437000000000002,-0.13535999999999998,-0.11780999999999998,-0.12775,-0.14775,-0.14640999999999998,-0.14817,-0.13310999999999998,-0.12014000000000001,-0.14455,-0.15075999999999998,-0.13610999999999998,-0.13102,-0.13332,-0.13342,nan,-0.13742000000000001,-0.14732,-0.13210999999999998,-0.13568,-0.12227,nan,nan,nan,-0.11922999999999999,-0.16172999999999998,-0.12713,-0.11215,-0.11939000000000001,-0.12283,-0.14635,-0.12005999999999999,-0.10412,nan,-0.1354,-0.10699000000000002,-0.10992,nan,-0.12124000000000001,-0.11832999999999999,-0.11569000000000002,-0.098751,-0.10829000000000001,-0.13225,-0.11500999999999999,-0.10499000000000001,-0.10503,-0.07975700000000001,-0.09146699999999999,-0.10643,-0.089627,-0.08003500000000001,-0.065952,-0.067624,-0.078086,-0.06599400000000001,-0.070216,-0.078185,-0.058124,-0.064247,-0.08228099999999999,nan,-0.037452,nan,-0.032537,-0.014977,-0.029679,-0.039355,-0.04849,-0.050945,-0.020603,0.0024033,-0.007856,-0.0076348,nan,0.013748,0.0018213,0.010584999999999999,nan,0.050969,nan,0.05335,nan,0.047042,nan,0.0687,nan,0.053423000000000005,0.055223,0.058415999999999996,0.057337,0.086064,0.11010999999999999,nan,0.12180999999999999,nan,0.11207,0.12572,0.11265,0.17806,0.14587,0.13545,0.23635,nan
3.0,-0.027223,-0.12828,-0.040173,nan,-0.062935,-0.10962999999999999,-0.07772000000000001,-0.10529000000000001,-0.10868,nan,-0.097139,-0.10678,nan,nan,nan,-0.11062999999999999,-0.10733,-0.10930999999999999,-0.10894000000000001,-0.10958,nan,-0.12036,-0.13162000000000001,-0.12491,-0.11677,-0.12564,nan,-0.12034,-0.14737999999999998,-0.14340999999999998,-0.1436,-0.133,-0.14371,nan,nan,-0.16229000000000002,-0.18070999999999998,-0.19233,-0.1919,-0.20606999999999998,nan,-0.20544,-0.2158,nan,nan,nan,-0.22211999999999998,nan,nan,-0.25816999999999996,nan,-0.2788,-0.27144,-0.26298,-0.27408000000000005,nan,-0.28098,-0.29145,-0.30404000000000003,-0.30761,-0.31148000000000003,nan,nan,nan,nan,-0.36756,-0.36921,nan,-0.3848,-0.38437,-0.3805,-0.39502,-0.40621999999999997,-0.41346000000000005,-0.40146,-0.40362,nan,-0.41718,-0.40043,-0.41984,-0.41957,-0.4195,-0.44356,nan,-0.42841,-0.43799999999999994,-0.4383,-0.44902,-0.46073000000000003,-0.46103,-0.46073000000000003,nan,-0.46487,nan,-0.4675,nan,-0.47486999999999996,nan,nan,-0.49725,-0.4842,-0.49778999999999995,-0.51323,-0.49745,-0.49938,-0.50912,-0.50702,-0.50926,-0.5218,-0.53289,nan,-0.53296,nan,-0.54046,-0.53822,-0.55383,-0.56388,-0.55591,nan,-0.5558,-0.56763,-0.55699,-0.5615600000000001,nan,-0.57957,-0.57481,-0.58543,-0.58427,-0.5826399999999999,-0.6027399999999999,-0.59024,-0.6019399999999999,-0.61345,-0.61521,-0.60316,-0.60685,-0.61479,-0.61222,-0.61259,-0.61563,nan,-0.62675,-0.63715,-0.6388,nan,-0.65622,-0.65288,-0.65072,-0.66545,-0.67678,-0.6815899999999999,-0.67278,-0.68512,-0.68475,-0.69342,nan,nan,-0.69747,nan,-0.70605,-0.7057399999999999,-0.71015,-0.7199399999999999,-0.72108,-0.73277,nan,-0.72775,-0.73331,-0.7287600000000001,-0.7316699999999999,-0.73172,nan,-0.75129,-0.74263,-0.75621,-0.75588,-0.75352,-0.7650600000000001,-0.76567,-0.76646,-0.76293,-0.77205,-0.77487,-0.76555,-0.7820600000000001,-0.7896,-0.76837,-0.74326,nan,nan,-0.7602399999999999,-0.7671,-0.76478,nan,-0.76695,nan,-0.76856,nan,-0.76663,-0.7781899999999999,-0.76652,-0.7803399999999999,-0.7843100000000001,-0.7799,-0.78733,nan,-0.79143,-0.7895,-0.79061,nan,-0.79865,-0.80289,-0.79276,-0.78497,-0.79494,-0.79835,nan,-0.79173,-0.80243,nan,-0.7913899999999999,-0.7862,-0.80113,-0.7903600000000001,nan,-0.79619,-0.78715,-0.78762,-0.79219,-0.80079,-0.7799,-0.79938,-0.7954399999999999,-0.7806,-0.81088,nan,nan,-0.8001199999999999,-0.78498,-0.79106,-0.78901,-0.79073,-0.80145,-0.80147,-0.80053,-0.80456,nan,-0.8498700000000001,-0.82342,-0.8332700000000001,-0.84645,-0.83735,-0.8495299999999999,nan,nan,-0.83795,-0.83373,-0.83542,-0.8358399999999999,nan,-0.8251700000000001,nan,-0.8494,nan,-0.8375,-0.8358899999999999,-0.83504,-0.84254,-0.84557,-0.82375,-0.83157,-0.82957,-0.8126,-0.82719,-0.82657,-0.82626,-0.8156100000000001,-0.81121,-0.81366,-0.81109,-0.81334,-0.80886,nan,-0.80452,nan,-0.80238,-0.80188,-0.8014600000000001,-0.80156,nan,-0.78554,nan,-0.7857,-0.79155,-0.7850699999999999,-0.78041,-0.7902100000000001,-0.76799,-0.77662,-0.77066,-0.76341,-0.76169,-0.74798,-0.76077,nan,-0.75254,-0.75547,-0.75545,-0.75476,-0.76541,-0.75975,-0.74111,-0.74985,-0.74892,-0.73926,-0.74236,-0.74219,-0.74246,-0.74374,-0.74407,-0.73136,nan,nan,-0.73645,-0.74082,-0.74728,nan,-0.72821,-0.73264,-0.7327899999999999,-0.74292,-0.73458,-0.7277,-0.74133,-0.73439,nan,-0.7451800000000001,-0.73697,-0.73206,-0.74433,-0.743,-0.74253,-0.75561,-0.7356199999999999,nan,-0.74575,nan,-0.74871,-0.75125,-0.73939,-0.73061,-0.73319,nan,-0.68997,-0.67084,-0.67391,-0.66967,-0.67369,nan,-0.6766800000000001,-0.68172,-0.6725899999999999,-0.68528,-0.68519,nan,-0.6804399999999999,-0.68498,-0.67993,nan,-0.67248,-0.65777,-0.66054,-0.66195,-0.67395,-0.66255,-0.6584899999999999,nan,-0.6612100000000001,-0.66797,-0.66325,-0.6403,-0.6573100000000001,-0.67332,-0.65701,nan,nan,-0.6498,-0.6571100000000001,nan,-0.6588,-0.65618,-0.64267,-0.6530199999999999,-0.64064,-0.62769,-0.65022,nan,-0.63589,-0.63775,nan,-0.63669,nan,-0.63663,-0.6332300000000001,-0.62298,-0.6282800000000001,-0.6373,nan,nan,-0.6261899999999999,-0.62478,-0.6255,-0.6207600000000001,-0.60477,-0.60224,-0.5978899999999999,-0.5899800000000001,nan,-0.58002,-0.6000300000000001,nan,-0.60736,-0.62235,nan,nan,-0.6135,-0.62973,-0.62224,-0.61543,-0.6271399999999999,-0.61447,-0.6317,nan,-0.57829,-0.56265,-0.5676100000000001,-0.56486,-0.5677399999999999,-0.56524,-0.55502,-0.5561,-0.56614,nan,-0.55525,-0.56123,-0.5673199999999999,-0.56611,-0.56307,-0.55235,-0.55598,-0.55518,-0.55618,-0.55619,-0.55283,-0.56547,-0.55835,-0.55777,nan,-0.5441199999999999,-0.5474100000000001,nan,nan,-0.5441699999999999,-0.5451199999999999,-0.5392399999999999,-0.55637,nan,-0.53589,nan,nan,-0.53163,-0.53378,-0.5435,-0.53342,-0.53252,-0.53146,-0.54015,nan,-0.5274300000000001,nan,-0.52754,-0.5371600000000001,nan,nan,-0.5334899999999999,-0.53361,-0.53086,-0.5333,nan,-0.5385300000000001,nan,-0.52756,-0.53586,-0.5428,-0.54397,-0.5440699999999999,-0.53277,-0.5413899999999999,-0.54267,nan,-0.53438,-0.5353600000000001,-0.54093,nan,nan,nan,-0.53341,-0.53335,nan,nan,-0.5350199999999999,-0.53423,-0.54647,-0.53598,-0.53187,-0.53103,-0.53387,nan,-0.53365,-0.53154,-0.53176,-0.53694,-0.54592,-0.53445,-0.5341,-0.5444399999999999,-0.54091,-0.53147,-0.53354,-0.54373,-0.5337,-0.5373399999999999,nan,-0.55318,-0.55819,-0.57221,-0.5777899999999999,-0.56215,-0.55671,-0.5807399999999999,-0.58113,nan,-0.57729,nan,-0.5635600000000001,-0.5706100000000001,-0.58287,nan,nan,-0.5682,-0.56821,nan,-0.56982,-0.55747,-0.54386,-0.55266,-0.57327,-0.55676,nan,-0.56542,-0.55443,-0.556,-0.5554399999999999,-0.56628,nan,-0.5514,nan,nan,nan,-0.5646800000000001,-0.55215,-0.55704,-0.56821,-0.56816,nan,-0.5514600000000001,-0.56566,-0.55805,-0.55786,-0.5686399999999999,-0.5651,-0.56715,-0.56726,-0.56775,nan,nan,-0.55712,-0.54964,-0.56676,-0.55207,-0.5452600000000001,-0.5525399999999999,-0.54278,-0.55606,-0.5429999999999999,-0.54332,nan,-0.56471,-0.56143,nan,-0.55209,-0.57203,-0.55938,-0.5572199999999999,-0.56709,nan,nan,-0.56619,-0.56868,-0.55061,-0.5405399999999999,-0.57185,-0.5407,nan,-0.5232,nan,-0.49767,-0.5090100000000001,-0.50818,-0.5091600000000001,nan,-0.49883,nan,-0.51203,-0.48838000000000004,-0.50385,nan,nan,-0.5210600000000001,-0.51,-0.50748,-0.5059100000000001,-0.51641,-0.51336,-0.5070399999999999,nan,-0.49728,-0.5082399999999999,nan,-0.50866,-0.51021,-0.50469,nan,-0.5111399999999999,-0.50739,-0.5019899999999999,-0.49642,-0.51068,-0.50674,-0.50951,-0.50953,-0.4966,nan,-0.50918,-0.5058699999999999,-0.5083300000000001,-0.5059,nan,-0.50629,-0.50967,-0.50735,nan,-0.48445,-0.47571,-0.4711,-0.47338,-0.47175,nan,-0.47288,-0.47202,nan,-0.47286999999999996,-0.46238999999999997,-0.47271,-0.47338,-0.474,-0.4641,-0.4603,-0.45798,-0.46662,-0.46967,-0.46261,-0.47336000000000006,-0.45059,-0.45895,-0.47356000000000004,-0.46533,nan,nan,-0.46221,-0.45993999999999996,-0.4593,-0.44688999999999995,-0.45118,-0.46247,-0.46118000000000003,-0.47173999999999994,-0.46621999999999997,nan,-0.47057,nan,-0.45997,-0.45961,-0.46375,-0.47348,-0.46251000000000003,nan,-0.45028999999999997,nan,-0.46193,-0.46058999999999994,-0.45516,-0.44893,-0.46624,-0.47334,-0.47386999999999996,-0.4745,-0.47376,-0.47351000000000004,-0.47223000000000004,-0.47347,-0.47021999999999997,-0.47806000000000004,-0.48341000000000006,nan,-0.48216000000000003,nan,-0.50937,-0.49754,-0.49649,-0.49256000000000005,nan,-0.49048,-0.49286,nan,-0.49796999999999997,nan,-0.50563,-0.49733999999999995,-0.50741,-0.5201899999999999,-0.5100399999999999,-0.5131,-0.52251,-0.5160399999999999,-0.52437,nan,-0.53164,-0.53273,-0.5333,-0.5328,nan,-0.53092,-0.5423,nan,nan,-0.58727,-0.60227,nan,-0.61392,-0.6029399999999999,-0.61375,-0.61429,nan,-0.60322,-0.6076199999999999,nan,-0.6009399999999999,-0.61924,-0.626,-0.62605,nan,-0.62716,nan,-0.6369199999999999,-0.62615,-0.6296,-0.60561,-0.59003,-0.60063,nan,-0.60375,-0.60288,-0.6137,-0.61535,nan,-0.61478,-0.61034,nan,-0.62578,-0.62658,-0.63903,-0.63548,nan,nan,-0.63683,-0.6466,-0.64541,-0.66322,-0.66795,-0.66099,-0.6746,nan,-0.6853,nan,-0.68415,nan,-0.70665,nan,-0.7156,-0.71629,-0.726,-0.72592,-0.72412,-0.75734,nan,-0.74216,-0.7643300000000001,nan,nan,nan,-0.80373,-0.80938,-0.80005,nan,-0.8254299999999999,nan,-0.8265,-0.8332,-0.8489700000000001,-0.8422299999999999,nan,-0.82991,-0.7953,nan,-0.80912,-0.81622,-0.82634,nan,nan,-0.83045,-0.85506,-0.8538600000000001,nan,nan,-0.8482200000000001,-0.86477,-0.8719399999999999,-0.8739100000000001,nan,-0.90659,-0.91491,-0.93371,-0.9515,-0.9474,-0.93819,nan,nan,-0.96604,nan,nan,-0.9763799999999999,-0.9788399999999999,-0.97634,-0.9769399999999999,-0.9798600000000001,nan,-0.9979,-0.98524,-0.99145,-1.0017,-1.0018,nan,-1.0112,-1.0276,nan,-1.0277,-1.0218,-1.0259,nan,nan,-1.0485,-1.037,nan,-1.0471,-1.0556,-1.0581,-1.0653,-1.0668,-1.0589,-1.0756,-1.0852,-1.0961,-1.1076,nan,-1.1246,-1.1576,-1.1646,-1.171,-1.1722,-1.1654,nan,-1.1774,-1.1902,nan,nan,-1.1992,-1.1982,-1.2074,nan,-1.1945,-1.2047,-1.212,nan,-1.2262,-1.226,-1.2229,-1.237,-1.2146,-1.2237,-1.2368,-1.2362,-1.2492,-1.2449,nan,-1.2477,-1.2487,-1.2478,-1.2471,-1.2458,-1.2473,-1.2392,-1.2346,nan,-1.2551,-1.2468,-1.2471,-1.2367,-1.2464,-1.2486,-1.2445,-1.2486,-1.2378,nan,nan,-1.2409,-1.2366,-1.2482,-1.2488,-1.2489,nan,nan,nan,-1.2232,-1.2273,-1.2125,-1.1995,-1.197,-1.1904,-1.2139,-1.1912,-1.1868,-1.1817,-1.1684,-1.1518,nan,nan,nan,nan,-1.1179999999999999,-1.1079,nan,-1.0834,-1.0924,-1.0826,-1.0538,-1.0414,-1.0271,-1.0057,-1.0013,-0.99997,-0.99011,-0.99018,-0.9785799999999999,-0.97967,-0.9607899999999999,-0.9472299999999999,-0.92479,nan,-0.89051,-0.8829,-0.8817,-0.8612299999999999,-0.86139,nan,-0.82637,-0.81202,nan,nan,nan,-0.74527,nan,nan,-0.68391,-0.66237,nan,nan,nan,-0.5603899999999999,nan,-0.53617,-0.50473,-0.48243,-0.46986000000000006,-0.43751,nan,-0.39139,-0.39407,-0.35867,-0.32879,-0.3014,-0.27943,-0.26182,-0.2192,-0.19965,-0.16819,-0.15802,nan,-0.080693,-0.050804,nan,0.011746,nan,0.062776,0.10929000000000001,0.12951,0.17257999999999998,0.18297,0.21086999999999997,0.25732,nan,0.32086,0.36055,0.39916999999999997,nan,0.46191000000000004,0.49468999999999996,0.5372899999999999,0.56879,0.60125,0.6340100000000001,nan,0.72587,0.76359,0.78042,0.8511,0.9407200000000001,0.97205,0.99544,1.0493,1.0959,1.1144,1.1616,1.2068,1.2351,nan,1.3311,1.3538,nan,1.4543,1.4969,1.5272,1.5789,nan,1.6388,1.6754,1.7428,nan,1.8098,nan,1.9362,nan,1.9653,2.0108,2.0672,2.121,2.1642,2.1912,2.2322,2.3061,2.3582,nan,2.3999,2.4641,2.5043,2.517,2.5743,2.6214,nan,2.6947,2.7327,nan,2.803,2.8354,nan,2.9206,2.9318,2.9388,2.9712,3.0076,3.0447,3.0459,nan,3.0473,nan,nan,nan,3.0581,3.0644,3.0795,3.0774,nan,3.0699,3.0567,3.0471,3.0362,3.0247,3.0072,2.9739,2.9508,2.9294,nan,2.9353,nan,nan,nan,2.8366,2.8045,2.7987,2.7902,nan,2.7382,2.7163,nan,2.6997,2.6671,2.6594,nan,2.6124,2.6169,nan,nan,2.5599,2.5317,2.5304,nan,2.4949,2.4954,2.4842,2.4838,nan,nan,2.4337,2.412,nan,2.3692,2.35,nan,2.329,nan,2.3083,nan,2.3347,2.3057,nan,2.3051,2.295,nan,2.2839,2.2686,2.2377,2.2611,2.2328,2.2215,2.2222,2.2061,2.1966,2.19,2.1865,2.1643,2.1692,2.1679,2.1452,2.1423,2.1455,2.1357,2.1292,2.1341,nan,2.1166,2.0888,2.0746,2.097,nan,2.0806,2.0886,2.0758,2.0671,2.0568,nan,2.0380000000000003,2.0361,2.0251,2.015,1.9922,1.9909999999999999,1.9827,1.9769999999999999,nan,1.9754,1.9619,1.955,1.9387,1.9354,nan,1.9711,1.9539,nan,nan,1.9575,1.9492,nan,1.956,nan,1.931,1.9201,1.9204,1.9119,1.8933,1.8655,1.8695,nan,1.8398,1.8205,1.818,1.8254,1.8032,1.8030000000000002,nan,nan,1.7819,1.7761,1.7605,1.7888,nan,1.8012,nan,nan,1.7917,1.7817,1.7785,1.7753,1.7590000000000001,1.7576,nan,1.7404,nan,1.7336,1.7323,1.7209999999999999,nan,1.7045,1.6867,1.6864,nan,1.6866,1.6851,1.6869,1.6842,1.662,1.651,1.6517,1.6494,1.6549,1.6356,1.6258,1.6238,1.6149,1.6159999999999999,nan,1.6154,1.6038,1.6166,1.6044,1.6153,1.6059999999999999,1.6147,1.6005,1.5857,nan,1.5864,1.5807,1.5806,1.5706,1.5606,1.5431,1.5156,1.5121,nan,1.4834,nan,1.4719,1.4753,1.4865,nan,1.4822,1.4912,1.4714,1.4613,1.4657,1.4588,nan,1.4164,1.4161,1.4048,1.4053,nan,1.3997,1.4080000000000001,nan,1.3896,1.3968,1.386,1.3706,1.3802,1.3583,1.3573,1.3499,1.3373,nan,1.3063,1.3158,1.3029,1.2846,1.2873,1.2731,1.2636,1.2752,1.2658,nan,nan,nan,1.248,nan,1.2163,1.2033,1.2055,1.1937,1.1617,1.1392,1.1176,1.1036,1.0937,1.0828,1.0708,1.0645,1.0642,1.0649,1.0646,1.0525,1.0556,1.033,nan,1.037,1.0253,1.0065,0.9788100000000001,0.9978899999999999,0.9914200000000001,nan,0.96042,0.9477,0.9486,0.93874,0.9358799999999999,0.9297799999999999,0.92325,0.91896,0.89735,nan,0.89974,0.8892,0.87775,0.8757,0.8722700000000001,0.85655,nan,0.8305,0.8202,0.8282799999999999,nan,0.80575,0.80857,0.78414,0.78417,nan,0.77377,0.75861,nan,0.75834,0.74707,0.7457199999999999,0.7229,nan,nan,0.7013699999999999,0.6957800000000001,nan,0.65337,0.6422,nan,nan,0.64203,0.64108,0.61941,0.62767,0.62448,0.6107600000000001,0.5964,nan,0.5927100000000001,nan,0.56855,nan,0.55965,0.59386,0.5754100000000001,0.57017,0.55905,0.54366,0.5492100000000001,0.52512,0.50981,0.48146000000000005,0.46753999999999996,nan,0.46852,0.45474,0.44037,0.41528000000000004,0.43112,0.41886,nan,0.4015,0.38238,0.3816,nan,0.36084,0.34002,0.3296,0.30595,0.3113,0.30301,0.2931,0.29734,0.26053000000000004,0.25385,0.22944,0.21806999999999999,0.21952,nan,0.21600000000000003,0.19255,0.18359,0.18145,nan,0.18877,0.17959,0.14798,0.14864000000000002,0.13903,0.13669,0.13203,nan,0.11525,0.11242,0.097001,nan,0.088119,0.066147,nan,0.059434,0.041424,0.066447,0.086092,0.068879,0.07394400000000001,0.076254,0.066927,0.066401,0.054353,0.054765,0.045849,0.040782,0.048369,0.032938,nan,0.037363,0.014133000000000001,0.0066375,-0.004476300000000001,nan,-0.015494999999999998,-0.016474000000000003,-0.014098,nan,-0.035852999999999996,-0.035483999999999995,-0.043812000000000004,-0.0486,-0.054794,-0.075887,nan,nan,-0.08452799999999999,-0.09589299999999999,-0.087983,-0.08976,-0.097998,-0.09933099999999999,-0.11118,-0.10790999999999999,-0.10977999999999999,nan,-0.10997,nan,nan,nan,-0.13242,-0.12947999999999998,-0.13568,-0.14699,-0.15924000000000002,-0.16915999999999998,-0.18207,-0.20332,-0.20317000000000002,-0.20425,-0.19172999999999998,-0.20207,-0.21984,-0.20918,-0.22225999999999999,-0.23970999999999998,-0.23711,-0.23883000000000001,-0.23889000000000002,-0.2366,nan,nan,nan,-0.24165999999999999,-0.25636,-0.25851,-0.24791,-0.25018,-0.25078,-0.2623,-0.26338,-0.2517,nan,-0.25648000000000004,-0.26305,-0.25647,-0.24608000000000002,-0.25326,-0.26138,-0.24978000000000003,-0.25054,-0.25075,-0.24816,-0.25785,-0.26291,-0.25892,-0.2635,nan,nan,nan,-0.26206,-0.26265,-0.26269000000000003,-0.2606,-0.26339,-0.25225,-0.25258,-0.26511,-0.25725,nan,-0.27225,-0.26236,-0.26302,-0.24977,-0.26925,-0.26853,nan,-0.26661,-0.25136,-0.25437,-0.25914,-0.25003000000000003,-0.26323,-0.26288,nan,nan,-0.25508000000000003,-0.2666,-0.25008,-0.25539,-0.25829,-0.248,nan,-0.25105,-0.26279,-0.26208000000000004,-0.26368,nan,nan,-0.25497,-0.24278000000000002,nan,-0.23578000000000002,nan,-0.21591,-0.20405,-0.21370999999999998,nan,nan,nan,-0.20052,nan,-0.18607,-0.19487000000000002,-0.20310999999999998,-0.20369,-0.20404,-0.19216,-0.19075999999999999,-0.18382,-0.17600000000000002,-0.18342,-0.17094,-0.16944,-0.16253,-0.1584,-0.16741,-0.1451,-0.15537,-0.14781,-0.14062,nan,-0.13643,nan,-0.11907999999999999,-0.1214,-0.12078,-0.12185,nan,-0.11087999999999999,-0.10727,-0.11214,-0.1019,nan,-0.14346,nan,-0.16646,-0.13912,-0.14640999999999998,nan,-0.13202,-0.1435,-0.13534000000000002,-0.12949000000000002,nan,nan,-0.097087,-0.10525999999999999,-0.11805,nan,-0.086386,nan,nan,-0.059259000000000006,nan,-0.049995,-0.06143099999999999,nan,-0.043129,-0.054636000000000004,-0.046423,nan,0.0081852,0.0080339,0.009118600000000001,0.013809,nan,0.030494,0.039753,0.05910599999999999,0.036404,0.034224,0.054539,0.042819,0.054778,nan,0.052449,0.049933,0.047655,0.057555999999999996,nan,0.067371,nan,nan,0.043653,0.050774,0.069664,nan,0.064458,0.06312100000000001,nan,0.071062,0.065219,0.053722000000000006,0.0552,nan,0.045703,nan,0.058774,nan,0.061116,0.072388,nan,0.058825,0.065429,0.04226,0.05386799999999999,0.05588099999999999,0.063399,0.071556,0.060014,0.054319000000000006,0.060525,0.069901,0.066354,0.06853,0.077672,0.067839,0.055015999999999995,0.064828,0.06929099999999999,0.070478,0.092933,0.10493,0.1035,0.12025,0.13853,0.13607,0.1359,0.14836,0.14843,nan,0.16272999999999999,0.16257,0.15763,0.14787,0.14998,0.14892,0.14827,0.13702,nan,0.14827,nan,nan,nan,0.14587,0.13581,nan,0.13685,nan,0.12498,0.12295999999999999,0.13708,nan,nan,0.1261,nan,nan,nan,0.11450999999999999,0.11366,0.11369000000000001,nan,nan,0.11266,0.11490999999999998,nan,0.11008,nan,0.10156,0.087937,0.090693,0.10156,0.091416,0.089112,0.092061,0.08921799999999999,0.09322899999999999,0.08773099999999999,0.096786,0.10103999999999999,0.10625,nan,0.14809,0.16069,0.15141,nan,0.13604000000000002,0.1219,0.12787,nan,0.12559,0.12533,nan,0.11364,0.1137,0.11447,0.11512,0.11358,0.12104000000000001,0.12464000000000001,0.10835,0.1027,0.1017,0.10217999999999999,nan,nan,0.091544,0.080599,0.085239,0.093214,0.08795499999999999,0.069279,0.05609600000000001,0.069176,0.066551,0.06652999999999999,nan,nan,nan,0.055970000000000006,0.054502999999999996,0.062523,0.065803,0.05387,0.055211,0.041545,0.042345999999999995,nan,0.021687,nan,0.011715999999999999,0.011812000000000001,-0.0021972,-0.013649000000000001,nan,-0.018016,nan,-0.028451999999999998,-0.037462999999999996,nan,-0.0414,nan,-0.018817
5.0,0.51826,nan,nan,0.47126,0.42086,0.39309,0.41808,0.39469,0.39505999999999997,0.41813999999999996,nan,0.39497,0.3987,0.39489,0.37593000000000004,nan,0.38201,0.38966,0.36914,0.35317,nan,0.37135,0.36708,nan,0.36961,0.36717,0.36714,0.37,0.36696999999999996,0.35913,0.34619,0.32537,nan,0.34275,0.35301,0.34215,nan,0.35257,0.3323,0.33381,0.35436,nan,0.31368,0.31365,0.31767,0.30519,0.29913,nan,nan,0.3124,nan,0.31508,0.31256,nan,0.30932,0.28053,0.25676,0.27560999999999997,0.3003,0.29209,nan,0.28631999999999996,0.29662,0.30376,0.29649000000000003,nan,nan,0.26098000000000005,0.27376,0.2664,0.25793,nan,0.25351999999999997,0.24377,0.25323,nan,0.25555,nan,0.25237,0.25847,0.25749,0.26342,0.25544,0.24243,0.26065,0.27136,0.25014000000000003,0.24308000000000002,0.24366,0.24111999999999997,0.25873,0.25390999999999997,0.22931999999999997,0.25354,0.27034,0.22826999999999997,0.22244,0.2664,0.25843,0.21563000000000002,0.22430999999999998,nan,0.23001,0.23713,0.27154,0.2536,0.23019,0.25436,0.24821999999999997,0.21161,0.21374,nan,0.21650999999999998,nan,nan,0.203,0.21373000000000003,0.22512,0.214,0.20365,0.21104,0.21936999999999998,nan,0.21796,0.21745,nan,0.19339,0.19134,nan,0.20754,0.2018,0.19178,0.18714,0.19213,0.1921,nan,0.17839000000000002,0.18963,0.17919000000000002,0.16002,0.17093,0.19118,0.18734,0.18698,0.20432,0.19896,0.17768,0.17634,nan,nan,0.19669,0.20071,0.17768,0.18225999999999998,0.18895,nan,0.16312000000000001,0.18185,nan,0.16360999999999998,0.168,0.18725999999999998,0.19118,0.16591,nan,0.15974000000000002,0.16162,0.14978,0.15047,0.14626,0.13493,nan,0.16945,0.16489,0.15173,0.15173,0.16184,nan,0.13926,0.12095999999999998,0.13036,0.13480999999999999,0.12197000000000001,nan,0.12272000000000001,nan,nan,nan,0.12065,0.11773,nan,nan,nan,0.1259,0.10590999999999999,0.13644,0.14579,0.10894000000000001,0.10187,0.10814000000000001,0.094807,nan,0.095972,0.1051,0.13205999999999998,0.12879000000000002,0.1068,0.12383,0.13592,nan,nan,0.11495,0.10751,0.091599,0.10507000000000001,0.12054000000000001,0.10590999999999999,0.092771,0.10594,0.10772000000000001,nan,0.079399,0.096554,0.086073,0.065885,0.074684,nan,nan,0.08994400000000001,0.09664400000000001,0.093736,0.10352,0.10745,0.093766,0.084254,0.078805,0.07975700000000001,0.098578,0.11291,0.10626,0.097165,0.094962,0.09377200000000001,0.094385,0.09653099999999999,nan,nan,nan,nan,0.081751,0.080469,0.079957,nan,0.10039,0.093227,0.080137,0.090325,0.1068,0.09375800000000001,0.071247,0.081184,nan,0.088423,nan,nan,0.08646799999999999,0.06679299999999999,0.10102,nan,0.050026,nan,0.09490499999999999,nan,0.055385000000000004,0.055696,0.067298,0.079965,0.07956,0.080957,0.094137,0.08781599999999999,nan,0.061786,0.076002,0.080041,nan,nan,0.079657,nan,nan,0.11943,0.0988,0.099591,0.10620999999999998,0.087375,0.08129299999999999,0.09589400000000001,nan,0.093688,0.094286,0.094027,nan,0.09245,0.080618,0.088619,0.093862,nan,0.11105999999999999,0.11922,0.08954,nan,0.096417,0.088534,0.072065,0.083872,0.096734,nan,0.080736,nan,0.07496799999999999,0.08480800000000001,nan,0.08676,0.047721,0.049118,0.053915,nan,nan,nan,-0.00036457,0.012286,0.0012799,nan,-0.0061631,nan,-0.0033264,-0.0028466,-0.00041319999999999996,-0.0027158,-0.00998,-0.029779000000000003,-0.043528,-0.032552,-0.023334,-0.030545,nan,-0.02332,-0.032654,nan,-0.058986000000000004,-0.057045000000000005,-0.075169,nan,-0.10908,-0.09678300000000001,nan,-0.1432,-0.13279000000000002,-0.10916,-0.13751,-0.17785,-0.16674,nan,-0.1742,-0.18692,nan,-0.18716,nan,-0.22091,-0.21974000000000002,-0.2314,-0.25189,-0.25084,nan,-0.23895999999999998,-0.25899,-0.26252,nan,-0.27323000000000003,-0.27816,-0.27428,-0.28573000000000004,-0.29896,-0.27946,-0.2599,-0.28815,-0.32258000000000003,nan,-0.31605,nan,-0.33368000000000003,nan,nan,nan,-0.33876,-0.32721999999999996,nan,-0.36823,nan,-0.39905999999999997,nan,-0.38189,-0.39526,-0.41678999999999994,nan,nan,-0.38787,-0.42103999999999997,-0.41581,-0.40286,-0.42143,-0.43953000000000003,-0.43167,-0.42258,-0.42541999999999996,-0.42541,-0.42546000000000006,-0.43796,-0.45158000000000004,nan,-0.44018999999999997,-0.44937,-0.4783,-0.49445,-0.4917,-0.49582,nan,-0.47998999999999997,-0.48615,-0.51989,-0.54256,-0.5496300000000001,-0.5499,-0.53928,-0.53204,-0.53523,-0.5344,-0.53527,-0.5485399999999999,nan,nan,-0.54783,-0.58539,-0.60602,-0.5925699999999999,-0.58495,-0.59465,-0.604,-0.60529,-0.59887,-0.6036199999999999,-0.6238199999999999,-0.63036,-0.63198,nan,-0.65346,-0.6329199999999999,-0.63393,-0.65091,-0.64683,-0.63852,nan,-0.67301,-0.6734,-0.66957,nan,-0.6729,nan,-0.67323,-0.67485,-0.66422,nan,-0.674,-0.69323,-0.7013199999999999,-0.70712,-0.71302,-0.70095,-0.68399,-0.69098,-0.70126,-0.7029,-0.72797,-0.75615,-0.74698,nan,-0.75644,nan,nan,-0.75658,-0.7708,-0.75589,-0.7417600000000001,-0.75775,-0.7731399999999999,-0.76944,-0.77285,-0.78952,-0.7961600000000001,-0.78609,-0.7731,nan,-0.78437,nan,-0.79468,nan,-0.7961600000000001,-0.8254299999999999,-0.8240700000000001,-0.82588,-0.8369,-0.8193299999999999,-0.79948,-0.812,-0.82465,-0.81191,-0.79514,-0.8001,-0.82014,-0.8231200000000001,-0.81017,-0.80985,-0.80896,-0.79528,-0.8026399999999999,nan,-0.81819,nan,-0.79782,-0.81725,-0.82549,-0.82345,-0.82186,-0.82337,-0.8236700000000001,-0.82231,-0.8228,-0.82401,nan,nan,-0.84929,-0.8297100000000001,-0.81633,nan,-0.82649,-0.81572,-0.8272799999999999,-0.84814,-0.83972,nan,-0.8295,-0.84193,-0.8335799999999999,-0.82235,-0.8282799999999999,nan,-0.8356299999999999,-0.8360200000000001,nan,-0.82516,-0.8208200000000001,nan,-0.8314799999999999,-0.84235,-0.8314299999999999,-0.80947,-0.81758,-0.82086,-0.79772,-0.80348,-0.8261299999999999,-0.82347,-0.83173,nan,-0.8421,-0.82315,nan,-0.82431,nan,nan,-0.8250200000000001,-0.8146800000000001,-0.8084399999999999,-0.80855,-0.81263,-0.82662,-0.82744,-0.80787,nan,-0.8351,-0.8265,-0.82599,-0.83842,-0.80829,-0.7779,-0.80092,nan,-0.82119,-0.8218700000000001,nan,-0.82178,-0.8222799999999999,-0.82545,-0.82025,-0.81019,-0.81291,-0.8260799999999999,nan,-0.81311,-0.8085899999999999,-0.80978,-0.80324,-0.79165,-0.79293,-0.80645,-0.80632,-0.79611,-0.79681,-0.7902100000000001,-0.77108,-0.7673800000000001,nan,-0.7442300000000001,-0.7354,-0.7407600000000001,-0.7298399999999999,nan,-0.73155,-0.74149,-0.73136,-0.72637,-0.7390399999999999,-0.74033,-0.7159,nan,-0.7094600000000001,-0.70757,-0.68787,-0.69443,-0.71812,-0.70531,-0.67271,-0.67892,-0.71054,nan,nan,nan,-0.67665,-0.68414,nan,-0.68308,-0.70519,-0.69067,-0.65841,-0.6642600000000001,nan,-0.67962,-0.66723,-0.65988,-0.64607,-0.64791,-0.6587,-0.6491100000000001,-0.64615,nan,-0.64672,-0.61956,-0.6048100000000001,-0.59973,-0.60656,nan,-0.61788,-0.61487,nan,-0.5837600000000001,-0.57394,nan,-0.5695899999999999,-0.5563100000000001,-0.54994,nan,-0.53046,-0.5351199999999999,nan,-0.52469,-0.50915,-0.5200600000000001,-0.54159,-0.53641,-0.51944,-0.52752,-0.53593,-0.51685,-0.50349,-0.50895,nan,-0.50678,nan,-0.50017,-0.48715,-0.4812,-0.47133,-0.46508,-0.48099,-0.49587,nan,-0.48117,-0.5020399999999999,-0.5001,-0.46838,-0.45926000000000006,-0.47285,-0.46831000000000006,-0.45303000000000004,-0.45678,-0.46856000000000003,-0.4616,-0.44098000000000004,-0.42615,-0.42308999999999997,nan,nan,-0.40514,-0.42488000000000004,nan,-0.4285,-0.42299,-0.41262,-0.386,-0.39337,-0.41372,nan,-0.38206999999999997,-0.40036,-0.39437,nan,nan,nan,-0.38611999999999996,-0.38503000000000004,nan,nan,-0.35833000000000004,-0.35528000000000004,nan,-0.3578,-0.34386,nan,-0.37275,nan,nan,-0.37221,-0.37446,-0.35869,-0.34371,nan,-0.34460999999999997,-0.34443,-0.34307,-0.3437,nan,nan,-0.34331,-0.3446,-0.34371999999999997,-0.34296,-0.34471,nan,-0.3389,-0.32919,-0.32625,-0.33749,-0.3442,-0.33385,-0.32305,-0.31481,-0.30304000000000003,-0.3047,nan,-0.30944,-0.28749,-0.29291,-0.32164,-0.33547,-0.32839,-0.31742,-0.31654,-0.3339,-0.34611,-0.32953000000000005,-0.31576,-0.32611999999999997,-0.32848,nan,-0.30255,-0.30048,-0.30308,-0.31233,-0.31942,-0.31408,-0.30337,-0.30055,-0.30205,-0.30096999999999996,nan,-0.31775,-0.31748000000000004,-0.31225,-0.31813,nan,-0.32708000000000004,-0.31213,-0.30156,-0.30437,-0.29924,nan,-0.29656,-0.30072,-0.28989000000000004,-0.29495,-0.30139,nan,-0.29003,nan,-0.26438,nan,nan,-0.2867,nan,-0.28146,nan,-0.26209,-0.29533000000000004,-0.293,-0.27921,nan,-0.27326999999999996,-0.28633000000000003,-0.28475,-0.25346,-0.23913,-0.25001,-0.24891,-0.24752,nan,-0.27760999999999997,-0.25829,-0.24619000000000002,nan,-0.26611,-0.25726,-0.24828000000000003,-0.24570999999999998,-0.24825999999999998,-0.25876,-0.2722,-0.27238,-0.25169,-0.23823000000000003,-0.25255,nan,-0.22816999999999998,-0.24531999999999998,-0.27519,-0.26241,-0.26826,-0.29097,-0.25763,-0.23296,nan,-0.25811999999999996,-0.24441999999999997,-0.24815,nan,-0.23835,nan,-0.2257,-0.22759000000000001,-0.26021,nan,nan,-0.25972,-0.2526,nan,-0.23319,-0.24488000000000001,-0.24618,-0.23728000000000002,-0.21946,-0.22679000000000002,-0.24715,-0.2404,nan,-0.23590999999999998,-0.22296999999999997,-0.22441,-0.24641,-0.25016,-0.24443,-0.23659000000000002,-0.22614,-0.24566,-0.26293,-0.23365999999999998,nan,-0.24658000000000002,nan,-0.23073000000000002,-0.24654,-0.25476,-0.23855,-0.23488,nan,-0.24291,-0.23549,-0.24241,-0.2455,-0.23593000000000003,-0.23789000000000002,-0.25364000000000003,nan,nan,-0.23915,-0.23531,-0.24550999999999998,-0.24065999999999999,-0.22196999999999997,-0.23028,-0.25742,nan,-0.22657,-0.25090999999999997,-0.27643,nan,-0.23049,nan,-0.2508,nan,nan,-0.24036999999999997,nan,nan,-0.23684000000000002,-0.23103,-0.23581,-0.24469000000000002,-0.24611999999999998,-0.24841999999999997,-0.25006,nan,nan,-0.24566999999999997,-0.24126999999999998,-0.23588,-0.25963,-0.28522,nan,-0.28996,-0.28376999999999997,nan,-0.28362,-0.2888,nan,nan,-0.28353,-0.2899,-0.26998,-0.25659,-0.27779,-0.29419,-0.27378,-0.26259,-0.28196,nan,-0.29104,nan,nan,-0.31521,nan,nan,-0.33014,-0.31788,-0.31505,-0.31654,-0.31396,-0.31844,-0.31551999999999997,-0.30109,-0.31090999999999996,-0.33155999999999997,-0.32214,nan,nan,-0.35520999999999997,-0.35405,-0.34328000000000003,-0.33193,-0.32979,nan,-0.35973,-0.34774,-0.34601,-0.36576,-0.36726,nan,-0.36613,nan,-0.37112,-0.37146,-0.366,nan,-0.38633,-0.36969,-0.35971,-0.38847,-0.40134000000000003,nan,-0.37889,nan,-0.39915,-0.40612,-0.42388000000000003,-0.42344,-0.41001000000000004,-0.43176000000000003,-0.47307,-0.47479,nan,-0.44043000000000004,-0.45893999999999996,-0.47925,-0.47853,nan,-0.49556000000000006,-0.50785,-0.49513,-0.50189,-0.5251399999999999,nan,-0.49573999999999996,-0.51418,-0.53457,nan,nan,-0.56286,-0.54623,-0.53673,nan,nan,-0.57672,-0.5956100000000001,nan,nan,-0.61643,-0.61717,-0.6178,-0.6272800000000001,-0.6402800000000001,-0.6459699999999999,nan,-0.6694100000000001,-0.66928,nan,-0.6695300000000001,-0.68874,-0.68708,-0.68479,-0.68498,-0.6837300000000001,nan,-0.7139800000000001,-0.71212,nan,-0.7265699999999999,-0.72492,-0.74053,-0.75629,-0.75407,-0.7662100000000001,nan,-0.77215,-0.76589,-0.78828,-0.7975300000000001,-0.7819,-0.78577,-0.81738,-0.8372299999999999,-0.83211,-0.82371,-0.8276,-0.83798,-0.8375,-0.83105,-0.8394299999999999,-0.84991,-0.8470700000000001,-0.85364,-0.875,-0.88707,-0.8917299999999999,nan,-0.9081,-0.9017799999999999,nan,-0.9478200000000001,-0.95621,-0.9354,-0.93358,nan,-0.9467200000000001,-0.9470000000000001,-0.96439,-0.96224,-0.94795,-0.9712799999999999,-1.0012,-0.9863700000000001,-0.97003,-0.9854299999999999,nan,-1.0025,-1.0134,-1.021,-1.0317,-1.0424,-1.0397,-1.0457,-1.0672,-1.0793,-1.0823,-1.0836,-1.0807,-1.0829,-1.0839,-1.0787,-1.0861,nan,-1.1059,nan,-1.1532,nan,-1.1311,-1.1761,-1.1924,-1.1916,-1.2061,-1.2088,-1.2025,-1.2066,-1.2131,-1.2238,nan,nan,-1.2496,-1.2484,-1.2377,nan,-1.2895,-1.2802,nan,-1.3016,-1.3147,-1.3141,-1.33,-1.3437,-1.3358,-1.3305,-1.3524,-1.376,-1.3581,nan,-1.3642,-1.4119,-1.4075,nan,-1.412,-1.4343,-1.4346,nan,-1.4214,nan,-1.4262,-1.4211,nan,-1.426,-1.4178,-1.4337,-1.4398,-1.4131,-1.4187,-1.4548,-1.464,-1.4701,nan,-1.4681,-1.4709,-1.4953,-1.4954,nan,-1.5095,-1.5196,-1.5171,-1.508,-1.5008,nan,-1.5354,nan,-1.5174,-1.5228,-1.5272,-1.5415,-1.5487,-1.5342,nan,nan,nan,-1.5658,-1.6078,nan,-1.6363,-1.6324,-1.6498,-1.6562,-1.6446,-1.6481,-1.6646,-1.656,-1.6398,-1.6573,-1.6718,-1.6569999999999998,-1.6682,-1.7028,nan,-1.6654,nan,-1.6663,-1.6761,-1.6872,nan,-1.6983,-1.6828,-1.6669,-1.6847,-1.6997,-1.6863,-1.6893,-1.6998,-1.6873,nan,-1.6837,-1.6602,-1.6629,-1.6886,nan,-1.6783,-1.6693,nan,-1.6642,-1.6705,-1.6569,nan,nan,-1.6559,-1.6699,-1.6848,-1.6613,-1.6627,-1.6883,nan,nan,-1.6736,-1.6736,nan,nan,nan,-1.6801,-1.6649,-1.6417,-1.666,-1.6840000000000002,-1.652,-1.6413,-1.6603,nan,-1.6559,-1.655,nan,-1.6219999999999999,-1.6127,-1.5919999999999999,-1.5825,-1.5708,-1.5493,-1.5534,-1.5609,-1.5488,-1.5538,nan,-1.5383,-1.5331,-1.5509,-1.5404,-1.5131,-1.5069,-1.5078,nan,-1.5076,nan,-1.4679,-1.4498,-1.4527,-1.4417,nan,-1.4097,nan,-1.4065,-1.3981,-1.4001,nan,-1.3726,-1.3683,-1.3658,-1.3365,nan,-1.3005,-1.3021,nan,-1.2655,-1.2583,nan,-1.2638,-1.2242,-1.2221,-1.2338,-1.2118,nan,-1.1546,-1.1267,-1.1151,-1.104,-1.0847,nan,-1.075,-1.0349,-1.0035,-1.0003,-0.9907299999999999,-0.96791,nan,-0.95934,-0.95637,-0.9341799999999999,-0.90791,nan,-0.86666,nan,-0.8313,-0.835,-0.8143100000000001,nan,-0.74179,-0.70543,nan,-0.65632,-0.64893,-0.6056699999999999,-0.5594399999999999,-0.52635,-0.48525,nan,nan,-0.42622,-0.37846,-0.34668000000000004,nan,-0.30583,nan,-0.24186,-0.20414000000000002,-0.16935,-0.13215,nan,-0.059611000000000004,nan,-0.0029295000000000002,0.023319,0.06528400000000001,0.11844,0.14793,0.15885,0.20193,nan,0.30657,0.32109,0.35172,nan,0.4087,0.4603,0.52079,0.5319699999999999,0.54415,0.6037899999999999,0.63943,nan,0.70903,0.75521,0.77752,0.83214,nan,0.8872899999999999,0.91755,nan,0.9967,1.0444,nan,1.175,1.1966,1.2168,1.2724,1.3287,1.3422,nan,1.4354,1.4815,1.5183,1.5798,1.6074,nan,1.6599,1.7006,1.7393,nan,nan,1.8330000000000002,1.8803,nan,1.9984,nan,2.0399,2.0528,2.0914,2.1157,2.136,2.1763,2.1932,2.2046,nan,nan,2.2995,nan,2.3168,2.2975,2.3077,nan,2.2981,nan,2.3296,2.326,2.3349,2.336,2.3253,2.3323,2.3429,2.3374,nan,nan,2.3113,2.318,2.3367,nan,2.3253,2.3321,nan,2.327,2.3303,2.3383,2.3283,2.326,2.3243,2.3039,2.2916,2.2812,2.2608,2.2548,2.2385,nan,2.2091,2.2123,nan,2.1523,2.1611,2.1522,2.1417,2.1305,2.1086,2.11,2.1198,nan,2.1014,2.0875,2.0658,nan,2.0761,2.0441,2.0366,2.0533,2.0522,2.052,nan,2.0186,nan,nan,2.0234,2.025,2.0238,2.023,nan,2.0371,2.0283,2.0152,2.0096,2.0094,nan,2.0257,2.0164,1.9947,2.0011,2.0227,2.0178,nan,2.0227,2.0195,2.0095,nan,2.0295,2.0214,2.0116,2.0119,2.0302,nan,2.0145,1.9945,nan,2.0143,nan,2.0099,2.0103,2.0108,2.0112,nan,2.0144,2.0253,2.01,1.9937,1.9958,1.9951,1.9991,2.01,nan,nan,2.0081,2.0133,nan,2.0102,2.0094,nan,nan,2.0209,2.0048,nan,nan,2.0325,2.039,2.0244,2.028,2.0281,nan,1.9852,2.0086,2.0044,1.9969,2.0099,1.9980000000000002,nan,1.9816,1.9788,1.9648,1.9566,1.9521,1.9593,1.9579,1.9394,1.9496,nan,1.9182,1.9029,1.9269,1.9094,1.8780000000000001,1.8736,1.8626,nan,1.8734,nan,1.8454,1.8475,1.8258,1.8225,nan,nan,nan,nan,1.8145,1.8028,1.8051,nan,1.7596,1.7764,1.7790000000000001,1.7499,1.7369,1.7425,1.7257,1.6961,1.6907,nan,1.6953,1.6878,1.6786,1.6819,nan,nan,1.6407,nan,1.6274,1.5866,1.5789,1.5882,1.5722,1.5576,1.5624,nan,nan,1.5465,1.5451,1.526,1.5154,nan,1.5316,1.4999,1.4904,1.5135,1.5087,1.4761,nan,1.4596,1.4496,1.4498,1.4446,1.4211,1.4072,1.4103,1.4073,1.3905,1.3728,1.3669,1.3679,1.3659,1.3671,1.3704,1.3584,1.3382,1.3351,1.3437,1.3381,1.3197,1.3065,1.2977,1.2879,1.2812,1.2706,1.2516,1.2367,1.2292,1.2271,1.2369,1.2433,nan,1.2072,1.2031,1.2044,1.1995,nan,1.1775,1.1722,1.1594,1.1546,1.1751,1.1724,1.1406,1.1365,1.1321,1.1077,1.1173,1.1171,1.074,1.0745,1.0931,1.0614,nan,1.097,1.0828,1.0428,nan,1.0515,nan,1.0377,1.0363,1.0453,1.0357,nan,0.9919,nan,0.99887,0.99549,0.9975700000000001,0.99865,nan,nan,0.97205,nan,nan,0.9706799999999999,nan,0.9525899999999999,0.93253,0.92381,0.91306,0.90161,nan,0.91465,0.8946799999999999,0.8810399999999999,nan,0.90128,0.89871,0.88444,0.87372,0.88046,nan,0.87815,0.8684299999999999,0.8763700000000001,0.8784700000000001,0.8541,0.82967,nan,0.8415600000000001,0.8482799999999999,0.84878,0.8400200000000001,0.83293,0.84355,nan,nan,0.81491,nan,0.84395,0.8217399999999999,nan,0.81425,0.79247,0.81196,0.8348399999999999,nan,0.79983,0.80811,0.79714,nan,0.77973,nan,nan,0.78657,0.76586,0.77081,0.77881,nan,0.7659199999999999,0.78377,0.78255,0.7594,0.75056,0.7520600000000001,0.73602,0.72268,0.73464,0.74445,nan,nan,0.70321,0.71677,0.73649,0.73297,0.7217899999999999,nan,0.71972,0.7052,0.69624,0.6953600000000001,0.69655,0.69603,nan,nan,0.69725,0.68052,0.66771,0.6802600000000001,0.6914100000000001,nan,0.6676,nan,nan,0.67257,nan,0.65779,0.65625,0.64473,0.64195,0.64165,nan,nan,0.61655,nan,0.60983,0.62871,0.60507,0.58305,0.59815,0.61185,0.61727,0.61555,nan,0.5869300000000001,nan,nan,nan,0.57117,0.58392,0.5645,nan,0.53703,0.5302,0.5312100000000001,nan,0.5079,0.49106000000000005,nan,0.48758999999999997,0.47685,nan,0.49504,0.4911,0.48358999999999996,0.47057,nan,0.44593999999999995,nan,0.45066000000000006,0.43043000000000003,0.41949,0.42173999999999995,0.41768999999999995,0.40243,0.42094,0.43488000000000004,nan,0.37995999999999996,0.42694,0.34872,0.37936
4.0,-0.49591,nan,nan,-0.73102,-0.8566299999999999,-0.7447699999999999,-0.78276,-0.78146,nan,-0.79104,-0.77295,nan,-0.77072,nan,-0.78799,-0.77595,-0.7764800000000001,-0.79679,-0.77846,-0.7743800000000001,-0.8132199999999999,-0.8056800000000001,-0.7851600000000001,-0.8063,nan,-0.7793,-0.7911,-0.78837,-0.78476,-0.79886,-0.79925,-0.78725,-0.78698,-0.78946,-0.7803100000000001,-0.77258,-0.77368,-0.78075,-0.79418,-0.8042,nan,-0.77846,-0.8072,-0.81655,nan,-0.81722,-0.81009,nan,-0.82196,-0.80723,-0.80585,-0.82624,-0.8382200000000001,nan,-0.8521799999999999,-0.8503700000000001,-0.8517899999999999,-0.83819,nan,-0.8844200000000001,-0.8751899999999999,-0.85234,-0.87682,nan,nan,-0.8989299999999999,-0.8964799999999999,nan,-0.87566,-0.9009299999999999,-0.8973899999999999,-0.9003,-0.8911100000000001,-0.8845,-0.89628,-0.90138,-0.9288700000000001,-0.94401,-0.9041899999999999,-0.90133,-0.9153899999999999,-0.8948,-0.89656,-0.91989,-0.93137,nan,-0.9164700000000001,-0.9214600000000001,nan,-0.92456,-0.9309299999999999,-0.94681,-0.9255,-0.91495,-0.93129,-0.92699,nan,-0.93816,-0.93158,-0.9578700000000001,nan,-0.94571,-0.9622700000000001,-0.9358200000000001,-0.91058,-0.9220200000000001,-0.9521299999999999,-0.97777,-0.96714,-0.9553200000000001,-0.9627399999999999,-0.96339,nan,-0.96624,-0.9824200000000001,-1.0103,nan,-0.932,-0.94553,nan,nan,-0.96531,-0.97419,-0.9621799999999999,-0.97625,-0.96525,-0.96665,-0.9950200000000001,-0.99303,-0.99392,-0.97246,-0.9417,-0.9603799999999999,-0.9746799999999999,-0.9799100000000001,-0.99435,-0.99415,-0.9800200000000001,nan,-0.95737,nan,-0.97452,-0.9765799999999999,-0.97604,-0.9784,nan,nan,-0.9653799999999999,-0.9585,-0.9314600000000001,-0.9346899999999999,-0.95039,-0.96455,-0.97805,-0.97429,-0.9808,-0.96915,-0.93216,-0.93435,nan,-0.9632200000000001,-0.9796299999999999,-0.97836,nan,nan,-0.97869,-0.95455,nan,-0.94158,nan,nan,-0.93348,-0.94676,-0.94637,nan,nan,-0.9338799999999999,-0.92816,-0.92968,-0.94068,-0.9396399999999999,-0.92524,-0.93063,-0.9414299999999999,-0.94481,-0.9436200000000001,-0.94742,-0.94625,nan,-0.9273600000000001,-0.9486100000000001,-0.9520299999999999,-0.9113,-0.8980899999999999,-0.9169700000000001,-0.91486,-0.92863,-0.95239,nan,-0.9174200000000001,-0.91114,nan,nan,-0.8832700000000001,nan,-0.88131,-0.86649,nan,nan,-0.9047799999999999,nan,-0.8842399999999999,-0.8923399999999999,-0.9054200000000001,-0.8869100000000001,-0.88545,nan,nan,-0.8669899999999999,-0.884,nan,-0.86329,nan,-0.83142,-0.8487,-0.883,-0.8643,-0.85324,-0.8684799999999999,-0.84425,-0.8300799999999999,-0.8341299999999999,-0.82209,-0.83901,nan,nan,nan,-0.80961,-0.83224,-0.80083,-0.79069,-0.81779,-0.80556,nan,-0.77662,-0.78861,-0.7850699999999999,-0.78905,-0.78468,-0.7749,-0.7818,-0.78862,-0.78693,-0.7901,-0.75735,nan,-0.75959,-0.774,-0.7247899999999999,-0.75938,-0.7832600000000001,nan,-0.75043,-0.76258,nan,-0.77654,nan,nan,-0.74595,-0.73666,nan,-0.74173,-0.72009,-0.69197,-0.7116100000000001,-0.70243,nan,-0.7202,-0.72747,-0.71825,-0.74169,-0.7271,-0.6958,-0.7075600000000001,-0.70191,-0.69626,-0.72965,nan,-0.70249,-0.68893,-0.6983600000000001,-0.72343,-0.7217600000000001,nan,nan,nan,-0.6954,nan,-0.72824,-0.7136600000000001,-0.68428,-0.66715,-0.66079,-0.6646,-0.6611899999999999,-0.66903,-0.6786399999999999,-0.6615300000000001,-0.63431,-0.63643,nan,nan,-0.64523,-0.66986,-0.67183,nan,-0.64623,-0.66437,-0.64657,-0.63137,nan,-0.65077,-0.64275,nan,-0.65041,-0.6441100000000001,-0.65374,-0.63618,-0.6179100000000001,-0.64078,-0.6520699999999999,nan,-0.64935,nan,-0.62438,-0.63977,-0.64747,nan,-0.59692,-0.6070300000000001,-0.61507,-0.60225,-0.59758,-0.59853,nan,nan,-0.5966,-0.604,-0.59185,-0.58791,-0.6130800000000001,-0.604,-0.60614,-0.634,-0.60775,-0.5919399999999999,-0.59996,-0.58353,-0.5704199999999999,nan,nan,-0.56979,-0.5829300000000001,-0.60347,-0.57793,-0.55056,-0.55515,-0.53904,-0.54615,nan,-0.5717300000000001,-0.56687,-0.56545,nan,-0.53951,-0.5514,-0.54625,-0.5312100000000001,-0.54022,-0.55319,-0.5442899999999999,-0.53176,-0.53974,-0.54037,-0.52166,nan,-0.53854,-0.53838,nan,-0.52663,-0.5230199999999999,nan,-0.51784,nan,nan,-0.52336,-0.5071899999999999,-0.50856,-0.49778,-0.47535,-0.47336000000000006,-0.47358999999999996,-0.47468999999999995,-0.47481,-0.47185,-0.49692,-0.49968,-0.47103999999999996,nan,-0.48728999999999995,-0.48673,-0.46946000000000004,-0.45952,nan,-0.46736000000000005,-0.45683999999999997,-0.4607,-0.44701,-0.44553999999999994,-0.46263999999999994,-0.46008999999999994,-0.44561000000000006,nan,-0.42038000000000003,nan,-0.46986000000000006,-0.46961,nan,-0.4614,nan,-0.44561000000000006,-0.44098000000000004,-0.42241000000000006,nan,nan,-0.40976999999999997,nan,-0.38301,-0.39006,-0.40383,nan,-0.39824,nan,-0.40425,nan,-0.35062,-0.36191,nan,-0.34398,-0.35102,-0.33793,-0.33124000000000003,-0.36604000000000003,nan,nan,-0.32782,-0.32284,-0.30115,-0.31736,-0.31040999999999996,-0.29862,nan,-0.35107,nan,-0.31406,nan,-0.28835,-0.26969,-0.28524,-0.30557,-0.28557,-0.25751,nan,-0.25959,-0.29224,nan,nan,-0.25051999999999996,-0.27011,-0.24338,-0.24698,-0.25056,-0.24093,-0.27047,-0.268,-0.23124,-0.22480999999999998,-0.22637,-0.21023000000000003,nan,nan,nan,-0.18048,-0.16638,-0.16107,-0.18114,-0.19268,nan,-0.19191,-0.1734,-0.15930999999999998,-0.18775999999999998,-0.17504,nan,-0.161,-0.15516,-0.13674,-0.14927,nan,-0.12264000000000001,-0.10255,-0.09816,-0.10095,-0.10789000000000001,-0.12895,nan,-0.10001,-0.11104000000000001,-0.11710999999999999,-0.11291,-0.11564,-0.10240999999999999,-0.093655,nan,nan,-0.097865,-0.11367999999999999,-0.1029,-0.079056,nan,nan,-0.073767,nan,-0.052869000000000006,-0.056787,-0.08755399999999999,nan,-0.08419700000000001,-0.07142899999999999,-0.051497,-0.05799,-0.08504,-0.060654,-0.029200999999999998,-0.049099000000000004,-0.067255,nan,-0.026042000000000003,-0.04855,-0.046418,-0.022187000000000002,-0.029377999999999998,-0.036916000000000004,-0.037068000000000004,-0.038648,-0.011955,0.00087751,nan,-0.0062755,-0.016552,-0.020385,-0.020306,-0.0213,-0.006794499999999999,0.0029552,0.023024,0.022782,nan,0.014098,0.028179000000000003,0.009296200000000001,0.022075,0.034651,0.013561000000000002,-0.0073495,-0.0066672,0.009724,0.012967,0.012934000000000001,0.010237000000000001,0.0078084999999999995,nan,0.042970999999999995,0.023978,nan,nan,-0.0022719999999999997,0.011706,0.013548,nan,0.04226,0.057571000000000004,0.044191,0.040347,0.045562,0.041002,0.040785,0.04475,0.041365,0.043952,0.041549,0.028888999999999998,nan,0.045475,0.040378,0.031425,0.016932,0.014627000000000001,0.025141999999999998,0.027351,0.026568,0.027444,0.024943,nan,-0.0088958,-0.0222,nan,nan,-0.018137999999999998,-0.021963999999999997,-0.017258000000000003,-0.005164800000000001,-0.02325,-0.046513,-0.05074,-0.052569000000000005,-0.049414,nan,-0.047529,-0.053070000000000006,nan,-0.08244299999999999,-0.087537,-0.11855,-0.13017,nan,-0.10639000000000001,nan,-0.11277000000000001,-0.12317,-0.13476,-0.14779,-0.16021,nan,-0.16564,-0.142,nan,-0.1888,-0.18792,-0.19659000000000001,-0.21014000000000002,-0.21385,-0.24818,-0.2462,nan,-0.28474,nan,-0.24270999999999998,-0.2732,nan,-0.30176,-0.30869,nan,-0.32897,-0.32743,nan,-0.33510999999999996,-0.31966,-0.33939,nan,nan,-0.41158999999999996,-0.45565,-0.4364,-0.40973000000000004,-0.4467,-0.45208000000000004,-0.42991999999999997,-0.45823,nan,-0.46818999999999994,-0.50703,nan,-0.49121000000000004,-0.50613,-0.48741999999999996,nan,-0.51371,-0.52276,-0.53217,-0.57886,nan,-0.58821,-0.57308,nan,-0.55277,-0.57086,-0.601,-0.6470600000000001,nan,-0.6795399999999999,-0.64944,nan,nan,nan,-0.66959,-0.69745,nan,-0.70212,-0.75356,-0.74979,-0.73922,-0.76135,-0.76022,-0.7429600000000001,nan,-0.7659100000000001,-0.804,-0.8245899999999999,-0.8585200000000001,-0.88421,-0.8543799999999999,-0.81887,-0.82895,-0.8333799999999999,-0.8388700000000001,nan,-0.90028,-0.92686,nan,-0.9657899999999999,-0.94466,-0.94619,-0.9438700000000001,-0.94311,-0.96826,-0.9751299999999999,-0.9811799999999999,nan,-1.0161,-1.0353,-1.0341,-1.0253,-1.0614,-1.0584,-1.0379,-1.0734,-1.0763,-1.0595,-1.0803,-1.1053,nan,-1.127,-1.1320000000000001,nan,-1.1474,-1.1442,-1.1174,-1.1241,-1.1628,-1.1692,-1.1582,-1.1686,-1.1824,nan,nan,-1.189,-1.1835,-1.2142,nan,nan,nan,-1.2694,-1.2662,-1.2562,-1.2781,-1.2903,-1.2824,-1.2619,-1.2619,-1.3012,-1.3152,-1.2906,-1.2942,-1.3083,-1.291,-1.2990000000000002,-1.3225,-1.2943,-1.275,nan,-1.3503,nan,-1.3167,-1.3221,-1.3181,-1.3227,-1.3199,-1.3327,-1.3641,-1.3684,-1.3539,-1.3542,-1.3406,-1.3184,-1.3204,-1.3296,-1.3433,nan,-1.3545,-1.3541,-1.3419,-1.3377,-1.3552,-1.344,-1.3218,-1.3208,nan,nan,-1.3016,-1.3091,-1.3232,nan,-1.3093,-1.304,-1.3066,-1.2936,-1.284,-1.2946,-1.2847,-1.2482,-1.2363,-1.2487,-1.2371,-1.2145,-1.1998,-1.1798,-1.1582,-1.1515,nan,-1.1498,-1.1432,-1.1345,-1.1338,nan,nan,-1.0696,-1.0564,nan,-1.0554,-1.052,-1.0159,-0.9678100000000001,-0.96315,-0.97865,-0.9651799999999999,-0.92796,-0.8972700000000001,-0.90194,-0.9014700000000001,-0.8601,nan,-0.8208200000000001,nan,nan,-0.76847,-0.74868,nan,nan,-0.72242,-0.72008,nan,-0.6402899999999999,nan,-0.59826,-0.5985699999999999,-0.57482,-0.53485,-0.50403,-0.48691,nan,-0.45555,-0.41891999999999996,nan,-0.36774,nan,nan,-0.28991,nan,-0.17363,-0.14389000000000002,-0.14542,-0.12627,-0.07683,nan,0.00046689999999999996,0.050227,0.08541599999999999,0.098124,nan,0.18129,0.22639,0.25085999999999997,0.2824,0.29297,nan,0.37816,0.43482,0.46103999999999995,0.5123800000000001,0.565,0.59446,0.62019,0.67418,0.7276100000000001,nan,0.79971,0.88094,0.90161,0.93621,nan,nan,1.0797,1.162,1.1640000000000001,1.185,1.2607,1.2965,nan,1.4194,1.4358,1.4954,1.5391,1.5622,1.6447,1.7126,1.7326,nan,1.8338,1.8708,1.9029,1.9454,1.9938,2.0295,2.0467,2.1026,2.1923,2.2491,2.2671,2.2778,2.3369,2.4077,2.4308,nan,2.536,2.5658,2.6113,2.6642,2.7129,2.7737,2.8239,2.8463,nan,2.9049,nan,2.9994,3.0273,nan,nan,3.1707,3.181,nan,3.2528,3.2798,3.3123,3.3635,3.3658,nan,3.3996,3.4339,nan,3.4274,nan,3.4330000000000003,3.4443,3.4425,3.4559,3.4555,nan,3.4582,3.4548,3.4316,3.4086,3.3965,3.4189999999999996,3.4248,3.3863,3.3654,3.3680000000000003,nan,3.327,nan,3.2669,3.2416,3.2401,3.2238,nan,3.1943,3.1864,nan,3.1473,3.1422,3.1126,3.0586,3.0229,nan,3.0095,2.986,2.9753,2.9418,2.9144,2.9096,2.8953,2.8735,nan,2.8298,2.8321,2.8227,2.8079,nan,2.7838,2.7493,2.7181,2.7338,2.7153,2.6502,2.6511,2.6558,2.6244,2.6407,2.6468,2.5997,2.5833,nan,2.5712,2.5259,2.5207,nan,nan,2.4419999999999997,2.4624,nan,nan,nan,2.3975,2.3759,2.3543,2.3172,nan,2.2844,2.2726,2.2393,2.2091,2.2087,2.222,2.1975,2.1424,nan,nan,2.1424,2.1089,nan,nan,2.0495,2.0153,nan,2.0167,1.9939,1.9595,1.9272,1.9048,1.8925,1.8862,1.8668,1.8624,1.8637,1.8272,1.8159999999999998,1.8298,1.8012,1.7533,nan,1.7272,1.7353,1.6973,1.699,1.725,nan,nan,1.6591,1.6295,1.6086,1.5973,1.5797,1.5476,1.5307,1.52,nan,1.4922,nan,1.485,nan,1.4645,1.4352,1.452,1.4279,1.3835,1.4012,1.4055,nan,1.3865,1.3828,1.3414,1.3403,1.3492,1.3421,1.3439,1.3331,1.301,nan,1.2486,1.2623,1.2726,1.255,1.2511,1.2504,1.2159,1.1982,1.2032,1.1862,1.1827,nan,1.1785,1.1532,1.153,nan,1.1535,1.1544,1.1559,1.1524,nan,1.1512,1.1266,1.1176,1.0915,1.0572,1.0595,1.0661,nan,1.0424,1.0290000000000001,1.0289,1.0239,0.98701,nan,1.0058,nan,0.9359999999999999,0.95142,0.9265399999999999,nan,0.96191,0.93021,0.90276,0.9193399999999999,0.9124700000000001,0.88415,0.8742,0.8646299999999999,0.8554200000000001,nan,nan,0.84806,0.83759,nan,0.84125,0.81516,0.81584,0.80098,nan,0.77271,0.7806,nan,0.7484,0.75244,0.72863,0.7166899999999999,nan,0.73659,0.70281,0.68016,0.68752,nan,nan,0.62902,0.65952,0.63965,0.61373,nan,0.64258,0.58997,0.6008,0.6060300000000001,0.58915,0.60715,nan,nan,0.56838,0.55776,0.54874,0.53065,0.53389,0.52379,0.49632,0.51823,0.52353,0.47079,0.46203999999999995,0.49625,0.48102,0.44188999999999995,0.43235,0.44478,0.45824,0.44123999999999997,0.41617,0.41931,0.41334,0.42863,0.43057,0.37971,nan,0.3869,nan,0.34974,0.37421,0.36195,0.33676,0.32448,0.33243,nan,0.33292,0.3075,0.32316999999999996,0.31794,0.31129,0.3232,0.30191999999999997,nan,0.29024,0.25961,0.25672,0.27749,nan,0.26019000000000003,0.26053000000000004,nan,0.25983,0.26332,0.26516,0.23229,0.21040999999999999,0.21711999999999998,nan,nan,0.21836,0.21493,0.21416,0.20828000000000002,0.18692,nan,0.19774,0.1869,0.18897,0.20673000000000002,0.21455,0.20701,0.17567,0.17346,0.18162999999999999,0.15569000000000002,0.14876,nan,0.15159,0.15262,0.1301,0.12397999999999999,0.14025,0.14924,0.15866,0.13009,0.10278,0.1187,0.12455,0.11997999999999999,0.12052,nan,0.10107000000000001,0.11327000000000001,0.096079,0.089029,0.11739000000000001,0.11615999999999999,0.10199,0.10472000000000001,0.10437,0.10807,0.096191,0.071313,0.084573,0.0997,nan,0.061864999999999996,nan,0.09032799999999999,0.09619,nan,0.086988,0.085252,0.095612,0.083118,0.073091,0.08666499999999999,nan,0.07130299999999999,nan,0.121,0.10355999999999999,0.083165,0.071186,0.057201999999999996,0.077471,nan,nan,0.074398,nan,0.05995,0.055775,0.040877,0.042641000000000005,0.041505,0.047105,0.056517,0.045968,0.047111,0.064988,0.055555999999999994,0.042484,0.045616000000000004,0.039532,0.043774,0.058641,0.046714,0.046393000000000004,0.037827,nan,0.046863999999999996,0.019819999999999997,-0.0015397,0.024873,-0.0072283,-0.0086701,nan,0.010437,nan,0.0034676000000000004,-0.010638,-0.021908,nan,nan,-0.033532,-0.020217,nan,-0.028364999999999998,-0.042037,-0.051503999999999994,-0.039550999999999996,-0.030129000000000003,nan,-0.071784,-0.084078,-0.073607,-0.055291999999999994,nan,-0.067814,-0.070768,nan,nan,-0.068994,-0.078773,-0.092015,-0.09714600000000001,-0.083316,-0.079403,-0.094472,-0.094845,nan,-0.081953,-0.084714,-0.078345,-0.086079,nan,-0.096522,-0.10447999999999999,nan,-0.11614000000000001,-0.12519,-0.12209,-0.088173,-0.084262,-0.11872,-0.13522,-0.12215,-0.099963,nan,-0.12139000000000001,-0.12169,-0.09915700000000001,-0.09934,nan,-0.11085,-0.12933,-0.10263,-0.10425999999999999,-0.1173,-0.11603,-0.12972999999999998,-0.12094,-0.11355,-0.13438,-0.1322,-0.11352000000000001,nan,nan,-0.1171,nan,-0.1348,-0.12347000000000001,-0.13238,-0.14781,-0.1249,-0.11509000000000001,-0.13161,-0.12977,-0.13794,-0.14115999999999998,-0.10954000000000001,-0.097871,-0.11242,-0.11094000000000001,-0.11890999999999999,-0.13129000000000002,nan,-0.12128,-0.12709,nan,-0.13622,nan,-0.14229,-0.13072999999999999,-0.10123,-0.11072,-0.13249,-0.11438,-0.11018,-0.12914,-0.12137,-0.11690999999999999,-0.12952,-0.11980999999999999,-0.11483,-0.13344,nan,nan,nan,nan,-0.13144,nan,-0.11903,nan,-0.11719,nan,-0.12929000000000002,-0.14891,-0.12913,nan,-0.11817000000000001,nan,-0.11709000000000001,-0.14214000000000002,-0.13908,nan,-0.11281,-0.098566,nan,nan,-0.11571,-0.13029000000000002,-0.11877,-0.11437,-0.11185999999999999,-0.11564,-0.14570999999999998,-0.11936,nan,-0.13159,nan,-0.098909,-0.11921,-0.11629,-0.12641,-0.12492,nan,-0.11753,-0.11762,nan,-0.12299000000000002,nan,-0.11621,nan,-0.12613,-0.11222,-0.11581,-0.11695,nan,-0.11852,-0.13135,-0.12979000000000002,-0.12403,-0.10737999999999999,nan,-0.10192999999999999,-0.083563,nan,-0.13355,-0.13399,-0.11590999999999999,-0.11455,-0.11508,nan,-0.083551,nan,nan,nan,-0.10624000000000001,nan,-0.13069,-0.1462,-0.15292999999999998,-0.1188,-0.096933,-0.11719,-0.11840999999999999,-0.10452,-0.09525399999999999,-0.10141,-0.11474000000000001,-0.10495,nan,-0.10013,nan,-0.13367,-0.10830999999999999,-0.083977,-0.11275999999999999,-0.11553,nan,-0.1271,-0.10161,-0.10712999999999999,nan,-0.071713,nan,-0.092208,-0.1014,-0.09638200000000001,-0.10102,-0.10164,-0.086988,-0.08216,-0.083597,nan,-0.063861,-0.066554,-0.06783099999999999,-0.068548,nan,-0.022747,-0.02203,-0.022861000000000003,-0.0051259999999999995,-0.0091715,-0.020522,-0.006800499999999999,0.00047055,-0.0079473,-1.6509e-05,-0.006231899999999999,-0.02109,-0.0078642,-0.0061017,-0.004534399999999999,nan,0.004588399999999999,-0.027107,nan,nan,-0.010511,-0.0036981,-0.023997,-0.023758,nan,0.026987999999999998,0.044812,0.042135,0.030402,0.029539,0.048908999999999994,0.056785,nan,0.071232,nan,0.05654,0.071398,0.070739,0.056773000000000004,0.07516,0.080778,0.049608,nan,nan,0.087186,0.09382,0.078576,nan,0.057,nan,0.066461,0.07488500000000001,0.07253,0.08739,nan,0.07481,nan,nan,0.11214,0.097107,0.08808300000000001,0.11848,0.1069,nan,0.10574000000000001,0.10733,0.096122,nan,0.091269,0.10537,0.090494,0.10255,nan,0.10463,0.11531,0.12022000000000001,0.10151,0.10309000000000001,0.09688200000000001,0.083039,0.094289,0.086667,0.061184,0.071047,0.09677999999999999,0.086198,0.08395599999999999,0.10595,0.098368,0.088897,0.10397999999999999,0.095446,0.09325599999999999,0.10505999999999999,nan,0.086097,0.092513,0.087775,0.08718300000000001,0.09869299999999999,nan,0.09755,0.086728,0.10755999999999999,0.090166,0.10242000000000001,0.13537000000000002,0.099729,0.089919,0.1095,0.085612,0.096623,nan,0.083251,0.058355,nan,0.086525,0.06811,0.077865,0.087759,0.088411,0.092336,0.086121,nan,nan,0.070576,0.055679,nan,0.10558,nan,0.074711,0.088142,0.09042,0.084438,0.066015,0.058645,0.074337,0.062314999999999995,0.069004,0.088796,0.062358000000000004,0.043376,nan,0.06453500000000001,0.087127,0.079821,0.075794,0.070076,0.041147,nan,0.045477,0.043668,nan,0.07367699999999999,0.070528,0.051154000000000005,nan,0.04407,0.031661,0.030357,0.042766000000000005,nan,0.043368000000000004,0.039452,0.023459,0.024053,0.03129,nan,0.012159999999999999,0.010874,-0.00056877,-0.0025116,nan,nan,-0.019762000000000002,-0.02186,-0.013637999999999999,-0.006405500000000001,nan,-0.066781,-0.063126,-0.06932,-0.08184,-0.077222,-0.054270000000000006,-0.054088,-0.080584,-0.085832,-0.078902,-0.08447,-0.084726,-0.07939700000000001,-0.088976,nan,nan,-0.1285,-0.12152,nan,-0.11700999999999999,nan,nan,nan,-0.11635999999999999,-0.13826,-0.15752,-0.16237000000000001,nan,-0.15866,-0.18467,-0.18266,nan,nan,nan,-0.22430999999999998,nan,-0.22616999999999998,-0.23349,-0.23761,-0.21866999999999998,-0.22594,-0.23888,-0.2372,-0.24328000000000002,-0.25676,-0.25529,-0.25303000000000003,nan,-0.25648000000000004,-0.26761,-0.2801,-0.29095,-0.30525,-0.30506,-0.29727,-0.31082,-0.31513,-0.2904,-0.28052,-0.29464,-0.30368,-0.30471,-0.30118,-0.30695,-0.31999,-0.31936,nan,-0.35243,-0.33536,-0.31965,-0.33616999999999997,-0.30674,-0.3167,-0.35035,-0.32034,-0.33494,-0.34258,-0.3165,-0.34606,-0.34592,-0.32598,-0.3585,-0.36849,-0.34707,-0.35893,-0.36183000000000004,-0.35136,-0.36214,-0.36185,-0.37123,-0.38306,-0.36253,nan,-0.43288999999999994,-0.41123999999999994,nan,-0.42068,nan,nan,-0.42501000000000005,nan,-0.41375,-0.46779,-0.45177,-0.33339,nan
1.0,0.41678000000000004,0.29148,0.40453,0.30972,0.35652,0.34014,0.38219000000000003,0.40129000000000004,0.41903999999999997,0.41125,0.40742,nan,0.44631000000000004,0.44041,0.42173,0.4567,0.4711,nan,0.48513,0.50718,0.49996999999999997,nan,0.47991000000000006,0.52046,0.50974,nan,0.49906999999999996,nan,0.5712,0.58192,0.5635399999999999,0.53765,0.5927899999999999,0.5842,0.5626899999999999,0.58917,0.5809300000000001,0.5816100000000001,0.5804,0.61815,0.60453,nan,0.57625,0.58043,0.58702,0.60183,0.58277,0.58375,0.5666800000000001,0.57863,0.61603,0.59143,0.5856600000000001,nan,0.58402,0.57934,0.58795,0.56998,0.56186,nan,0.5636899999999999,nan,0.60093,0.6064,0.58759,0.59086,nan,0.5398,0.52927,0.56081,0.52447,0.55124,0.5604399999999999,0.5273100000000001,nan,0.52681,nan,0.52189,nan,0.5483100000000001,0.5048699999999999,0.4811,0.51626,0.4879,0.43909,nan,0.46238,nan,0.4575,0.4202,0.40408,0.42896999999999996,nan,0.40136,0.41931999999999997,0.42796000000000006,0.40264,0.36846999999999996,0.36676,0.3598,nan,0.40159,nan,0.3181,0.34767,nan,nan,nan,0.34187,0.30277,nan,0.28897,0.28825,0.25994,0.21708000000000002,0.24982,0.21618,0.18137,0.21925999999999998,0.21075,0.20575,0.19075,0.15349000000000002,0.14027,0.14365999999999998,nan,0.15525999999999998,0.12127,0.13248,nan,0.11225,0.14775,0.14026,0.10629000000000001,0.083356,0.097848,0.10144,0.064961,0.035889,nan,0.023259000000000002,0.024950999999999997,0.0066483,0.0033082000000000003,0.010759999999999999,0.033038,nan,-0.074744,-0.038553,-0.09059500000000001,-0.089935,-0.059989999999999995,-0.11058,-0.13802999999999999,-0.10371,nan,-0.1578,-0.15895,-0.15211,nan,-0.14234000000000002,-0.13667,-0.16633,-0.20062,-0.19845,-0.177,-0.19053,-0.1991,-0.19825,-0.22783,-0.23264,-0.24083000000000002,-0.29774,-0.30344,-0.26211999999999996,-0.26074,-0.29746999999999996,-0.31586,-0.28916,nan,-0.33741,-0.31618,-0.34183,-0.37162,-0.38034,nan,-0.33697,nan,nan,-0.37445,-0.41055,nan,-0.41258999999999996,-0.43571000000000004,-0.44338999999999995,-0.45348999999999995,-0.37940999999999997,-0.43746,-0.47331999999999996,-0.43082,-0.44809,nan,-0.45775,-0.45683999999999997,nan,-0.44856,-0.47663,-0.45931000000000005,-0.46391000000000004,-0.47166,-0.45565,-0.478,-0.49596999999999997,-0.49618,-0.49301999999999996,-0.49818999999999997,-0.48396999999999996,-0.47726999999999997,-0.49735,-0.4747,-0.45638,-0.47302,-0.47186999999999996,-0.49212,nan,-0.5018,-0.47525,-0.51922,-0.5408,-0.49849,-0.5091,-0.50573,-0.49722,-0.5202,-0.51422,-0.49663,-0.47472,-0.50545,-0.52118,-0.51034,-0.5183300000000001,-0.51302,-0.51813,nan,nan,-0.49641,-0.48958999999999997,-0.50988,-0.50265,-0.47191000000000005,nan,-0.49743999999999994,-0.4757,-0.48717,-0.51058,-0.5146,-0.5170100000000001,nan,-0.49516000000000004,nan,-0.49491999999999997,-0.50917,-0.51962,-0.50508,nan,-0.49826000000000004,-0.49401999999999996,nan,-0.4928,-0.49525,-0.50479,-0.51446,-0.48034,-0.47985,-0.49556999999999995,-0.45976000000000006,-0.46416999999999997,-0.51432,-0.49041,-0.48036999999999996,-0.53108,nan,nan,-0.49391999999999997,nan,nan,-0.50167,-0.49496999999999997,-0.48883000000000004,-0.47431999999999996,-0.47573000000000004,-0.47429,nan,-0.46455,-0.47113999999999995,-0.50262,-0.49193000000000003,-0.49495,-0.4753,-0.47465,-0.47818999999999995,-0.46006,-0.45966,-0.48815,-0.49031,-0.47386999999999996,-0.47636999999999996,-0.46013999999999994,-0.43808,-0.44321000000000005,-0.47386999999999996,nan,-0.43395,-0.46166999999999997,-0.45753,-0.43675,-0.43926000000000004,nan,nan,-0.46693,-0.44395,-0.41547,-0.45878,-0.48177,-0.42163999999999996,nan,-0.42275,nan,-0.45532,-0.41095,-0.41723999999999994,nan,-0.38308000000000003,-0.43012,-0.41691999999999996,nan,nan,-0.42077,-0.43817,nan,-0.42308,-0.43268999999999996,-0.39878,-0.39093,-0.37242,-0.37979,-0.39653,-0.38233,-0.35677,-0.36644,nan,nan,-0.37651,-0.35363,-0.33633,-0.37177,-0.3687,-0.33571999999999996,-0.34421999999999997,-0.35522,-0.32924000000000003,nan,-0.37829,-0.3289,-0.30143000000000003,-0.33819,nan,-0.32413000000000003,-0.33061999999999997,-0.29748,nan,-0.30145,nan,nan,-0.30472,-0.29389,nan,nan,-0.31629,-0.31738,-0.30071,nan,-0.32556,-0.3357,-0.30709000000000003,-0.27805,nan,-0.32115,nan,-0.29669,nan,-0.29830999999999996,-0.29568,nan,-0.33333,nan,nan,-0.28247,-0.31988,-0.3265,-0.29745,-0.31701999999999997,-0.2983,-0.31281,nan,-0.31337,-0.33198,-0.28565999999999997,-0.30234,-0.29872,-0.27407,-0.30981,nan,-0.3014,-0.31494,-0.29063,nan,-0.31695999999999996,nan,-0.31561,-0.31356,-0.31640999999999997,-0.30885,-0.29598,-0.31966,-0.31798000000000004,-0.27831999999999996,-0.29175999999999996,nan,-0.27591,-0.30996999999999997,nan,-0.29741999999999996,nan,-0.29634,-0.29918,nan,-0.30469,-0.28121999999999997,nan,-0.33725,nan,-0.3104,-0.30735,-0.28943,-0.29986,-0.29673,-0.32248000000000004,-0.33655,-0.31817,-0.29862,-0.30454000000000003,-0.33208000000000004,-0.32684,nan,-0.31435,nan,-0.29707,-0.29936999999999997,nan,-0.30868,nan,-0.32033,-0.33645,-0.31553000000000003,-0.31396,nan,-0.32291,-0.30976,nan,-0.31135999999999997,-0.31872,-0.3159,-0.29541,-0.34463,-0.35224,nan,-0.3167,-0.31498000000000004,-0.34286,-0.35746,-0.31881,-0.32714,-0.34281,-0.32037,-0.31817,-0.34362,-0.35694000000000004,-0.35804,-0.35904,nan,nan,-0.35836999999999997,nan,-0.35544000000000003,-0.35806,-0.35815,nan,-0.36451999999999996,-0.38369000000000003,-0.36388000000000004,-0.35251,-0.35903,-0.35434,-0.33729000000000003,-0.35467,-0.35466,nan,nan,-0.35533000000000003,-0.3833,-0.37428,-0.3573,-0.38944,nan,nan,-0.35006,-0.38356999999999997,-0.37323,-0.37916,nan,-0.35696,nan,-0.37892,-0.37418,-0.37682,-0.37675,-0.37776,nan,-0.37818,-0.373,nan,-0.35591999999999996,nan,-0.36064,-0.35633000000000004,-0.33821,-0.33143,-0.36488000000000004,-0.3729,-0.34383,-0.37072,-0.39529000000000003,nan,-0.37706,nan,nan,-0.3754,-0.3772,nan,-0.37933,-0.37729,-0.35688000000000003,-0.36080999999999996,-0.34242,-0.39816999999999997,-0.39371,nan,-0.42368999999999996,-0.39531,-0.37478,-0.39452,nan,-0.39742,-0.38691,-0.3746,-0.37764000000000003,-0.37847,-0.39286,-0.40029000000000003,-0.3776,nan,-0.39609,-0.39350999999999997,nan,-0.3783,-0.4346,-0.40584000000000003,-0.40055,nan,-0.37983,nan,-0.39743,-0.397,-0.39305999999999996,-0.40258,-0.36334,nan,nan,-0.37287,-0.40066999999999997,-0.41751000000000005,-0.39781,-0.39318000000000003,-0.39593,-0.39174000000000003,-0.40021999999999996,-0.41906000000000004,-0.41439,-0.37983,-0.35624,-0.36956,-0.38022,-0.37151999999999996,nan,-0.3724,-0.38111999999999996,-0.41698,nan,-0.38345999999999997,-0.40183,nan,-0.37374,-0.37897,-0.37678,-0.37583,-0.39916,-0.36095,-0.37708,-0.38577,-0.34988,nan,-0.39558000000000004,-0.37874,-0.37453000000000003,nan,-0.38902,-0.36773,-0.38591,-0.39163000000000003,-0.35646,-0.3552,-0.37367,-0.37927,-0.36429,-0.35667,-0.38695999999999997,-0.39303,-0.37811999999999996,-0.37838,-0.36014,-0.36303,-0.38666,-0.36013,nan,-0.37585999999999997,-0.37885,-0.3992,-0.35677,-0.3866,nan,-0.33859,-0.38291,-0.35236,nan,-0.39966999999999997,-0.36232,-0.35329,nan,-0.38919000000000004,-0.38933,-0.37842,-0.37877,-0.35305,-0.40548,nan,-0.37639,nan,-0.37075,-0.37931,-0.37854,nan,-0.36516,-0.34519,nan,-0.39214,nan,-0.37755,nan,-0.35254,-0.37471,-0.36586,-0.34923000000000004,-0.36641999999999997,-0.40153,-0.39328,-0.37703000000000003,-0.41217,-0.39385,-0.36219,-0.39463000000000004,-0.38101999999999997,-0.3561,-0.37938,-0.37865,-0.37561,-0.37744,-0.3749,-0.37611999999999995,-0.37638,-0.37643000000000004,-0.37831,-0.37854,-0.37353000000000003,-0.39214,-0.39105999999999996,-0.40174,-0.3795,nan,nan,-0.37913,-0.3903,-0.38637,-0.37638,-0.40558,-0.38323,nan,-0.39626,-0.37754,-0.39299,nan,-0.3826,-0.39291,-0.37287,-0.40248,nan,-0.39634,-0.40935,-0.42012,-0.40256,-0.39499,nan,-0.45882,nan,-0.4584,nan,-0.44269,nan,nan,-0.47398999999999997,-0.45323,-0.45799999999999996,-0.49617,-0.46526999999999996,-0.45453999999999994,-0.44476000000000004,-0.44251,-0.48406000000000005,-0.49687,-0.49728999999999995,-0.4915,-0.53063,-0.5151899999999999,-0.48496999999999996,-0.5059600000000001,-0.5476,-0.55098,-0.4977,-0.51237,nan,-0.49635,-0.53372,-0.52805,-0.5144,-0.51753,-0.53651,nan,-0.52442,-0.57076,-0.54571,-0.52252,-0.58433,nan,nan,nan,-0.5513899999999999,-0.55284,-0.55669,-0.54896,-0.56279,-0.59731,nan,-0.57518,-0.56087,-0.55816,-0.58768,-0.5956,nan,-0.59751,-0.6152,-0.6332300000000001,-0.63917,-0.63013,-0.64682,-0.64991,-0.63727,-0.6571199999999999,-0.6562399999999999,nan,-0.69177,-0.6953199999999999,nan,-0.69828,-0.72128,-0.73637,nan,nan,nan,-0.70796,-0.7318100000000001,-0.75736,-0.7569,-0.7777,-0.77672,-0.78846,-0.8024,-0.77986,-0.78284,-0.82616,-0.8338,-0.83695,nan,-0.79503,-0.8327899999999999,nan,-0.86564,-0.89585,-0.87511,-0.8958,-0.8968200000000001,-0.89279,-0.88465,-0.87324,nan,-0.93453,-0.91333,-0.91605,-0.91806,nan,-0.94231,-0.9494,-0.93216,-0.96655,-0.9969399999999999,-0.9965,-0.9928799999999999,-1.0095,-1.008,-0.9820200000000001,-1.0108,-1.0358,-1.0387,-1.0748,-1.0616,-1.0506,nan,-1.0506,-1.0635,-1.104,-1.1148,-1.0773,-1.0867,-1.1143,-1.103,-1.0931,nan,-1.1531,-1.137,-1.1536,nan,-1.151,-1.1546,-1.1505,-1.1599,-1.2045,-1.2159,-1.1944,-1.2302,-1.2324,nan,-1.27,nan,-1.2783,-1.2766,-1.2931,nan,-1.3191,-1.2996,-1.3037,-1.3441,-1.3545,-1.3356,-1.3145,nan,-1.3955,-1.3845,nan,-1.3817,-1.3957,-1.3978,nan,nan,-1.4433,-1.4579,-1.454,-1.4849,nan,-1.4956,nan,-1.4923,-1.5112,-1.4957,-1.5133,nan,nan,-1.577,-1.5602,nan,-1.5816,-1.5686,nan,nan,-1.5788,-1.6148,-1.6358,-1.6297,-1.6493,-1.6501,nan,-1.6949,-1.6735,-1.6938,-1.7164,-1.6977,-1.6982,-1.7291,-1.7277,-1.7135,-1.7158,-1.7154,-1.733,-1.7328,-1.7443,-1.7522,-1.7574,-1.7756,nan,nan,-1.8224,-1.7905,nan,-1.8011,-1.8048,-1.8618,-1.854,nan,-1.8465,nan,nan,-1.8579,-1.8739,-1.8483,-1.8354,-1.8516,-1.8743,-1.8579,-1.8583,nan,nan,-1.8917,nan,-1.8767,-1.8548,-1.8653,-1.8721,-1.8843,-1.922,-1.9119,nan,-1.8945,-1.9084,-1.9269,-1.9349,-1.9251,-1.9137,-1.9399,-1.9769,nan,-1.9313,-1.939,-1.9141,-1.9298,-1.9496,-1.9135,-1.9352,-1.9526,nan,-1.965,-1.9445,-1.9619,-1.9753,-1.9747,-1.9569,-1.9501,-1.974,-1.9574,-1.9612,-1.97,-1.9526,-1.9779,-1.9582,nan,-1.9661,nan,-1.9477,-1.9542,-1.9552,-1.9778,nan,nan,-1.9249,nan,-1.9422,-1.9353,-1.9569,-1.9552,-1.9554,-1.9539,-1.954,-1.9488,nan,-1.9708,-1.9511,-1.9563,-1.9563,-1.9383,-1.9262,-1.9418,nan,-1.8992,-1.9131,-1.8969999999999998,-1.9173,-1.8673,-1.8444,nan,-1.8468,-1.8197,-1.7948,-1.8173,nan,-1.791,nan,-1.7531,-1.7582,-1.7391,-1.6896,-1.6967,-1.6976,-1.676,-1.6713,-1.6738,-1.6637,-1.6208,-1.62,-1.6577,-1.6224,-1.5930000000000002,-1.5874,-1.5558,nan,-1.5714,-1.5287,-1.496,-1.5086,-1.5373,nan,-1.4907,-1.4832,nan,-1.4581,nan,-1.4067,-1.3572,nan,-1.334,nan,-1.3388,-1.3332,nan,nan,-1.2790000000000001,-1.2633,-1.2374,nan,-1.1705,-1.1767,-1.1586,-1.1004,-1.1047,-1.1137,-1.0645,nan,nan,-1.0158,-0.9980700000000001,-0.94926,nan,-0.9075799999999999,-0.90202,-0.8648,-0.8516600000000001,-0.8132,-0.79679,-0.78671,-0.7287399999999999,nan,-0.70465,-0.65779,-0.60463,-0.55498,-0.57253,nan,-0.54272,nan,nan,-0.48075,-0.42417,-0.37778,-0.37969,-0.33053,nan,-0.24672,nan,-0.1694,-0.15433,-0.13619,-0.11642999999999999,-0.12648,-0.053337,0.00734,0.0037271,0.040925,nan,0.16185,nan,0.15656,0.24639,0.2766,nan,0.36408,0.36818,0.42153,0.43868999999999997,0.48896999999999996,0.51572,0.55085,0.59436,0.61237,0.66769,0.68161,0.72763,0.79765,0.8072199999999999,0.85108,0.8563700000000001,0.87975,0.9452200000000001,0.96036,1.0361,1.0255,1.0637,1.1157,1.1043,1.1549,1.1601,1.179,nan,1.2437,1.3112,1.3532,1.334,1.3494,1.3840000000000001,1.4011,1.4329,1.4628,nan,1.4702,1.4518,1.4765,1.5197,1.4634,1.5064,1.5228,1.4753,1.5032,1.5214,1.4955,nan,nan,1.4985,1.5419,1.5654,1.5191,1.4979,1.5039,1.5212,1.5036,1.4945,1.5308,1.5404,nan,nan,1.5215,1.5211,1.5238,1.4883,nan,1.4992,1.4741,1.4892,1.4763,1.4409,1.4584,1.4664,1.4571,1.4692,nan,nan,1.4606,1.4206,1.4161,nan,1.4193,1.3892,1.38,1.3880000000000001,1.4254,nan,nan,nan,1.3954,nan,1.3889,nan,nan,nan,1.3825,1.3833,1.3796,1.3885,1.3705,1.3691,1.4028,1.3633,1.3561,1.381,1.3816,1.3840000000000001,1.381,nan,1.3812,1.3811,1.3864,nan,1.3861,1.4019,1.3727,1.3608,1.3856,1.4215,nan,1.3969,1.3926,nan,1.4015,1.3797,nan,1.3805,1.4033,1.3839,1.4045,nan,1.4040000000000001,1.4227,1.4212,1.4414,1.4112,1.4077,1.4308,1.413,1.4332,1.4652,1.4611,1.4436,1.4236,1.4381,nan,nan,1.4627,1.4848,1.4819,nan,1.4785,1.5098,1.5119999999999998,nan,1.4979,nan,1.5004,1.5354,1.5504,1.5214,1.5336,1.5416,nan,1.5630000000000002,nan,1.5782,nan,1.5808,nan,1.5881,1.6012,1.5769,1.5619,1.5625,1.5614,1.5639,1.5642,1.5989,nan,1.5985,1.581,1.5758,1.6145,nan,1.5988,1.597,1.5797,1.6035,1.6022,1.5806,1.5944,1.6062,1.5919,1.5775,1.584,1.6019,1.6015,1.599,1.6055,1.594,1.6175,nan,1.58,1.6016,1.5827,1.5764,1.5955,1.6136,1.6201,1.5903,1.5816,1.5797,1.578,nan,1.6021,1.5643,1.6069,nan,1.5766,1.5807,1.581,1.5804,1.5791,1.5969,1.6393,1.6357,1.6212,1.6209,1.6025,1.6005,1.6005,1.6048,nan,1.5834,1.6019999999999999,1.58,1.5775,1.5878,1.5595,1.591,1.6280000000000001,1.5842,1.5382,1.5615,1.619,1.6067,1.6026,1.5841,1.5599,1.5896,1.6011,1.6008,1.5998,1.6166,1.6173,1.5781,1.5626,1.5886,nan,1.5809,1.5778,1.5976,1.5944,1.5705,nan,nan,1.5991,1.6004,1.6014,1.6125,1.6303,1.6111,1.6403,1.6583,1.6193,nan,1.6199,1.6387,1.6317,1.6214,1.615,1.6041,1.6438,1.625,nan,1.6315,1.64,1.6041,1.6113,1.6468,1.6404,1.6219,1.6215,1.6211,1.6228,1.6243,1.6525,1.6317,1.6017,1.6414,1.608,1.6222,1.6517,nan,1.6407,1.6181,1.6216,1.6231,1.6045,1.6074,1.6433,1.6213,1.5731,1.6115,1.6624,1.6475,1.6064,1.6085,1.6383,1.6365,1.6179,1.6238,1.6416,1.6438,1.6265,1.6094,nan,1.6419,1.6286,1.6033,1.6215,1.5794,1.6414,1.6611,1.6407,1.6694,1.6274,1.6009,1.6205,1.6262,1.5987,1.6284,1.6379,1.6179,1.6204,nan,1.6003,1.6026,1.5985,1.6126,1.6272,1.6166,1.6267,1.6175,1.5803,1.6007,1.5826,1.605,nan,nan,nan,1.601,1.5832,1.5438,nan,1.5532,1.5453,1.5632,1.5059,1.4843,1.5392,1.5156,nan,1.5103,1.5126,1.4696,nan,1.4827,1.4834,1.4662,1.4586,1.4679,nan,1.4141,nan,nan,1.4231,nan,nan,1.4374,1.4040000000000001,1.3777,1.3852,1.4023,1.3864,1.3609,1.3773,1.3758,1.3572,1.3625,1.3358,1.3411,1.4,1.3649,1.3029,1.3162,1.3152,1.3011,1.3021,1.3018,1.3045,1.285,nan,1.2706,1.2642,1.2498,nan,1.1799,1.2229,1.2054,1.2065,1.1832,1.1607,1.188,1.1792,1.1805,1.187,1.1501,1.1368,1.0972,1.0882,1.0991,nan,1.1017,1.0683,1.074,1.0759,nan,nan,1.0521,nan,1.0214,1.0236,1.0108,0.9811,0.95376,0.9748600000000001,0.9756799999999999,0.94039,0.92381,0.88726,0.89407,0.89836,0.87585,0.8892399999999999,0.87805,0.8618,0.8452299999999999,0.81842,0.8451299999999999,0.8096300000000001,0.78387,0.80572,nan,0.7826,0.76625,0.7404,0.75822,0.75755,0.7267899999999999,nan,0.70836,0.72228,0.68592,0.66787,nan,nan,0.61831,0.58327,nan,0.60125,0.5784699999999999,0.60622,0.57535,0.56118,0.55613,0.5455,0.56179,0.5221899999999999,nan,0.52286,0.50341,0.46413000000000004,nan,0.48005,0.462,0.46278,0.44803000000000004,0.42473999999999995,nan,0.42022,0.43181,0.44264,0.41953999999999997,0.4019,0.38675,0.37075,0.34931999999999996,0.34389000000000003,0.34183,0.34623000000000004,nan,nan,0.30234,nan,0.28479,0.27592,nan,0.26064,0.24136,0.24226999999999999,0.22643000000000002,0.21136,0.18859,0.19294,0.20262,0.18020999999999998,0.18309,nan,0.1287,0.13047,0.16473,0.1469,0.12387000000000001,nan,0.14052,0.12410999999999998,0.12374,0.12587,0.12347000000000001,0.12844,0.11625999999999999,0.076317,nan,0.063593,0.033884,0.013865,0.052509,0.054042999999999994,0.016089,0.027908,0.021794,-0.015222,-0.017232,-0.026101999999999997,-0.049344,nan,-0.057311,-0.080836,-0.07685800000000001,-0.037797000000000004,-0.078559,-0.11918,-0.11082,-0.12199000000000002,-0.11080999999999999,-0.12362999999999999,-0.15744,nan,-0.11285999999999999,-0.12564,nan,-0.14664000000000002,-0.13863,nan,-0.13699,-0.15375999999999998,-0.14395,-0.12788,-0.14561,-0.15917,-0.15006,nan,-0.17653,-0.19912,-0.18001,-0.16655,-0.14369,nan,-0.19111,-0.15534,-0.17678,nan,-0.18925999999999998,-0.19825,-0.20108,nan,-0.21348000000000003,nan,-0.21658000000000002,nan,-0.2151,-0.21391,-0.21463000000000002,-0.21425,-0.21558000000000002,nan,-0.21609,-0.21634,-0.21168,-0.22646,-0.23683,-0.23473000000000002,-0.23540999999999998,nan,-0.23779,-0.21708000000000002,-0.22546,-0.24774000000000002,nan,-0.2482,-0.23593000000000003,-0.23613,nan,-0.23117,-0.23645,-0.23664000000000002,-0.22211,-0.18887,-0.20128,-0.21684,-0.23364000000000001,-0.24236999999999997,nan,-0.20148,nan,-0.24806999999999998,-0.30541,-0.31669,-0.31451,nan,-0.2972,nan,-0.34271,-0.33326999999999996,-0.36336,-0.35746,-0.29802,-0.34105,-0.35462,-0.31503000000000003,nan,nan,-0.33253,-0.29877,-0.29633000000000004,-0.2981,-0.28753,-0.25863,-0.26452,-0.26966999999999997,-0.20875,nan,nan,-0.23744,-0.23986,-0.21716,nan,nan,-0.25386,-0.25716,-0.24179,-0.22757,-0.25286,nan,-0.22821999999999998,nan,nan,-0.2155,nan,-0.20048,-0.1862,-0.16724,nan,-0.1908,-0.15517,-0.15700999999999998,nan,-0.13258,-0.13498,-0.13606,-0.13158,-0.13960999999999998,-0.1336,-0.09704199999999999,-0.13097999999999999,nan,-0.12675,-0.12300000000000001,-0.09032799999999999,-0.096185,-0.076347,-0.077041,-0.060364,-0.053257000000000006,-0.048141,-0.030820999999999998,nan,-0.03129,0.025334,0.029633999999999997,nan,nan,0.042926,0.044085,nan,0.024432,0.041679,0.058301,0.09926,nan,0.11697,0.11459000000000001,nan,0.11208,nan,0.12517,nan
6.0,-0.22734000000000001,-0.46487,-0.47516,-0.3394,nan,-0.46147,-0.41644,-0.44822,-0.43767,-0.43783999999999995,-0.45893999999999996,-0.47646000000000005,nan,-0.4715,nan,nan,-0.4848,-0.49105,-0.52181,-0.5081100000000001,-0.49241999999999997,-0.52572,-0.54703,nan,-0.5213399999999999,-0.53064,-0.53327,-0.53081,-0.5331600000000001,-0.53795,-0.54835,-0.54499,nan,-0.54309,-0.5576,-0.54648,nan,-0.55952,nan,-0.5865600000000001,-0.5884199999999999,nan,-0.56583,-0.5703600000000001,-0.56991,-0.5771,-0.58773,-0.59367,-0.59439,-0.58424,nan,-0.5948100000000001,nan,-0.59508,-0.57997,-0.58735,-0.5995,-0.5877899999999999,-0.58958,-0.62116,-0.62429,-0.60705,nan,-0.61314,-0.60659,-0.62398,-0.63234,-0.63044,-0.64037,nan,-0.64186,-0.64315,-0.62257,nan,-0.6318600000000001,-0.62958,-0.6368199999999999,-0.65663,-0.64669,-0.62507,-0.6370399999999999,-0.65469,-0.65044,nan,-0.66676,-0.65295,-0.66332,-0.67872,-0.65861,nan,-0.6744399999999999,-0.69038,-0.6842199999999999,nan,-0.66788,-0.69026,-0.70749,nan,-0.66257,-0.69093,-0.71814,-0.7155199999999999,nan,-0.7237100000000001,-0.70305,-0.69393,-0.71454,-0.72745,nan,-0.7087399999999999,-0.71753,-0.72714,-0.7249,-0.72716,-0.72847,-0.7285699999999999,-0.74957,-0.74783,-0.71699,-0.72245,-0.73929,-0.73727,-0.7531399999999999,-0.7588699999999999,-0.73978,-0.74259,nan,-0.73766,-0.74288,nan,-0.76074,-0.7517699999999999,nan,nan,-0.7634,-0.77093,-0.77669,-0.78838,-0.79777,-0.79003,-0.77105,-0.76232,-0.76774,-0.77646,-0.77663,-0.7709199999999999,-0.78082,nan,-0.80172,-0.78957,-0.7864800000000001,-0.78645,-0.78728,-0.80378,-0.80235,-0.76717,-0.77159,-0.81338,-0.80935,nan,-0.7891100000000001,-0.79879,-0.79356,-0.80386,-0.8330799999999999,-0.8479399999999999,nan,-0.81247,nan,-0.78914,-0.80032,-0.81392,-0.85057,-0.87292,nan,-0.85721,-0.85434,nan,-0.84365,-0.8732200000000001,-0.86964,nan,-0.8295100000000001,-0.81889,nan,-0.8355799999999999,-0.8671399999999999,-0.8731200000000001,-0.8718799999999999,-0.8652200000000001,nan,-0.8691200000000001,-0.8665299999999999,-0.85815,nan,-0.85598,nan,-0.87305,-0.86101,-0.86155,-0.8728100000000001,-0.85393,-0.8423200000000001,-0.8645,-0.8738299999999999,-0.86001,nan,-0.87249,nan,-0.8555200000000001,-0.86082,-0.85226,-0.83896,-0.8505299999999999,-0.86088,nan,-0.85109,-0.8719399999999999,-0.85372,nan,nan,-0.8745200000000001,-0.85295,-0.83644,-0.85431,-0.85767,-0.84199,-0.8365799999999999,-0.83354,nan,-0.8485799999999999,-0.8400700000000001,-0.8307899999999999,-0.83745,-0.8377,nan,nan,-0.8234600000000001,-0.8269,-0.8408,-0.8486299999999999,-0.8300700000000001,-0.82031,nan,-0.8413,nan,-0.8285100000000001,-0.84791,-0.82626,-0.8063899999999999,nan,nan,-0.79625,nan,-0.79468,nan,-0.8225399999999999,-0.8024600000000001,nan,nan,-0.78785,nan,-0.78099,-0.7765,-0.78381,nan,nan,-0.7942100000000001,-0.79827,nan,nan,-0.78386,nan,-0.77652,-0.78025,-0.79174,nan,-0.79955,-0.79166,-0.7831899999999999,-0.77664,-0.7712600000000001,-0.7781600000000001,nan,-0.7792399999999999,-0.76768,-0.76267,-0.7605,-0.7714,-0.78962,-0.78862,nan,-0.79304,nan,nan,nan,nan,nan,-0.7577699999999999,-0.76589,-0.7760100000000001,-0.76166,-0.74363,-0.73938,-0.73607,-0.73825,-0.7383,-0.72736,nan,nan,-0.73903,nan,-0.72135,-0.71541,nan,-0.72629,-0.72828,nan,-0.7337899999999999,-0.72612,-0.73431,-0.74354,-0.72954,-0.7046600000000001,nan,nan,-0.72752,nan,-0.70839,-0.72901,-0.71933,-0.70552,-0.72033,-0.73785,-0.73775,nan,-0.72815,-0.7068300000000001,-0.6978800000000001,-0.70352,-0.71108,-0.71877,-0.70782,-0.68176,-0.67373,-0.67882,-0.68005,-0.69094,-0.70937,-0.6995100000000001,nan,-0.66582,-0.68233,nan,nan,nan,-0.6793899999999999,-0.69015,-0.6792100000000001,-0.66682,-0.67518,-0.6746,-0.6641100000000001,-0.66523,nan,-0.68315,-0.6913,nan,-0.66481,nan,-0.67309,-0.65545,-0.67187,nan,-0.67872,-0.68207,-0.69152,-0.66968,-0.67123,-0.69109,-0.6727,-0.6643,nan,nan,-0.68105,nan,-0.67018,-0.64925,nan,-0.6674399999999999,nan,-0.6570600000000001,-0.66668,-0.6561600000000001,nan,-0.67071,-0.67935,-0.67132,-0.6614800000000001,-0.66777,-0.67143,-0.65053,-0.6432899999999999,-0.6629,nan,-0.6373,-0.6403,-0.64695,-0.65822,-0.66772,-0.64852,-0.63865,-0.6564,-0.65741,-0.64581,-0.65833,-0.6682899999999999,nan,-0.64162,nan,nan,-0.63957,-0.65625,-0.66508,-0.66476,nan,-0.6565300000000001,nan,-0.65685,-0.6560199999999999,nan,-0.64973,nan,-0.65541,-0.65704,-0.66573,-0.64623,-0.63483,nan,-0.64274,-0.63903,-0.64065,-0.64283,-0.6487,-0.65609,-0.65255,-0.64265,-0.6389600000000001,-0.6413800000000001,-0.6422100000000001,nan,-0.64074,-0.6429199999999999,nan,-0.64328,-0.6562399999999999,-0.6655300000000001,-0.65727,-0.63435,-0.62874,-0.6459999999999999,-0.65291,-0.65518,nan,-0.63913,-0.63251,nan,-0.6598,-0.63654,-0.63946,-0.6483800000000001,nan,-0.66742,-0.65833,nan,-0.64142,-0.63708,nan,-0.65076,-0.6399100000000001,-0.6579,-0.66027,-0.63269,-0.62705,-0.62405,nan,-0.6174,-0.64456,-0.63705,-0.61861,-0.62258,nan,-0.6314,-0.62435,-0.60811,-0.60734,-0.62611,-0.62188,-0.60388,-0.6130800000000001,-0.6230899999999999,-0.6127100000000001,nan,nan,-0.6182,-0.60643,-0.5824199999999999,-0.58365,nan,-0.58328,nan,nan,-0.5962,-0.57399,-0.56986,-0.58223,-0.5807399999999999,-0.58149,-0.59532,-0.59615,-0.58223,-0.58224,-0.59283,-0.5872,nan,-0.58182,-0.5837399999999999,nan,-0.5713199999999999,nan,-0.5926899999999999,-0.57508,nan,-0.5596800000000001,-0.57419,nan,-0.57299,nan,-0.5575100000000001,nan,-0.56447,-0.56779,-0.54845,-0.54333,-0.56312,nan,nan,-0.53873,-0.5587300000000001,nan,-0.54051,-0.5452100000000001,nan,-0.52595,-0.53615,nan,nan,-0.54304,nan,nan,-0.54793,-0.55498,-0.52572,-0.5225,nan,-0.52278,nan,-0.53294,-0.53396,-0.54192,-0.53792,-0.51944,-0.51035,nan,-0.49749,-0.5179699999999999,nan,-0.5258,-0.51056,-0.50375,-0.51535,nan,-0.49417,-0.47067,-0.49151000000000006,-0.50117,nan,-0.46798,-0.4975,-0.47463999999999995,-0.45292,-0.46202,-0.45915,-0.46968999999999994,-0.48443,nan,-0.45314,-0.46331000000000006,-0.46231000000000005,-0.45059,-0.44501999999999997,-0.4498,-0.45788999999999996,-0.45975,-0.46116,nan,nan,-0.44706,-0.44919,-0.44553999999999994,-0.45002,nan,-0.43401999999999996,-0.44545,-0.46138999999999997,-0.45033,nan,nan,-0.46179,-0.45936000000000005,nan,-0.44948999999999995,-0.44666000000000006,nan,nan,-0.44178999999999996,-0.46097,nan,-0.43705,nan,-0.44475,-0.42507,-0.41625,nan,-0.45003999999999994,-0.45006999999999997,-0.44023,-0.4342,-0.42611000000000004,nan,-0.41491999999999996,-0.42475,-0.41416000000000003,-0.41526,-0.43868,-0.4406,-0.4234,nan,nan,-0.42736,-0.42343000000000003,-0.43641,-0.43133999999999995,nan,-0.42599,-0.43799,nan,-0.42728999999999995,nan,-0.43022,nan,-0.42256000000000005,-0.43417,-0.4363,-0.45003000000000004,-0.45152,nan,nan,nan,nan,-0.42365,nan,-0.43778999999999996,-0.43216000000000004,nan,-0.45228999999999997,-0.46598999999999996,-0.45782,-0.43768,-0.43846,-0.45003000000000004,-0.4494,-0.44583,-0.4479,-0.44971000000000005,nan,nan,nan,nan,nan,-0.47025,-0.46163999999999994,-0.45953999999999995,-0.45955,-0.47375,-0.50145,-0.5032,-0.48317,-0.48822,-0.5112800000000001,-0.5221100000000001,nan,nan,nan,-0.53325,nan,-0.52659,-0.52193,-0.52015,-0.52275,-0.53564,-0.54496,nan,-0.5496,-0.5697399999999999,-0.57052,-0.56784,nan,-0.56699,-0.5776100000000001,-0.5950300000000001,-0.58558,-0.56705,-0.57386,-0.59292,-0.58915,-0.5724,-0.58299,-0.61034,-0.61829,-0.61905,nan,-0.62462,-0.61631,nan,nan,nan,-0.6320600000000001,-0.6585300000000001,-0.6618,-0.6381899999999999,-0.62776,nan,-0.64152,nan,nan,-0.69315,-0.6913199999999999,-0.68618,-0.6911,-0.6898,-0.6947800000000001,nan,-0.70892,-0.69905,-0.7327199999999999,-0.74848,-0.7287,nan,-0.73814,-0.73973,-0.75722,-0.76207,-0.7659199999999999,-0.79425,-0.79838,nan,nan,nan,-0.79069,-0.78794,-0.80378,nan,-0.82539,nan,-0.83778,nan,nan,-0.8695,-0.8755,-0.8853,-0.87235,-0.87761,-0.89769,-0.8957200000000001,-0.9017200000000001,-0.92666,-0.9340200000000001,nan,-0.92105,-0.9458,-0.96552,-0.96655,-0.9859100000000001,-1.0064,-0.98109,-0.97046,-1.0017,-1.0015,nan,-1.006,nan,-1.0353,-1.0556,-1.0644,nan,-1.0493,-1.0504,-1.0726,-1.0954,-1.1024,-1.1065,-1.1159,-1.113,-1.1082,-1.1285,-1.1526,nan,nan,-1.1527,-1.1627,-1.1656,-1.1811,-1.1867,-1.1732,nan,nan,-1.2076,-1.2224,-1.235,nan,-1.2218,-1.2458,-1.2595,-1.2549,-1.2663,-1.2858,nan,nan,-1.305,-1.297,-1.2962,nan,-1.3331,-1.3329,nan,-1.334,-1.344,-1.3335,-1.3325,nan,-1.3352,-1.3287,nan,-1.3272,nan,nan,-1.3455,nan,nan,-1.3463,-1.337,-1.3474,-1.3565,-1.3467,-1.3401,-1.3586,nan,-1.3676,-1.3518,-1.3541,-1.3547,-1.3521,-1.3457,-1.3295,-1.339,nan,-1.3726,nan,-1.3437,nan,-1.3556,-1.3519999999999999,-1.3555,-1.3625,-1.3649,-1.3549,-1.3422,nan,-1.3549,-1.3463,-1.3343,-1.3277,-1.3205,nan,-1.3192,-1.32,nan,-1.3027,-1.3072,-1.2998,-1.2778,-1.268,-1.261,-1.239,-1.2334,-1.2361,-1.2157,-1.203,-1.1955,-1.1757,nan,-1.2007,-1.1907,-1.1649,-1.1606,-1.1633,-1.1467,-1.1221,nan,-1.0797,-1.0708,nan,-1.053,nan,nan,-1.0069,-0.9802700000000001,-0.98174,-0.98054,-0.9691700000000001,-0.9649700000000001,-0.94985,-0.9239200000000001,-0.9073100000000001,-0.8829799999999999,-0.86115,-0.85524,-0.825,nan,-0.7762899999999999,-0.76084,-0.73275,-0.71812,-0.69397,-0.67235,-0.66796,-0.64617,-0.61247,nan,-0.5421699999999999,-0.5201100000000001,-0.50474,-0.47034,nan,-0.40181999999999995,-0.36874,-0.33144,-0.30209,-0.27899,-0.24641999999999997,-0.19979,-0.15155,-0.1246,-0.10948,-0.068712,-0.0087453,0.032868,0.061839,0.10687,0.15459,0.18859,0.2368,0.28336999999999996,nan,0.34444,0.4242,0.46445,nan,0.51705,0.56083,nan,0.6710699999999999,0.73241,0.7823399999999999,0.81803,0.85044,0.89895,0.9482,nan,1.0443,1.1038,1.1247,nan,1.2119,nan,nan,1.3118,1.3831,nan,1.4797,1.5218,1.5607,1.5899,1.6472,1.6991,1.7299,1.7932,1.8536,nan,1.9307,1.9744,1.996,2.043,nan,2.148,2.1912,nan,2.2632,2.3058,2.3282,2.3669,2.4178,2.4432,2.4791,nan,nan,2.6138,2.6413,nan,2.7103,nan,2.7564,2.7919,2.8112,2.8197,2.8544,nan,2.8934,nan,2.9432,2.9530000000000003,2.9619999999999997,nan,2.9837,2.9988,2.9912,2.9761,2.975,nan,nan,nan,nan,2.945,2.9628,2.9733,2.93,2.8989999999999996,nan,nan,2.8402,2.8451,2.8428,2.8175,2.8241,nan,2.7502,nan,2.7468,nan,nan,2.6992,2.6632,2.6476,2.6452,2.6349,2.6267,nan,2.6115,2.5980000000000003,2.5474,2.5269999999999997,2.5496,nan,2.5029,2.4903,2.4785,2.4837,2.4889,2.4623,2.4446,2.4392,2.4202,2.4078,2.405,2.4059,2.4036,2.3756,2.3577,2.3693,2.3507,nan,2.3171,2.3287,2.3106,2.2854,nan,2.2895,2.283,2.2628,2.2638,2.2723,nan,2.2342,2.2411,2.249,2.2398,2.2365,2.2358,2.2192,2.2006,2.1845,2.1665,2.157,2.1488,2.14,nan,2.1358,2.1272,2.129,2.1166,nan,2.0769,nan,2.0899,2.0801,2.0728,2.0598,nan,2.0335,nan,2.0317,2.0337,2.0209,2.0206,2.0214,1.9873,1.9692,1.9944,1.9963,1.9631,1.946,1.9476,1.9383,1.9159,1.8998,1.8923,1.8812,nan,1.8747,1.8696,1.8605,nan,1.8584,nan,nan,1.8347,1.8164,1.7903,1.7843,nan,1.7999,1.7851,nan,nan,1.7335,nan,1.7199,1.7179,1.6937,1.7005,nan,1.6974,nan,1.6876,1.6503,nan,1.6592,1.6458,1.6258,nan,1.6068,1.6077,1.6019999999999999,1.5801,1.5699,1.5802,1.5819,1.5621,1.5462,1.551,1.5586,1.5531,nan,1.521,1.5119,1.5082,1.493,1.4759,nan,1.4722,1.4622,nan,1.4593,nan,1.4498,nan,nan,nan,1.4385,1.4144,1.3791,nan,1.3846,1.3764,1.3636,1.3791,nan,1.3697,1.3623,1.3657,nan,nan,nan,1.3293,1.3205,1.3154,1.3008,1.2813,1.2883,nan,1.2704,1.2677,1.2678,nan,1.2498,nan,1.2211,nan,1.2509,1.2409999999999999,1.2326,1.2265,1.2175,1.2079,1.1924,1.1776,1.1858,1.1896,nan,1.1640000000000001,nan,1.1540000000000001,nan,1.1358,1.0675,1.067,1.1431,nan,1.1245,1.1108,1.1112,1.1149,1.1091,1.1108,1.1331,nan,1.1111,nan,1.1203,1.0934,1.0764,1.0725,nan,nan,nan,1.0564,1.0508,1.0523,1.0458,1.0211,1.0123,nan,nan,0.9087700000000001,nan,0.99365,nan,0.95725,0.96385,0.9797399999999999,nan,0.97857,0.9773299999999999,0.9679700000000001,0.95996,0.95045,0.94165,nan,0.9540700000000001,0.9240200000000001,nan,nan,0.9257299999999999,0.89664,nan,0.8929600000000001,0.8809600000000001,0.8807,0.8866,0.9099,0.9111100000000001,nan,0.79976,0.85935,0.8841,0.86351,0.88016,0.8864,0.8466299999999999,0.83434,0.85645,0.84925,0.83185,0.84304,nan,0.82663,0.8202200000000001,0.8235,0.81905,0.8212200000000001,0.83257,0.82852,0.80402,0.78564,0.7951199999999999,0.8169,0.8114399999999999,0.78165,nan,0.79798,0.8032199999999999,0.78855,0.7862100000000001,0.79628,0.7953899999999999,0.77949,0.76236,nan,0.76374,0.74764,0.72554,nan,0.7351,0.7237,0.7359,0.73069,0.7018800000000001,0.71327,0.72616,0.71114,nan,0.72556,0.70975,0.70929,0.7198899999999999,0.72611,0.72547,0.71563,0.71329,0.71139,0.7077399999999999,nan,0.72133,0.6847300000000001,0.67613,0.6915100000000001,0.68933,0.68958,0.6836800000000001,nan,0.64475,0.66247,0.64923,0.6189399999999999,0.62244,0.62547,nan,0.58105,0.5794699999999999,0.57838,0.5958899999999999,0.60734,0.5897600000000001,0.5717899999999999,0.5622699999999999,nan,0.55566,0.55403,0.5371100000000001,0.51904,0.5241100000000001,0.5352899999999999,nan,nan,0.52427,0.52754,0.49023,0.48263,0.49915,0.48549,nan,nan,0.46948,0.46651000000000004,nan,nan,0.43622,0.45106,0.47312,0.45133,0.42855,0.4193,nan,nan,0.41008999999999995,0.40975,0.40515999999999996,0.38515,0.39215,0.40233,0.36504000000000003,0.35634,0.38506,0.37294,0.36169,0.37365,0.35073000000000004,0.32435,0.32757,0.32706,0.31977,0.30973,0.30021,nan,0.31772,nan,nan,0.28445,0.29325,0.303,0.2825,0.26223,nan,0.28548,0.26907,nan,0.27848,0.26849,0.25121,nan,0.26735,nan,nan,0.2326,nan,0.20301,0.2023,0.20811999999999997,0.20242000000000002,nan,nan,nan,0.16618,nan,0.1635,0.15488,nan,nan,0.16675,0.15833,0.15253,0.13962,0.12215999999999999,0.11180999999999999,0.10865,0.11869,0.12794,0.10722000000000001,0.095413,0.10844000000000001,nan,0.084152,0.09459,0.085204,0.070175,0.082575,0.083006,0.064364,0.072901,0.080832,0.048786,0.039120999999999996,0.068635,0.061189,0.026039999999999997,0.021915,0.034068,0.038383,0.034577,0.025688,0.028205,0.036677,0.028049,0.009387000000000001,-0.0033079,-0.0024633000000000003,-0.0014180999999999998,-0.024108,-0.037903,nan,0.007148899999999999,-0.0039365,-0.011844,-0.011283,-0.011978,-0.012798,-0.011898,nan,-0.026163,-0.038495999999999996,-0.027239999999999997,-0.027173000000000003,-0.046698,-0.046276,-0.054544,nan,-0.051584000000000005,-0.033819,-0.050492,-0.057340999999999996,-0.06838,nan,-0.059137,nan,-0.097301,-0.076321,-0.070596,nan,-0.062539,-0.091809,-0.11800999999999999,-0.10952,-0.09954500000000001,-0.089999,nan,-0.095951,-0.10255,-0.11499000000000001,-0.12270999999999999,-0.10905999999999999,-0.11775,nan,-0.11622,-0.10817,-0.12417,-0.12364000000000001,-0.11285999999999999,-0.10837000000000001,nan,-0.11796,-0.1185,-0.11089,-0.10887000000000001,nan,-0.09693,nan,-0.14497000000000002,-0.13738,-0.11145,-0.12278,-0.13332,-0.1223,-0.11997000000000001,-0.11834000000000001,-0.1237,-0.13480999999999999,-0.12137,-0.12686,-0.14728,-0.12172000000000001,-0.11167,-0.13499,-0.1249,-0.1256,-0.14845,nan,-0.15074,-0.15695,nan,-0.12854000000000002,nan,-0.13483,-0.14067000000000002,-0.14708,-0.14665999999999998,-0.14644000000000001,-0.13965,nan,nan,-0.13738,-0.15031,-0.14819000000000002,nan,-0.12582000000000002,-0.13395,-0.12000999999999999,nan,-0.14490999999999998,-0.12415,-0.12485,nan,-0.12236,-0.13455,-0.14586,-0.12047000000000001,-0.10497000000000001,-0.12161,-0.13489,-0.13404000000000002,-0.13278,-0.13196,nan,-0.11659000000000001,nan,-0.12207,-0.11479,-0.13519,-0.14498,nan,-0.12374,-0.13419,-0.12349,-0.11807000000000001,-0.11835,-0.098879,-0.088901,-0.11182,nan,-0.10149,-0.094615,nan,nan,-0.1107,-0.12211,-0.11164,-0.10505999999999999,-0.11552,-0.12201,nan,-0.12491,-0.13512000000000002,nan,-0.10527,-0.11837,-0.13499,nan,-0.11365,nan,nan,-0.11385999999999999,-0.12455999999999999,nan,-0.12844,-0.11532,-0.11065,nan,-0.13691,-0.13402999999999998,-0.12393,-0.11455,nan,-0.10985,-0.10949,nan,-0.11112999999999999,-0.10297,nan,-0.099303,-0.10216,-0.083624,-0.072926,-0.07449,-0.062314,-0.066857,nan,nan,-0.059421,nan,-0.082601,-0.079891,-0.073018,nan,-0.065934,nan,-0.062988,-0.05235599999999999,nan,-0.063081,-0.062124,-0.06298200000000001,nan,-0.074818,-0.066381,-0.059595,-0.051088999999999996,-0.046261000000000004,nan,-0.05083,-0.039623,nan,-0.037975999999999996,-0.037008,-0.036063,nan,-0.027593,-0.013972,-0.012018000000000001,-0.013456000000000001,-0.0094775,-0.014647,-0.012137,0.00047829,-0.008426600000000001,nan,0.00035162,-0.016597,nan,-0.0026526999999999996,nan,0.0084194,0.008941,nan,-0.026269,nan,-0.019119,-0.017883,0.024949000000000002,0.025919,-0.00023741,0.0099494,nan,0.039129000000000004,0.035976,0.03469,0.017106,0.0074885,0.035052,0.058841,nan,0.035126,0.045925,0.051744000000000005,0.043257,0.04886,0.068213,0.076307,nan,nan,0.057502,0.064082,nan,0.07282000000000001,0.07331,0.070879,0.070029,0.083248,0.098176,0.096702,nan,0.081952,0.071214,0.07545199999999999,0.097871,0.10682,nan,0.096605,0.09375399999999999,0.08450099999999999,0.090637,0.096765,nan,0.10478,0.10711,0.094015,0.10119,0.11921,0.11889000000000001,0.11772,0.13466,0.14608,0.14311,nan,0.16318,0.16746,0.16155,0.15194000000000002,0.15846,0.16985,0.15594,0.1442,0.165,0.17245,0.14282,0.14299,0.17853,0.16889,0.14201,0.16127,0.17357999999999998,0.1486,0.14124,nan,0.16948,0.15511,0.14442,0.14905,0.15585,0.14851,0.13835999999999998,0.1488,0.16668,0.16979,0.1703,0.16784000000000002,nan,0.14395,0.15708,0.16842000000000001,0.16614,0.15317999999999998,nan,0.17067000000000002,0.16158,0.14276,0.16085,0.16922,0.15459,0.15607000000000001,0.15259,0.14277,0.14420999999999998,0.13769,0.13366,0.13292,0.10935999999999998,nan,0.10790999999999999,0.12183,0.1138,nan,nan,0.077976,0.10263,0.08836799999999999,0.049181,0.08010700000000001,0.069246,nan,0.12333,nan,nan
4.0,0.15170999999999998,-0.21254,-0.08749,-0.040131,-0.14443,nan,nan,-0.092687,-0.080368,-0.11388,nan,nan,nan,-0.093034,-0.083548,-0.10114,nan,-0.047635000000000004,nan,-0.11993,-0.10435,-0.10535,-0.1175,-0.083636,-0.049479,-0.056856,-0.0658,nan,-0.066093,-0.056147,-0.0442,-0.051637,-0.052734,-0.025641000000000004,nan,-0.018179,-0.046679000000000005,-0.06578200000000001,-0.051876,-0.026041,-0.015703,-0.011078,-0.016318,nan,-0.015566,-0.033821,-0.013923,-0.022788,-0.031534,0.028252,0.032809,0.02367,0.035666,0.006755,0.022182,nan,-0.0013678,0.012467,0.050825,0.053909000000000006,0.032101,0.018404,0.024582,nan,nan,0.070823,0.060973,nan,0.073418,0.05324400000000001,0.065751,0.082052,0.066286,0.053652,0.054836,0.057277,0.054917999999999995,0.055492999999999994,0.070417,nan,0.038729,0.018928999999999998,0.033905000000000005,0.051877,0.062874,0.075675,0.072622,0.060226,nan,0.032942,0.035207,0.078458,0.092598,0.06272799999999999,nan,0.059004999999999995,nan,0.070466,0.086907,0.059252,0.06277,0.075303,0.051085000000000005,0.051358,0.07145599999999999,nan,0.07341,0.072746,0.06140399999999999,0.05726799999999999,0.080647,nan,0.073801,0.083453,0.08709299999999999,0.071047,nan,0.089148,0.06244299999999999,0.034677,0.019313999999999998,0.04343,nan,0.064877,nan,0.06249400000000001,0.093688,0.046027,0.03404,0.047189,nan,0.04866,0.08745499999999999,0.06556000000000001,nan,0.072869,0.036855,0.028263,nan,0.075263,nan,0.061354,0.042772000000000004,0.039538,0.03522,0.020194,0.037499,0.063407,0.029620999999999998,0.0012745999999999999,0.030197,0.034082999999999995,0.01945,0.035224,0.030333999999999996,0.0151,0.022404,0.019024,0.0085139,nan,0.0069175,0.0019584,-0.012282,-0.0092911,-0.020109000000000002,-0.032728,-0.014734,-0.023668,-0.024645,0.0052106999999999995,-0.0062279,-0.039523,-0.053112,-0.06805499999999999,-0.068224,-0.049875,nan,-0.065616,-0.051889,-0.052485000000000004,-0.080122,-0.07911699999999999,-0.083673,-0.11460999999999999,nan,-0.081196,nan,nan,-0.11774000000000001,-0.12637,-0.15466,-0.15414,-0.14265,-0.13135,-0.15953,-0.20365999999999998,-0.19147,-0.19599,-0.22288000000000002,-0.1937,-0.16644,-0.17941,-0.21393,-0.22446999999999998,nan,-0.17545999999999998,-0.21484,-0.22325,-0.2192,nan,-0.21963000000000002,-0.22308000000000003,-0.23298000000000002,-0.25255,-0.25079,-0.23989000000000002,-0.25283,-0.26048000000000004,-0.2505,-0.26071,-0.28774,-0.29415,nan,-0.27469,-0.28956,-0.29488000000000003,-0.2844,-0.32236,nan,-0.29608,-0.30975,-0.34743,-0.32759,-0.33505999999999997,-0.34797,nan,-0.36255,-0.37590999999999997,-0.3771,-0.37415,nan,-0.38048000000000004,-0.35907,-0.36938000000000004,nan,-0.39609,-0.40376999999999996,-0.41171,-0.38799999999999996,-0.37794,-0.38995,-0.39427,-0.39593,-0.41411000000000003,-0.42828999999999995,nan,-0.40483,-0.39663000000000004,-0.39516999999999997,-0.39100999999999997,-0.39924,-0.41422,-0.39998,nan,-0.40404,-0.41255,-0.4107,-0.42841999999999997,-0.41681999999999997,-0.39231,-0.39555999999999997,-0.39229,-0.4024,-0.40993,-0.38028,-0.37984,nan,-0.40381,-0.39707,-0.42486,-0.42255,-0.40958,nan,-0.39714,-0.40081,-0.41211000000000003,-0.3938,-0.4046,-0.44241,-0.43108,nan,nan,-0.41256000000000004,-0.40494,-0.41896000000000005,nan,nan,-0.37574,-0.40047,-0.41413,-0.41781999999999997,-0.38913000000000003,-0.37901,nan,-0.37825,-0.39271,-0.41165,-0.37521,-0.36964,-0.39736,-0.37958000000000003,-0.35996,-0.37496999999999997,-0.3784,-0.37494,nan,-0.37763,nan,-0.36501999999999996,-0.36183000000000004,-0.37871,-0.35488000000000003,-0.33371,-0.34733,-0.34567,-0.33787,nan,-0.35149,-0.32653000000000004,-0.32345,-0.32627,-0.32411999999999996,nan,-0.31254,-0.29323,-0.28805,nan,-0.29131,-0.28831,nan,-0.2885,-0.27638,nan,nan,-0.27907,-0.24136999999999997,-0.24703000000000003,nan,-0.24954,-0.24083000000000002,-0.23906999999999998,-0.23554,-0.24226,nan,nan,-0.24394000000000002,-0.23820999999999998,-0.26081,-0.26304,-0.21777,nan,nan,-0.25785,-0.25501999999999997,-0.25229,-0.23231,nan,-0.20885,-0.23748000000000002,-0.23184000000000002,-0.22289,-0.25106999999999996,-0.24314000000000002,-0.21325999999999998,nan,-0.22336,-0.22257,-0.24770999999999999,-0.23656999999999997,nan,-0.21714,-0.21283000000000002,-0.20769,-0.22314,-0.1945,-0.19899,-0.24488000000000001,-0.22632,-0.20917,-0.23676999999999998,-0.23344,-0.22239,-0.24577,-0.26156,-0.25303000000000003,nan,-0.25947,-0.24445999999999998,nan,nan,-0.23943000000000003,nan,-0.24109,-0.2606,nan,-0.28028000000000003,-0.22915,-0.22739,-0.27221,-0.26436,-0.25923,-0.2994,-0.31049,-0.29194000000000003,-0.29314,-0.31268,-0.31049,-0.2885,-0.30121,-0.30263,nan,nan,nan,-0.35238,-0.34458,-0.354,-0.37532,-0.36827,-0.36123,-0.37693000000000004,-0.36480999999999997,-0.36369,-0.40195,nan,-0.37154,-0.3941,-0.4131,-0.41363999999999995,nan,-0.38602,-0.38566999999999996,-0.43246999999999997,-0.41808999999999996,-0.41595,-0.43023999999999996,-0.41333000000000003,-0.41103,-0.40968999999999994,nan,nan,nan,nan,-0.40881999999999996,-0.43215,-0.43063,-0.43981000000000003,-0.44301999999999997,-0.42696000000000006,-0.4304,-0.43422,-0.42151000000000005,-0.43728999999999996,-0.44876000000000005,-0.41608999999999996,-0.42351000000000005,-0.45071000000000006,nan,nan,-0.46838,-0.45706,-0.44697,-0.44388999999999995,-0.4573,-0.46,-0.44581000000000004,-0.45915,-0.47405,nan,-0.45323,-0.48352,nan,-0.45627,-0.48322,-0.46633,-0.47346000000000005,-0.48191000000000006,-0.48573999999999995,-0.51731,-0.50735,-0.48973,nan,-0.51723,-0.51502,nan,nan,-0.51679,-0.5162,nan,-0.5192399999999999,-0.53618,-0.55003,nan,-0.5142399999999999,-0.5231100000000001,-0.56765,-0.55948,nan,-0.55184,-0.5525100000000001,-0.56225,-0.57019,nan,-0.5706899999999999,-0.56787,nan,nan,nan,-0.54997,-0.54898,-0.55482,-0.59073,-0.61936,-0.6090899999999999,-0.59731,-0.6038100000000001,-0.6040800000000001,-0.59046,-0.5766,-0.5906,-0.62015,-0.6212300000000001,nan,-0.62102,nan,-0.65536,nan,nan,nan,-0.6393399999999999,-0.63976,nan,-0.6532100000000001,-0.64836,-0.6784899999999999,-0.68402,-0.67171,-0.68705,-0.68313,-0.65971,-0.67766,-0.6916399999999999,-0.67064,-0.6796399999999999,nan,-0.67277,-0.70533,-0.7371800000000001,-0.71224,-0.69129,-0.6875,-0.69355,-0.7121,-0.7069300000000001,-0.6863199999999999,-0.71011,-0.7218,-0.7066,-0.70654,-0.70958,nan,-0.75378,-0.69616,-0.68819,-0.7208899999999999,-0.7231,-0.72521,-0.7341300000000001,nan,-0.736,-0.7417100000000001,-0.77174,-0.75989,-0.73625,-0.76097,nan,-0.74658,-0.77117,-0.79484,-0.7659699999999999,-0.7468899999999999,-0.76813,-0.7752600000000001,-0.75936,-0.77217,nan,-0.8259700000000001,-0.7985800000000001,-0.7742899999999999,-0.7812899999999999,-0.79551,-0.79566,-0.79094,-0.79464,-0.7893399999999999,-0.77825,-0.77331,-0.78104,-0.8014,nan,-0.83185,nan,-0.78504,-0.7761399999999999,-0.77399,nan,-0.79262,-0.79535,nan,-0.8102,-0.80674,-0.81005,nan,-0.8087,nan,-0.8116399999999999,nan,-0.82975,-0.82083,-0.83089,-0.82905,-0.8074100000000001,-0.82215,-0.8194899999999999,nan,-0.8285899999999999,nan,-0.79682,-0.80874,-0.77786,-0.80162,-0.8325799999999999,-0.80403,nan,-0.82565,-0.82635,nan,-0.86554,-0.84211,nan,-0.87361,-0.83005,-0.8295399999999999,-0.86669,nan,-0.82914,nan,-0.8512799999999999,-0.8708299999999999,nan,nan,-0.8417899999999999,-0.8386899999999999,-0.8281799999999999,-0.85725,-0.87302,nan,-0.8498100000000001,-0.86505,-0.84377,-0.8587799999999999,-0.87715,-0.84805,-0.8502,nan,-0.85305,-0.8474,-0.8607899999999999,-0.8531799999999999,-0.84285,-0.86629,-0.88028,-0.8653200000000001,-0.86451,nan,nan,nan,-0.8466100000000001,nan,-0.8426899999999999,-0.8720700000000001,-0.8666,-0.84141,-0.8461299999999999,-0.84259,-0.85275,-0.85926,-0.8301,-0.81952,nan,nan,nan,-0.80806,nan,-0.8690700000000001,-0.86345,-0.8738799999999999,-0.87841,-0.8446,-0.8502,-0.87877,-0.86519,-0.86456,nan,-0.8286600000000001,-0.85005,-0.8587,-0.84472,-0.87859,nan,nan,-0.853,nan,nan,-0.83741,nan,-0.8632700000000001,-0.857,-0.87766,-0.8697799999999999,nan,-0.8665,-0.84234,-0.85814,-0.87771,-0.8481700000000001,nan,-0.8534200000000001,-0.82299,-0.84344,-0.85385,-0.82599,-0.83493,-0.8796200000000001,-0.8861700000000001,-0.85635,-0.8424200000000001,-0.84714,-0.8435,-0.85193,nan,-0.84362,-0.81182,-0.81497,-0.83334,-0.8472700000000001,-0.8477399999999999,nan,-0.82647,-0.82609,-0.8262700000000001,-0.84464,-0.82749,-0.80929,-0.8284,-0.81505,-0.80998,-0.8318,-0.8297,-0.81286,nan,-0.79301,-0.81245,-0.8257700000000001,-0.82625,-0.8238200000000001,-0.80834,nan,-0.80403,-0.8041,nan,-0.7949,-0.78108,-0.7721,-0.77637,-0.7774,-0.75907,-0.7085100000000001,nan,-0.7600399999999999,-0.72959,nan,-0.75588,nan,-0.72368,-0.70678,-0.6834100000000001,-0.69045,-0.67369,-0.6777,-0.68757,-0.67002,-0.66927,-0.6815100000000001,-0.69198,nan,-0.65705,-0.6574399999999999,-0.68045,-0.66387,-0.65387,-0.6726800000000001,-0.65047,nan,-0.6732600000000001,-0.64974,nan,-0.64449,-0.65545,-0.64366,-0.6139399999999999,-0.60051,-0.62327,-0.62426,-0.60288,-0.60636,nan,nan,-0.55914,-0.59015,nan,-0.60565,-0.5888899999999999,-0.57275,-0.57072,-0.58618,-0.57177,-0.5714100000000001,-0.58543,-0.5705899999999999,-0.55179,nan,-0.55073,nan,nan,nan,-0.53889,-0.5141899999999999,-0.50242,-0.48418999999999995,-0.48485,-0.50084,-0.48608999999999997,-0.46452,-0.46646000000000004,-0.48601000000000005,nan,-0.45106999999999997,-0.45043999999999995,nan,-0.44876000000000005,-0.43218,-0.42532,-0.43485,-0.44816000000000006,-0.44314,-0.45893999999999996,-0.45538999999999996,nan,-0.42963999999999997,-0.42695,nan,-0.44609,-0.43117,-0.44151,-0.43256000000000006,-0.38766999999999996,-0.39192,-0.42377,-0.42554,-0.40615999999999997,nan,-0.36927,-0.39119,nan,-0.36161,-0.35852,-0.3499,-0.34535,-0.3806,-0.38433,nan,-0.37034,-0.39674,-0.38186,nan,-0.34783000000000003,-0.32356,-0.33859,-0.36444,-0.33981,-0.32666,-0.32899,nan,-0.29681,-0.30525,-0.292,-0.30654000000000003,-0.28936,nan,-0.31029,-0.28584,-0.26686,-0.30495,-0.30739,-0.27738,-0.27345,-0.26785,-0.25719000000000003,-0.27154,-0.27123,-0.2385,-0.24445999999999998,-0.27388,-0.27238,-0.2781,nan,-0.24045,-0.26278,-0.2723,-0.25114000000000003,-0.25848000000000004,-0.26926,-0.27971,-0.26450999999999997,-0.2591,-0.27695,-0.24784,-0.2462,-0.27644,nan,-0.30078,-0.28831999999999997,-0.23498000000000002,-0.25245,-0.26152,-0.25256999999999996,nan,-0.25666,-0.27259,-0.2586,-0.23715,nan,nan,-0.25964,nan,-0.2762,nan,-0.25831,-0.28422,-0.29064,nan,-0.29436999999999997,-0.30501,-0.29061,-0.30489,-0.30987,-0.30853,-0.33028,-0.34376999999999996,-0.34297,-0.34371,-0.36685,-0.3953,-0.39469,-0.39541,-0.3891,-0.36183000000000004,-0.36527,-0.3894,-0.36277,-0.36259,-0.40778000000000003,-0.3993,-0.40481,-0.44974,-0.43616000000000005,-0.42423,-0.42736,-0.41171,-0.42615,-0.43873,nan,-0.41813,nan,-0.47167,-0.44833,nan,-0.48195,-0.48798,nan,-0.47153,nan,-0.52295,-0.49588000000000004,-0.51036,-0.5542699999999999,-0.5556,-0.54085,-0.56082,-0.56794,nan,-0.5694899999999999,nan,-0.58407,-0.5725,-0.55581,-0.59464,-0.61817,nan,-0.64007,-0.6440600000000001,-0.61595,-0.63889,-0.64883,-0.66973,-0.68967,-0.67288,nan,-0.66491,-0.64632,-0.65661,-0.66962,-0.68303,-0.72443,-0.71945,-0.67362,-0.69039,-0.7107,-0.73334,nan,-0.7867,-0.76877,nan,nan,-0.77494,-0.81715,nan,-0.81195,-0.80503,-0.8244,-0.8510700000000001,-0.8458100000000001,-0.8374299999999999,-0.8765200000000001,nan,-0.8783700000000001,nan,nan,-0.8590000000000001,nan,-0.91245,-0.92296,-0.9401299999999999,-0.94894,-0.93475,-0.9257,-0.9431299999999999,-0.9722799999999999,-0.9853200000000001,-0.98005,nan,-0.9766600000000001,nan,-1.0394,-1.0567,-1.0519,-1.0731,-1.0838,-1.1068,-1.119,nan,-1.0528,-1.0686,-1.0996,-1.1029,-1.1168,-1.1634,-1.1604,-1.1369,-1.1569,-1.1685,-1.1799,-1.1894,-1.1755,-1.17,-1.1676,-1.1511,-1.1769,-1.2211,-1.2116,nan,-1.1751,-1.1875,-1.1999,-1.2119,-1.2298,-1.2447,nan,nan,-1.2162,-1.245,-1.2208,-1.1974,-1.2137,-1.228,-1.2233,nan,-1.2436,-1.2283,-1.2176,-1.2494,-1.2499,-1.2079,-1.2144,-1.2495,nan,nan,-1.2417,nan,-1.1982,-1.2114,-1.2114,-1.1861,-1.1553,nan,-1.1916,nan,-1.1671,-1.145,nan,-1.1135,nan,-1.0959,-1.1067,-1.1323,-1.1449,-1.1266,-1.1041,-1.1034,-1.095,nan,-1.0895,-1.0768,-1.0333,-1.0077,-0.99782,-0.96998,nan,-0.9741299999999999,-0.9545799999999999,nan,-0.9133700000000001,-0.90317,-0.8976,-0.9165399999999999,-0.8914200000000001,-0.85385,-0.8396,-0.82821,nan,nan,-0.81087,nan,nan,nan,nan,-0.7055899999999999,nan,-0.67577,nan,-0.63956,-0.62461,-0.5965699999999999,-0.61716,-0.60907,nan,-0.5334300000000001,nan,-0.48746999999999996,-0.46543999999999996,nan,-0.41246000000000005,-0.37587,-0.32302,-0.28186,-0.2507,-0.23045,-0.21988000000000002,nan,-0.15479,-0.11660999999999999,-0.099826,-0.10238,-0.074179,nan,0.0035009,0.00092255,0.049699,0.10864000000000001,0.1576,0.19149000000000002,0.20354,0.24461999999999998,0.29778000000000004,nan,nan,0.40133,0.44,nan,0.50389,nan,0.58767,0.6307,0.66876,nan,0.73932,0.77683,0.8446100000000001,0.8850299999999999,0.9405700000000001,1.0022,1.0226,nan,nan,1.1364,1.2138,1.2452,1.2711,1.3205,1.3535,1.3913,1.4621,1.5418,1.5785,nan,1.608,1.6892,nan,1.7481,nan,1.7987,nan,1.9364,1.955,1.9781,2.0215,2.0611,2.1194,2.1452,2.1865,2.2349,nan,2.3174,2.3902,2.3709,nan,2.4975,nan,2.5473,2.5733,2.6301,2.6686,2.7148,2.7682,2.7828,2.8064,2.8246,2.8381,2.9154,nan,2.9799,2.9966,3.0218,3.0653,3.1208,nan,3.1689,3.1704,3.1734,3.1882,3.2014,3.2214,3.2578,3.2728,3.2587,3.2557,3.2574,3.2576,3.2574,3.2616,3.2968,3.3039,nan,3.272,3.2708,nan,3.272,3.2258,3.2448,nan,3.2348,3.2047,3.2060000000000004,3.1975,3.1648,nan,3.1808,3.1757,3.15,3.1388,3.0867,3.0545,3.0413,2.9986,2.9918,2.9956,2.9712,2.9628,2.9537,2.9248,2.9028,2.8739999999999997,2.8431,2.8441,2.8282,2.7853,2.7711,2.7795,2.7984,2.782,2.7262,nan,2.6867,2.6438,2.6483,2.6709,nan,nan,2.5986,nan,2.5544,nan,2.5282,2.5167,2.5032,2.4914,2.4752,2.4367,2.3997,2.3892,2.3901,nan,2.3656,2.3828,nan,2.3386,2.3423,nan,nan,2.2863,nan,nan,nan,2.1828,nan,2.1819,nan,2.1819,nan,nan,2.1286,nan,nan,2.1111,nan,nan,nan,nan,2.0331,2.0295,2.0441,2.037,nan,nan,1.975,nan,nan,nan,1.9575,1.962,1.9401,nan,1.9241,nan,1.9365,nan,1.9028,1.8899,1.8754,1.8386,1.8425,1.8702,1.8621,1.8522,nan,1.8019999999999998,nan,nan,nan,1.7834,1.7758,1.7666,1.7675,1.7686,1.7885,1.7537,1.7375,1.7695,nan,1.7139,1.7218,nan,1.7366,1.7076,1.7053,1.7139,1.6847,1.6684,1.6566,1.6447,1.6312,1.6099,1.6339,1.642,nan,1.6153,1.5886,1.557,1.5778,1.5704,1.5427,1.5515,1.561,1.5605,1.5657,nan,1.5213,1.508,1.517,nan,nan,1.4235,1.4379,nan,nan,1.4052,nan,1.4121,1.3972,1.3685,nan,1.3682,1.3397,1.3169,nan,1.2923,1.3184,1.334,nan,nan,1.2635,nan,nan,1.2544,nan,1.2284,1.1982,1.1644,1.1742,1.1774,1.1615,1.1675,1.137,1.1068,1.1102,1.0964,1.1014,1.115,nan,1.0997,1.0662,1.063,1.0517,1.0081,1.0295,1.0381,1.0007,1.0044,nan,1.0012,0.98336,0.97006,0.9770700000000001,0.9506600000000001,nan,0.9883,0.98359,0.95249,0.96431,nan,0.94429,0.9258799999999999,0.91375,0.8812,0.86619,nan,0.8774,nan,0.84851,nan,0.81221,0.80075,nan,0.7706,0.7713899999999999,nan,0.7471800000000001,0.7417,0.76203,0.76374,0.76281,0.7548600000000001,nan,0.73754,0.74648,0.71927,0.70562,0.72041,nan,0.6798,0.6691,0.64608,nan,0.58877,nan,nan,0.5856399999999999,0.5896899999999999,0.60982,nan,nan,0.5726100000000001,0.54266,nan,0.53173,nan,nan,0.54063,0.52268,0.53946,nan,0.5125,0.49441,0.46701000000000004,0.48253999999999997,0.50637,0.50329,0.5077699999999999,0.5060399999999999,0.47098,0.43965,0.43755,0.43483,nan,0.44116000000000005,nan,0.41676,0.40743,0.3852,0.39088,0.39891,0.38321,0.39703,nan,0.36472,0.37943000000000005,0.38033,0.35999000000000003,0.37098000000000003,nan,0.37438,0.36046999999999996,0.34479,0.31456999999999996,0.29578000000000004,0.31096,0.31044,nan,0.31238,nan,nan,0.27991,0.28526999999999997,0.26573,0.26887,0.27946,nan,0.25904,0.26484,0.23869,0.22623000000000001,0.23251999999999998,nan,0.16687000000000002,nan,0.19769,0.17525,0.22389,nan,nan,0.20826,0.17454,0.12229000000000001,nan,0.16883,0.15137,0.14027,0.12835,0.11456,0.10112,0.087125,0.087912,nan,nan,0.087184,0.073646,0.070528,0.07824199999999999,0.06909,nan,0.056326,0.054143,0.059771000000000005,0.07109700000000001,0.0614,0.052144,0.058494000000000004,nan,0.041089,0.034383,nan,0.054211,0.041727,0.025434000000000002,0.019447,0.019628,0.019781,0.018248,nan,0.038902,0.037094,0.0282,0.010059,0.0061825000000000005,nan,0.00075747,-0.026906,0.00072039,0.017761000000000002,-0.009298700000000002,-0.0040536,0.00070805,-0.034987,nan,nan,-0.033216,-0.009912299999999999,0.0079892,nan,-0.051537,nan,-0.065618,-0.053708000000000006,-0.051552,nan,-0.051865999999999995,nan,-0.078814,-0.08093600000000001,nan,-0.087089,nan,-0.071664,nan,-0.090248,-0.072893,-0.091155,-0.10167000000000001,-0.098523,-0.11862,-0.14300000000000002,-0.13394,-0.13229000000000002,-0.16299,-0.16197,-0.15324000000000002,-0.16984000000000002,nan,-0.17674,-0.18738,-0.18830999999999998,-0.21364,-0.21566,nan,-0.22330999999999998,-0.21236999999999998,-0.19580999999999998,nan,nan,-0.20788,-0.20663,-0.23158,nan,-0.22209,-0.2297,-0.24051999999999998,nan,-0.22505999999999998,-0.20979,nan,nan,nan,-0.28939000000000004,-0.27288,nan,-0.29149,-0.28265,-0.26946,-0.30269,-0.32796,-0.33796,-0.35417,-0.35806,nan,-0.36194,-0.34494,-0.34978000000000004,-0.38124,nan,-0.36887,-0.39039,-0.41501000000000005,nan,-0.37348000000000003,-0.39074000000000003,-0.41563999999999995,-0.41435,nan,-0.4366,-0.42283000000000004,-0.41468999999999995,nan,-0.4286,-0.43168,-0.43123,-0.41297,-0.41578000000000004,nan,nan,-0.42904,-0.41513999999999995,-0.42255,nan,-0.4308,-0.45288999999999996,-0.45443,-0.42796000000000006,-0.44583999999999996,nan,-0.45236000000000004,nan,-0.43309,-0.43391,-0.46148,-0.46071999999999996,-0.46624,-0.46833,-0.4471,nan,nan,-0.44703999999999994,-0.46185,-0.48744,-0.4813,-0.48141000000000006,-0.47406000000000004,-0.45133999999999996,-0.44771000000000005,-0.46293,nan,-0.45605,nan,-0.48398,-0.46303999999999995,-0.47848,-0.5002,nan,-0.47893,-0.48077,-0.48227,-0.48296000000000006,-0.46403999999999995,-0.47888000000000003,-0.50535,-0.49916000000000005,-0.48518,-0.46048,-0.43948999999999994,-0.47202,nan,nan,-0.46452,-0.48378000000000004,-0.46789,nan,-0.47597,-0.47857,-0.46606000000000003,-0.46352,-0.45581000000000005,-0.4421,-0.4485,nan,-0.46493999999999996,-0.46113999999999994,-0.46603999999999995,nan,-0.44918,-0.44896,-0.46568000000000004,-0.45087,-0.44425,-0.48518,-0.49678999999999995,-0.46731000000000006,-0.46135,nan,nan,-0.5179,-0.47626,nan,-0.48278000000000004,-0.46631999999999996,-0.47236000000000006,nan,nan,-0.48402,-0.48578999999999994,-0.46091000000000004,-0.4392,-0.44922,-0.46316999999999997,-0.46198,nan,-0.43833999999999995,-0.39421,-0.42262,-0.39274000000000003,-0.47539,-0.47115,-0.32114000000000004,-0.53587
3.0,-0.13415,-0.3036,-0.35154,-0.24001,-0.30896,-0.29220999999999997,nan,-0.27631999999999995,-0.26064,-0.26834,-0.30155,-0.27564,-0.2489,-0.26737,-0.29546,nan,-0.25511999999999996,-0.25808000000000003,-0.27909,nan,-0.256,-0.26373,-0.27594,nan,-0.28365999999999997,-0.2711,nan,-0.28203,nan,-0.27021999999999996,-0.27163000000000004,nan,nan,-0.27076,nan,-0.23356,-0.24494000000000002,nan,-0.23449,-0.24704,-0.2683,-0.25878,nan,nan,-0.22130999999999998,-0.21688000000000002,-0.21868,-0.20814000000000002,-0.20329,-0.2056,-0.18712,-0.17185999999999998,-0.17892,-0.17943,nan,-0.17929,-0.18909,-0.1842,nan,-0.14812999999999998,-0.16887,-0.17553,-0.16452,-0.17253,-0.17332,-0.15398,-0.16154000000000002,-0.18304,-0.16595,-0.14555,-0.16104000000000002,-0.15085,nan,-0.15311,-0.19269,-0.16344,-0.14219,-0.15397,-0.14279,-0.13677,-0.15908,-0.16596,-0.15409,nan,-0.15327000000000002,nan,-0.15363,-0.15316,-0.13269,nan,nan,-0.16214,nan,nan,-0.14209000000000002,-0.12865,-0.12574000000000002,-0.12679,nan,-0.13227,-0.15256,nan,-0.121,-0.13937,-0.15379,-0.14489000000000002,-0.13985,nan,-0.13466,-0.14123,nan,-0.14382,-0.1395,-0.14167000000000002,-0.12044,-0.11517000000000001,-0.14798,nan,-0.14528,-0.1398,-0.13813,-0.13860999999999998,nan,-0.12944,-0.1215,-0.12725999999999998,-0.14338,-0.16326,nan,-0.14217,nan,-0.13868,nan,nan,-0.14966,-0.12886,-0.11724000000000001,-0.13091,nan,-0.1147,-0.1436,nan,-0.14243,-0.14585,-0.16517,nan,-0.13719,-0.15485,nan,nan,-0.14468,nan,-0.14028,-0.1424,-0.16382,-0.16323,nan,-0.12680999999999998,-0.13974,-0.16258,-0.16403,-0.15132,-0.15787,-0.16385999999999998,-0.1531,-0.15603,-0.16495,-0.16369,-0.17148,-0.17620999999999998,-0.16587000000000002,nan,nan,-0.15354,-0.15082,-0.15037,nan,nan,nan,-0.17745,-0.17617,-0.17485,-0.16061,nan,-0.16358,-0.18032,-0.17911,-0.1736,-0.18027,-0.1909,-0.19819,-0.20786999999999997,nan,-0.21916,-0.21358000000000002,nan,-0.22841,-0.22645,nan,-0.23364000000000001,-0.21456999999999998,-0.2242,-0.25487,-0.24135,-0.23029000000000002,-0.25409,-0.26287,-0.27758,-0.29606,-0.2757,-0.27332,nan,nan,-0.28479,-0.31126,-0.31190999999999997,-0.3029,-0.30985999999999997,-0.30967,-0.30433000000000004,nan,-0.32026,-0.32768,-0.33481,-0.33481,-0.32978,-0.3376,-0.34815,-0.33868000000000004,nan,nan,-0.33571999999999996,-0.32793,-0.3366,-0.35604,-0.36113,-0.36016,-0.3608,-0.35649000000000003,-0.36353,-0.37419,-0.36401,-0.36080999999999996,nan,-0.3736,-0.3748,-0.38698,-0.38635,nan,-0.3863,-0.38423,-0.3892,-0.40097,nan,-0.41946000000000006,-0.42575,-0.42544,-0.42700000000000005,-0.42106000000000005,-0.41289,nan,-0.42545,-0.4267,-0.43442,-0.43817,-0.44018,-0.44172,nan,-0.42807,-0.44813000000000003,nan,-0.44166000000000005,-0.47133,-0.48296999999999995,-0.47418999999999994,-0.46658,-0.45053000000000004,-0.45738999999999996,-0.4902,-0.49586,-0.48586,nan,-0.49966000000000005,-0.50341,-0.50315,nan,-0.48746000000000006,-0.49222,nan,-0.51323,-0.53445,-0.54369,-0.5344300000000001,-0.5274800000000001,-0.52978,-0.53475,-0.54803,-0.55623,-0.5455300000000001,-0.5413,-0.5438,-0.5324,-0.52877,-0.54625,nan,-0.5703199999999999,-0.56689,-0.56597,nan,-0.57865,nan,-0.54709,-0.56008,-0.56922,-0.56543,nan,-0.56957,-0.5543600000000001,-0.5614,-0.58372,-0.58375,-0.57773,-0.58267,-0.58225,-0.57892,nan,-0.58231,-0.5786,-0.58345,-0.59448,nan,-0.58992,-0.58295,-0.57975,-0.5809,-0.58272,-0.58049,-0.58303,-0.59729,-0.59933,-0.58108,-0.5854,-0.60588,-0.5944699999999999,nan,-0.58187,-0.57686,-0.58934,nan,-0.6106199999999999,-0.58263,-0.58298,-0.59155,-0.59454,nan,nan,-0.59791,-0.6081300000000001,-0.5999899999999999,-0.58468,-0.60158,-0.62159,-0.59839,-0.57852,-0.59331,-0.59824,-0.5915699999999999,-0.59573,-0.6008600000000001,nan,-0.62137,-0.6037600000000001,-0.58608,nan,-0.6083,-0.59678,-0.59727,-0.61637,-0.62174,-0.6189899999999999,nan,-0.5867100000000001,-0.58324,-0.5956600000000001,-0.5848300000000001,-0.5827899999999999,-0.59623,-0.59237,-0.6023,-0.62167,-0.61101,-0.6064,-0.62234,-0.61365,-0.5925699999999999,-0.5979899999999999,-0.60792,-0.59299,-0.57881,nan,nan,nan,-0.5958,-0.6028899999999999,-0.60388,-0.59604,-0.59973,-0.60934,-0.59243,-0.56833,-0.57396,-0.58145,nan,-0.59553,-0.60551,nan,-0.57584,-0.5825199999999999,-0.58221,-0.59226,nan,-0.6086600000000001,nan,-0.58086,-0.5823699999999999,-0.5846399999999999,nan,-0.61751,-0.57719,-0.56221,-0.56766,-0.55584,-0.56424,-0.58517,-0.58282,-0.58491,-0.59796,-0.5965199999999999,-0.58538,-0.57553,nan,-0.5673699999999999,-0.5659,-0.5697800000000001,-0.57906,-0.57745,-0.56663,-0.56557,-0.57506,-0.58158,-0.5719,-0.5546,-0.5576,-0.56879,-0.5605899999999999,-0.54992,-0.54433,nan,-0.56895,-0.58203,nan,-0.53993,nan,-0.54948,nan,-0.53133,-0.5411199999999999,nan,-0.54009,-0.53113,-0.52653,nan,-0.5309,-0.52069,nan,-0.5177,-0.5270199999999999,-0.52565,-0.51603,-0.50527,nan,-0.50513,-0.51481,nan,-0.53442,-0.53571,-0.49345,-0.47871,-0.50229,-0.49058,-0.47333000000000003,-0.49137,-0.49587,-0.48308999999999996,nan,-0.47547,-0.4813,nan,-0.49181,-0.48546999999999996,-0.47465,-0.46438999999999997,-0.46573000000000003,-0.45952,-0.44085,-0.44546,-0.47348,-0.47958,-0.45813999999999994,-0.44737,nan,-0.45098999999999995,-0.44906,nan,-0.45083999999999996,-0.44902,nan,-0.45123,-0.44872,-0.45101,-0.44282,nan,-0.42901000000000006,nan,-0.43313999999999997,-0.44751,-0.46558999999999995,-0.43921000000000004,-0.41903999999999997,-0.42683999999999994,nan,-0.41058,-0.42843000000000003,-0.43793999999999994,-0.43771000000000004,nan,nan,-0.43533,-0.41878999999999994,-0.40043,nan,-0.39458000000000004,-0.38633,-0.39354,-0.39645,-0.38695,-0.38416,nan,-0.37399,-0.37224,nan,-0.37492,-0.38375,-0.38139,-0.37154,-0.37264,-0.37028,-0.35436,-0.35771,-0.38136,nan,-0.36156,-0.36758,-0.37098000000000003,-0.36125999999999997,-0.36728,-0.37332,nan,nan,-0.34653,-0.34684,-0.34674,nan,-0.32968000000000003,-0.33094,nan,-0.34113000000000004,-0.33355999999999997,-0.34583,nan,nan,-0.36484,nan,-0.33325,-0.33895,-0.34722,nan,-0.33057,-0.33513000000000004,-0.33298,-0.33361,-0.33104,-0.33601,-0.34697,-0.34031,nan,-0.32297,-0.31684,-0.32895,-0.3483,-0.34097,-0.32156999999999997,nan,-0.30351999999999996,-0.32003000000000004,-0.33448,nan,-0.31311,-0.3054,-0.29609,-0.29372,-0.29353,-0.29481999999999997,nan,-0.30513,-0.2962,-0.30067,-0.3098,-0.29434,nan,-0.27234,-0.2828,-0.28202,-0.27758,-0.26599,-0.25543000000000005,-0.26419000000000004,nan,-0.25737,nan,-0.25074,-0.24334,nan,-0.26839,-0.25736,-0.2549,-0.25328,-0.25835,-0.27736,-0.2773,-0.26943,-0.27126999999999996,-0.2546,-0.24305,-0.26514,-0.27157,-0.24544000000000002,-0.23043000000000002,-0.22983,-0.22816,-0.24315,-0.26686,-0.25873,nan,nan,-0.25525,nan,-0.25156,-0.26411999999999997,-0.24993,-0.22749,-0.25206999999999996,-0.26736,-0.23465,-0.22682,-0.24936,-0.24504,-0.23526999999999998,-0.25039,-0.25749,-0.23724,-0.22562,-0.24600999999999998,-0.25983,nan,-0.23034000000000002,-0.24103000000000002,-0.24031999999999998,-0.24594000000000002,-0.25737,-0.23994000000000001,-0.2291,nan,-0.23543000000000003,-0.23033,nan,-0.26414,-0.24322,-0.23043000000000002,nan,-0.22493000000000002,-0.2175,nan,-0.24043,nan,-0.22080999999999998,-0.21738000000000002,nan,-0.23253000000000001,-0.21613000000000002,-0.22241,-0.24261999999999997,-0.24443,-0.24117,nan,-0.23496999999999998,nan,-0.23146999999999998,nan,-0.24053000000000002,-0.244,-0.23698000000000002,-0.20749,nan,-0.23984,nan,-0.2285,nan,nan,nan,-0.21855,-0.20571,-0.2121,-0.24466,-0.23834,-0.22175,-0.23134000000000002,nan,nan,-0.22421999999999997,-0.25409,-0.24524,-0.22558000000000003,-0.22839,-0.23118000000000002,-0.2278,-0.23008,-0.22889,nan,-0.244,-0.23923000000000003,nan,-0.21982,-0.24075,-0.23242,-0.21758000000000002,-0.23503000000000002,-0.24925999999999998,-0.24026,nan,nan,-0.21961,-0.20367000000000002,-0.22523,-0.24639,-0.23190999999999998,nan,-0.23969000000000001,-0.24370999999999998,-0.22680999999999998,-0.23868000000000003,nan,-0.20933000000000002,-0.20986,-0.23169,-0.22116999999999998,-0.21719000000000002,-0.23259000000000002,-0.23119,-0.22683000000000003,-0.22855,-0.21950999999999998,-0.21220999999999998,-0.22324000000000002,-0.24369000000000002,-0.25487,-0.25190999999999997,nan,nan,-0.22166999999999998,-0.21833000000000002,nan,-0.23112,nan,-0.22884000000000002,-0.23041,nan,-0.21889,-0.2193,nan,-0.2319,-0.20694,-0.20770999999999998,-0.21874000000000002,-0.20559000000000002,-0.20995999999999998,-0.23143000000000002,-0.22341999999999998,-0.21081,nan,nan,nan,-0.22213000000000002,nan,nan,-0.22334,-0.21783000000000002,nan,-0.23064,-0.2308,nan,nan,nan,nan,nan,-0.2276,-0.20624,-0.20776,-0.21899000000000002,-0.22568000000000002,nan,nan,-0.20661,-0.20934,-0.21689,-0.21731,-0.24370999999999998,-0.25366,-0.23069,-0.22533000000000003,nan,-0.21741999999999997,-0.21529,nan,-0.21900999999999998,-0.23643000000000003,nan,-0.23740999999999998,-0.21911,-0.2204,-0.23214,-0.23128,-0.22,-0.21591999999999997,-0.21852,-0.22293000000000002,-0.23523000000000002,-0.24394000000000002,-0.23417,nan,-0.23175,-0.24197,-0.23717,-0.22823000000000002,-0.22809000000000001,-0.23475,-0.24514,-0.24502,nan,nan,-0.23096999999999998,nan,nan,-0.25754,-0.24454,-0.24720999999999999,nan,-0.22771999999999998,nan,-0.23375,nan,-0.23561999999999997,-0.22832,-0.23797,-0.25878,-0.24738000000000002,-0.22912,nan,-0.26993,nan,-0.25679,nan,-0.23051999999999997,-0.23888,nan,-0.23073000000000002,-0.24991,-0.25423,-0.24154,nan,-0.26550999999999997,-0.26926,nan,-0.23567,-0.23062,-0.24318,-0.2404,nan,-0.27073,nan,-0.25049,-0.25776,-0.25871,nan,nan,-0.25077,-0.26636,-0.26759,-0.25686,-0.26135,-0.26976999999999995,-0.25887,-0.24954,-0.2616,-0.27071,nan,-0.25549,-0.27121,nan,-0.27575,nan,-0.2695,-0.26397,-0.25529,-0.26334,nan,-0.29406,-0.28381,-0.27388,-0.26609,-0.26883,-0.2874,-0.29134,-0.27111999999999997,-0.26899,nan,-0.29486,nan,-0.29272,-0.30878,nan,-0.26946,-0.27009,-0.26966,-0.27266,-0.2839,nan,-0.28204,-0.3038,-0.31033,-0.27960999999999997,-0.26965,-0.29658,-0.30172,-0.28317,-0.28325,nan,-0.29599000000000003,-0.31242,-0.32425,-0.3033,nan,-0.3291,-0.32997,nan,-0.29323,nan,-0.31566,-0.29644000000000004,-0.29706,-0.31756999999999996,-0.32211999999999996,-0.3098,-0.30701,-0.30845,-0.306,-0.31735,-0.33626,-0.32758000000000004,-0.3043,-0.31448000000000004,nan,-0.32391,-0.32389,-0.3346,-0.32295999999999997,-0.32479,-0.33481,-0.32148000000000004,-0.32763000000000003,-0.3329,nan,nan,-0.32426,-0.31335999999999997,-0.30513,-0.32733,nan,-0.3288,-0.33607,nan,-0.32095999999999997,nan,-0.33479000000000003,nan,nan,-0.34865,-0.34244,-0.32087,-0.3236,-0.3328,nan,-0.33529000000000003,-0.33671,-0.31669,-0.30824,-0.32028,nan,-0.34068000000000004,-0.36078000000000005,-0.34606,-0.3263,-0.33492,-0.33705,nan,-0.3357,-0.34700000000000003,nan,-0.33454,nan,nan,nan,-0.32300999999999996,-0.31681,-0.32646,-0.34626999999999997,-0.3418,-0.32854,nan,-0.33684000000000003,-0.32650999999999997,-0.3227,-0.32255,nan,-0.3245,nan,-0.36203,-0.34162,-0.32271,-0.32426,nan,nan,-0.32727,-0.33924,nan,-0.32845,-0.32111,-0.33481,-0.33349,-0.3358,-0.3482,-0.33934000000000003,-0.32629,-0.33644,-0.34688,-0.33981999999999996,-0.33237,-0.33311999999999997,-0.33321999999999996,-0.33295,nan,-0.33202,-0.33499,-0.34735,-0.3502,-0.33979000000000004,-0.33471999999999996,nan,-0.32702,nan,-0.33014,-0.33176,-0.31863,-0.30858,-0.30763,-0.30749,-0.30784,nan,-0.32511,nan,-0.32849,-0.31348000000000004,-0.30935,-0.33043,-0.35718,-0.3457,-0.31233,nan,-0.32224,nan,-0.30862,-0.32468,-0.32406999999999997,nan,-0.32569000000000004,-0.33453,-0.32441,-0.32206,-0.33407,nan,nan,nan,-0.33562,-0.32325,-0.32394,-0.34445,-0.33639,-0.32083,-0.33073,nan,-0.32031,-0.33143,nan,-0.31673,-0.3311,-0.35195,nan,-0.32244,-0.35013,-0.35375,-0.32083,nan,-0.3298,-0.33387,-0.33288,-0.33247,-0.33399,-0.33436,-0.32986,-0.33585,-0.33635,nan,-0.30956,-0.32223,-0.31792,nan,-0.36175,-0.35675,-0.33298,-0.3216,-0.3185,-0.32782,-0.3331,-0.32237,-0.32843,-0.35169,-0.35084,-0.32819,-0.3213,-0.33292,-0.33657,-0.32811999999999997,-0.32273,-0.32693,-0.33685,-0.33399,-0.3211,-0.32531,-0.33449,-0.33278,-0.33428,-0.3327,-0.34047,-0.36530999999999997,-0.34823000000000004,nan,-0.32771,-0.34715999999999997,-0.32406,-0.32222,-0.33738,-0.33488,-0.34676999999999997,-0.369,-0.35888000000000003,-0.33541,-0.33621,-0.34859,-0.34806,-0.34409,-0.34707,-0.33766999999999997,-0.31945,-0.3264,-0.34617,-0.34743,-0.34625,-0.34813,-0.34315,nan,-0.36106,-0.34034000000000003,-0.33142,-0.3496,-0.35108,-0.33576,-0.33485,nan,-0.34814,nan,-0.34654,-0.34815999999999997,-0.34412,-0.34686,nan,-0.35834,-0.36154000000000003,-0.36535,-0.34376,-0.32197,nan,nan,nan,nan,-0.35435,-0.36008,nan,-0.3342,-0.33578,-0.34709,nan,-0.3314,nan,-0.36687,nan,-0.3608,-0.34654,-0.34772,-0.34673000000000004,-0.34281,-0.35634,-0.35809,-0.34493,-0.36854000000000003,-0.40578000000000003,nan,-0.38552,nan,-0.39843,-0.4092,nan,-0.40029000000000003,nan,nan,-0.41417,-0.41744,nan,-0.40296,-0.4339,-0.43356000000000006,nan,-0.4379,-0.43078,-0.42733999999999994,-0.44921000000000005,nan,-0.43383,-0.43943999999999994,-0.44048999999999994,-0.43615,-0.44023,-0.43923,-0.43673,-0.43988999999999995,-0.43925,-0.43605,-0.44043999999999994,-0.44898999999999994,-0.45092,-0.45111999999999997,-0.46153,-0.47441000000000005,-0.47501000000000004,-0.46585,-0.46097,-0.46483,-0.46553999999999995,-0.46815,nan,-0.49127,-0.47683000000000003,-0.48348,-0.49061000000000005,nan,-0.48293,-0.49055,nan,-0.51132,-0.5315,-0.52937,-0.53978,-0.53603,-0.51755,-0.5251,-0.5222899999999999,-0.5041100000000001,-0.5171899999999999,-0.53681,-0.54481,-0.56289,-0.56261,-0.53973,-0.5464899999999999,nan,-0.5617800000000001,-0.5428,nan,nan,nan,-0.56381,-0.59008,-0.58362,-0.55547,-0.56333,nan,-0.6086600000000001,-0.5989800000000001,nan,-0.6034,-0.60621,-0.59016,-0.57919,-0.59568,-0.6070300000000001,nan,nan,-0.6332800000000001,-0.6219399999999999,-0.62322,-0.63815,-0.63488,-0.62059,-0.62139,-0.63594,-0.65313,nan,-0.6722199999999999,-0.66287,-0.65792,-0.6783399999999999,nan,-0.6655399999999999,-0.66335,-0.68482,-0.68447,-0.6887800000000001,nan,nan,nan,nan,-0.68613,-0.69275,-0.71416,-0.71122,nan,-0.73897,-0.72745,-0.72385,-0.74153,-0.7400399999999999,-0.73039,nan,-0.75207,-0.7457699999999999,-0.75839,-0.77776,-0.7684,-0.76279,-0.77832,-0.77922,-0.7700199999999999,nan,-0.78892,-0.78605,-0.79208,-0.80275,-0.79487,-0.7891,-0.80223,-0.79476,-0.76145,-0.7639600000000001,-0.80284,nan,-0.80392,nan,-0.79477,-0.7914899999999999,-0.81828,-0.83114,-0.81162,-0.8013399999999999,-0.80898,-0.81712,nan,-0.8172699999999999,-0.83465,-0.84326,nan,-0.8343299999999999,-0.85634,-0.8402200000000001,nan,-0.83075,nan,-0.83267,-0.8292700000000001,nan,-0.83752,-0.82584,-0.8355100000000001,-0.862,-0.8637,nan,-0.8435299999999999,-0.85877,-0.85669,nan,-0.86346,nan,nan,-0.8599899999999999,-0.87111,-0.8829799999999999,-0.8701,-0.8710700000000001,-0.89099,-0.8874,-0.88156,-0.8924799999999999,-0.89231,-0.8947799999999999,-0.8958799999999999,-0.8723299999999999,nan,-0.89486,-0.8856299999999999,-0.88334,-0.9094399999999999,-0.91194,-0.8962700000000001,-0.8943,nan,-0.89044,nan,nan,-0.88825,-0.89735,-0.9078200000000001,-0.8966200000000001,-0.8932899999999999,-0.89535,-0.87456,-0.86739,nan,-0.8887799999999999,nan,-0.9070299999999999,-0.8867799999999999,nan,-0.89655,-0.89702,-0.8789399999999999,-0.86519,nan,-0.87321,-0.8587100000000001,nan,-0.8295,nan,-0.83036,-0.81425,nan,-0.8684799999999999,-0.82804,nan,-0.8301,-0.8207,nan,-0.81694,nan,-0.8224100000000001,-0.82504,nan,-0.76622,-0.76542,-0.77666,-0.7784300000000001,nan,-0.76568,-0.7651100000000001,-0.75551,-0.73664,nan,-0.72318,-0.72444,nan,-0.72015,-0.7075100000000001,nan,-0.67113,-0.6534800000000001,nan,-0.65557,-0.65741,-0.64842,-0.64504,-0.64376,nan,nan,nan,-0.6220600000000001,-0.63216,-0.62539,-0.60137,-0.58355,-0.57534,-0.5635,-0.55508,-0.56147,-0.5678,-0.5572699999999999,-0.5376,-0.5205,-0.50427,-0.49157,-0.48778999999999995,-0.47683000000000003,-0.45585,-0.44355,-0.43821000000000004,-0.4364,-0.44656,-0.44813000000000003,-0.41975,-0.39057,-0.38316,nan,-0.32973,-0.32177,-0.33439,-0.3328,-0.33471999999999996,nan,-0.30635999999999997,-0.28173000000000004,-0.26804,-0.24727,-0.23964000000000002,nan,-0.22435,-0.19944,-0.1873,-0.16882,-0.14875,-0.15749000000000002,nan,nan,nan,-0.12696,-0.087022,-0.06597599999999999,nan,-0.029269,nan,-0.036654,-0.02705,-0.011635,-0.0061363,0.011845999999999999,0.034199,nan,0.056031,0.061103,nan,nan,0.13821,0.13009,nan,0.16374,0.17872000000000002,0.17215,0.18747,0.2255,0.23772,nan,nan,0.25881,nan,0.31277,nan,0.30273,nan,0.35451,nan,0.39297,nan,nan,0.43475,0.4374,0.45018,0.46917,nan,0.49111000000000005,0.52757,nan,nan,0.59077,nan,0.6166,0.65298,0.67808,0.6811,0.68043,0.69743,0.7207,nan,0.7587,0.8001,0.80992,0.79661,0.8208,0.85855,0.8739100000000001,0.89723,0.92409,0.94004,0.96024,0.9707600000000001,nan,1.0091,1.0253,1.0337,1.0627,1.0756,nan,1.0991,1.1328,1.1356,nan,1.1596,1.2017,nan,1.2329,1.2491,1.2663,1.285,1.3326,1.3713,1.3502,1.3231,1.3489,nan,nan,1.444,1.4738,1.4712,1.4836,1.5322,nan,1.5539,1.575,1.6151,nan,nan,1.65,nan,nan,1.751,1.7723,1.7755,nan,1.8024,1.8153,1.8134,1.8271,nan,1.9008,1.9201,1.9416,1.9801,2.015,2.0239,2.0356,2.0652,nan,2.0748,2.099,2.1414,2.1858,2.2237,nan,2.2297,nan,2.2619,2.2941,nan,2.3548,2.3633,2.3735,2.4028,nan,2.4789,2.491,nan,nan,2.5721,2.5706,nan,2.6505,2.6844,nan,2.7319,2.7671,nan,2.7880000000000003,nan,2.8463,nan,nan,2.9179,nan,2.9393,nan,2.9881,2.9867,2.9916,3.0186,nan,3.0405,nan,nan,3.0989,nan,3.1156,3.12,nan,nan,nan,3.1295,3.1596,3.1797,3.1783,3.1826,3.1927,3.1904,3.1769,nan,3.1982,nan,nan,nan,3.1986,3.2079,3.2084,3.2035,nan,3.1828,3.1788,3.1813,nan,nan,3.1818,3.1823,3.1722,3.1684,3.1692,3.17,3.19,3.1957,3.1575,3.1389,3.1562,nan,3.1511,3.1403,nan,3.1151,nan,3.0936,3.089,3.0864,3.0572,3.0372,3.0383,3.0274,2.9989999999999997,2.9815,2.9992,3.0183,2.9911,2.9589,2.9678,nan,2.9282,nan,2.9119,2.9027,2.8749,2.8523,2.8376,2.8301,2.8363,2.8425,2.8316,2.8116,2.7971,nan,2.7839,2.7651,nan,2.715,2.7123,nan,nan,nan,2.6842,2.6751,2.6647,2.6567,2.6260000000000003,2.5848,2.592,nan,2.6078,nan,2.5817,2.5567,2.5277,nan,2.5058,2.5017,2.5032,2.4949,2.4788,2.4572,2.43,nan,2.4141,2.4136,2.3977,nan,2.3742,nan,nan,2.3375,nan,2.347,2.3186,2.3109,2.2968,2.2789,2.2726,2.2501,2.2236,2.2281,nan,2.2389,2.2189,2.2103,nan,2.2433,2.2251,nan,2.2176,nan,2.1765,nan,2.1545,nan,2.1526,2.1425
2.0,-0.60626,-0.74632,nan,-0.72195,nan,-0.6946100000000001,-0.70768,nan,-0.71272,-0.7288,-0.71362,-0.72982,-0.7293,-0.71563,-0.71407,-0.72337,nan,-0.7216600000000001,nan,-0.75398,nan,-0.7662100000000001,-0.76625,nan,-0.77794,nan,-0.7922100000000001,-0.80216,-0.81855,-0.8047,-0.81394,-0.8084399999999999,-0.81223,-0.8322299999999999,-0.80428,nan,-0.81494,-0.8215899999999999,-0.8281700000000001,-0.81909,nan,nan,-0.8456799999999999,-0.85031,-0.84344,-0.86074,-0.8487600000000001,-0.86411,nan,-0.8885700000000001,nan,-0.87223,-0.89461,-0.8944200000000001,-0.8939,-0.8923200000000001,-0.89551,-0.8742,-0.8694299999999999,-0.89451,nan,nan,-0.88105,-0.915,-0.9153,-0.90828,nan,-0.90901,-0.8911600000000001,-0.91659,-0.9174,-0.93432,-0.9420200000000001,-0.91619,-0.92706,-0.92371,-0.9235899999999999,-0.94678,-0.94304,-0.94483,-0.9453,-0.94535,-0.93156,-0.9491200000000001,-0.9638,nan,-0.94686,nan,-0.96735,-0.9556899999999999,-0.9543299999999999,nan,-0.9687,-0.9582299999999999,-0.9713,-0.96893,-0.99482,nan,-0.96729,nan,-0.9632799999999999,-0.9536899999999999,-0.96016,-0.9733799999999999,-0.98326,-0.97898,-0.97035,nan,nan,nan,nan,-0.99989,-0.9681200000000001,-0.9972,nan,-0.9978600000000001,-1.0108,-0.9803799999999999,nan,-0.99174,-0.9953799999999999,-0.98298,-1.0069,-1.0002,-0.98688,-1.0206,-1.0058,-1.0211,-0.9963700000000001,-0.9890899999999999,-1.0045,-0.9988,-1.0195,-0.99364,-1.0239,-1.0224,-1.0088,-1.0068,nan,nan,-1.0034,-1.0093,-1.0033,-1.013,-1.0202,-1.0211,-1.0181,-1.0088,-1.0361,-1.0236,nan,-1.0383,nan,-1.0195,-1.0267,-1.0334,-0.9997,-1.0051,-1.0145,-0.9947299999999999,-1.0251,-1.0197,-1.0088,-0.9956799999999999,nan,-1.0346,nan,nan,-1.028,-1.0339,-1.0292,-1.014,-1.0294,-1.0438,nan,-1.0331,-1.0092,nan,-1.0092,-1.0173,-1.0193,nan,-1.0189,-1.011,-1.0438,nan,-0.9913,-0.9951399999999999,-0.9955200000000001,nan,nan,nan,-1.004,nan,-1.0063,nan,-1.0069,nan,-1.0152,-0.9813700000000001,-1.0309,nan,-0.9954,-1.0094,nan,-0.9822700000000001,-1.0112,-1.028,-1.0036,nan,-1.0285,-1.0168,nan,-1.0203,-1.0183,nan,-1.0232,-1.0222,-0.99625,nan,-1.0109,nan,-1.0015,-1.0090000000000001,nan,-0.9895700000000001,-0.99834,-0.98682,-0.98682,-1.0071,nan,-0.99565,-0.98485,nan,-0.9685799999999999,-0.97772,-0.97652,nan,-0.95852,-0.9753200000000001,-0.95801,-0.94655,-0.97246,-0.9546399999999999,-0.9589700000000001,-0.97167,-0.95685,nan,nan,-0.956,-0.9671700000000001,-0.9470299999999999,-0.93547,nan,-0.9413600000000001,-0.9307200000000001,nan,-0.9172100000000001,-0.9326200000000001,-0.9596100000000001,-0.9211,-0.93063,-0.91027,-0.9152399999999999,-0.8980100000000001,nan,-0.9205399999999999,-0.90876,-0.88838,-0.89836,-0.91976,nan,-0.86965,-0.8795200000000001,-0.8819100000000001,-0.8701200000000001,nan,-0.8488700000000001,nan,-0.85406,-0.8434299999999999,-0.85275,-0.8197700000000001,-0.8208200000000001,nan,-0.8308200000000001,-0.8434299999999999,nan,nan,-0.8235299999999999,-0.7991,-0.83101,nan,-0.79509,-0.8083600000000001,-0.80066,-0.80657,-0.80223,nan,nan,-0.7924399999999999,-0.7822899999999999,-0.75621,-0.75978,-0.7673399999999999,-0.76676,nan,-0.7600100000000001,-0.76274,-0.77368,-0.7518699999999999,-0.75229,-0.7422,nan,-0.72882,nan,-0.71655,nan,-0.73756,-0.6993699999999999,nan,nan,-0.7260800000000001,-0.72578,-0.71182,-0.7173,-0.72853,-0.71604,-0.7149800000000001,-0.71428,nan,-0.7048300000000001,-0.70286,-0.69443,-0.69184,-0.70594,nan,-0.6865600000000001,-0.67555,-0.67842,-0.69135,-0.7034,-0.6942,-0.6662899999999999,-0.66425,-0.64861,-0.63188,-0.64835,-0.64653,-0.63405,-0.62038,-0.6137199999999999,-0.62862,-0.64052,-0.64048,-0.62707,-0.62736,-0.61411,-0.62127,-0.62063,nan,-0.6182,-0.59947,nan,-0.60307,-0.60065,nan,-0.60227,-0.59023,-0.57416,nan,-0.574,-0.5594100000000001,nan,-0.5888100000000001,-0.59692,-0.58833,-0.55582,nan,-0.54665,-0.56623,nan,-0.53681,-0.5856600000000001,-0.56033,nan,-0.54535,nan,nan,-0.54772,-0.5598,-0.5473899999999999,-0.5465899999999999,-0.5393,-0.56404,nan,-0.5382899999999999,-0.5374800000000001,-0.53828,-0.53451,-0.54185,-0.5223,-0.5433,-0.5575600000000001,-0.53057,nan,-0.53605,-0.5384,-0.5384800000000001,-0.54991,-0.55137,nan,-0.5397,-0.51885,-0.50713,-0.51286,nan,-0.51239,-0.5090100000000001,-0.51305,-0.50941,-0.51431,nan,-0.48878,-0.49587,-0.50098,-0.49537,nan,-0.48857,-0.4895,-0.50507,-0.50768,-0.47423999999999994,-0.48271000000000003,-0.51181,-0.4989,-0.49966000000000005,nan,-0.51235,-0.47872,nan,-0.50585,nan,nan,-0.47808999999999996,-0.47673999999999994,-0.486,-0.46958,-0.46042,nan,-0.47463,-0.4637,-0.44714,-0.45779,-0.46047,-0.4658,-0.4777,-0.46403,-0.46118000000000003,-0.45498999999999995,nan,-0.47748999999999997,-0.45623,-0.43755,-0.47353999999999996,-0.46474,nan,-0.44852,nan,nan,-0.43391,-0.42353999999999997,nan,-0.44527,-0.42511000000000004,-0.43309,-0.41106000000000004,-0.44905,-0.43863,nan,-0.43846,-0.4322,-0.44422,-0.44771000000000005,-0.44323999999999997,-0.42372,-0.40909,-0.44895,-0.4376,-0.42856000000000005,-0.46033,-0.41134,-0.44386000000000003,-0.44317,-0.41995,-0.43246,-0.44286000000000003,nan,-0.4064,-0.41962,-0.41435,-0.41711000000000004,nan,-0.39566999999999997,nan,-0.41245,-0.40536,-0.44603000000000004,-0.4292,-0.42586999999999997,nan,-0.42165,-0.43441,nan,nan,-0.41288,-0.4236,-0.42382,-0.43727,-0.43785,nan,nan,-0.40853,-0.42751999999999996,nan,-0.42028000000000004,-0.4179,-0.40784000000000004,-0.40704,-0.39526,-0.39762,nan,-0.42427,-0.39759,-0.41975,-0.41433000000000003,-0.40812,nan,nan,-0.39505999999999997,-0.39937,-0.38834,-0.39013000000000003,-0.40904,-0.39826,nan,nan,-0.40965,nan,-0.42073,nan,-0.38265,-0.38909,-0.40271999999999997,-0.41066,-0.4084,-0.41018999999999994,-0.41015,-0.42558,-0.42345,nan,-0.41055,-0.39621999999999996,-0.41734,nan,-0.42218,nan,-0.39821,-0.42068999999999995,nan,-0.39642,-0.41168000000000005,-0.39536,nan,nan,-0.40066,-0.39205,-0.41648,nan,-0.41611000000000004,-0.40023000000000003,-0.39929000000000003,-0.41255,-0.40576999999999996,-0.39563000000000004,nan,-0.39746,-0.39749,-0.41012,-0.3993,-0.40256,-0.42326,nan,nan,-0.42155,nan,-0.40071,-0.40986000000000006,-0.41086999999999996,nan,-0.39799999999999996,-0.41036999999999996,-0.40961000000000003,-0.41276999999999997,-0.39496,-0.4106,-0.38850999999999997,-0.40221,-0.41751000000000005,-0.39283,-0.41476999999999997,-0.40734000000000004,nan,-0.41048999999999997,-0.41108999999999996,nan,-0.40260999999999997,-0.37038000000000004,-0.39411999999999997,-0.37787,nan,-0.39192,-0.38689,-0.39126,-0.36980999999999997,-0.3863,-0.38434,-0.39815,-0.3854,-0.38274,-0.38695999999999997,-0.37129,-0.37561,-0.35729,-0.37906999999999996,-0.39259,-0.36195,-0.38054,-0.37805,nan,-0.36035,nan,nan,-0.36118,-0.34567,-0.36421,-0.37038000000000004,nan,-0.34276,-0.36530999999999997,-0.34736999999999996,-0.33148,-0.353,-0.37325,nan,-0.33414,-0.33325,-0.3341,nan,-0.33549,-0.32216,-0.32331,-0.31043000000000004,nan,-0.33459,-0.33351,-0.3296,-0.32328,nan,nan,nan,-0.33946,-0.32616,-0.34175,-0.30776,-0.33000999999999997,-0.33642,-0.29246,-0.30118,-0.30915,nan,nan,-0.28395,-0.32158000000000003,-0.29923,nan,-0.31433,-0.29336999999999996,-0.30423,-0.30645,-0.31076,-0.2974,nan,-0.31523,nan,nan,nan,-0.28321,-0.29544000000000004,-0.27409,nan,nan,-0.28497,-0.28947,-0.28966,-0.28467,-0.31645,-0.2993,-0.28498,-0.30941,-0.29654,-0.28446,-0.27718000000000004,-0.31822,-0.29406,-0.28941,-0.32254,-0.31432,-0.30071,-0.29713,-0.30985,-0.30719,-0.29339,nan,-0.32272,-0.28567,-0.29104,-0.29635,-0.30227,-0.30414,-0.28786,-0.30695,nan,-0.31364000000000003,-0.2912,-0.29832,-0.3089,-0.30944,nan,-0.29543,-0.30623,-0.30716,nan,-0.29484,-0.30906,nan,nan,nan,-0.32316,-0.31035,-0.33539,-0.34719,-0.33516,-0.32192,-0.32804,-0.35105,nan,nan,-0.33321999999999996,-0.35441,-0.35709,-0.36209,-0.37303000000000003,nan,-0.35914,-0.35904,-0.38445999999999997,-0.3711,-0.39316,-0.38047,nan,nan,-0.3862,-0.39666999999999997,-0.3786,-0.40801,-0.42066000000000003,-0.42696000000000006,-0.44836000000000004,-0.4228,-0.45991000000000004,-0.42882,-0.43896,-0.43483,nan,-0.457,-0.44133999999999995,-0.47576,nan,-0.45638,nan,nan,-0.47486000000000006,-0.46278,-0.46908999999999995,-0.48655,-0.49693000000000004,-0.54233,-0.5360699999999999,-0.52381,-0.54271,nan,nan,-0.5713199999999999,-0.54913,-0.56376,nan,-0.56363,nan,-0.55921,-0.5596,-0.5825199999999999,-0.61237,-0.6136199999999999,-0.63481,-0.63271,-0.60747,-0.61888,-0.6552399999999999,-0.65287,-0.65176,-0.67585,-0.68435,nan,-0.68975,nan,-0.6966399999999999,-0.68143,nan,-0.71218,-0.70175,-0.7026,-0.70517,-0.74206,-0.74348,-0.72633,-0.7479600000000001,-0.7628199999999999,-0.76626,-0.76132,-0.7728,-0.77547,nan,-0.80448,nan,-0.8085,-0.8182699999999999,-0.81848,-0.82968,-0.81981,nan,-0.84198,-0.8417100000000001,-0.8817799999999999,-0.87859,nan,-0.8577,nan,-0.8553799999999999,-0.85721,-0.8959,-0.94363,-0.9361,-0.9139700000000001,-0.95196,-0.9344600000000001,nan,-0.9240299999999999,-0.91433,nan,-0.948,-0.9327700000000001,-0.9604299999999999,-0.9717899999999999,-0.9712700000000001,-0.9440200000000001,-0.97865,-0.9635100000000001,-0.96085,-0.9738899999999999,-0.9654799999999999,-0.9706,-0.9701,-0.98805,-0.9934299999999999,-0.9967,-1.0089,-1.0088,-1.0218,nan,-1.0075,-1.0261,nan,nan,-1.0336,-1.03,-1.0036,-1.0259,-1.0167,nan,-1.0198,-1.0227,nan,nan,-1.0471,-1.0263,-1.0228,-1.0462,-1.035,nan,nan,-1.0287,-1.0178,-1.0239,-1.0337,-1.0222,-1.0454,-1.0269,-1.0136,-1.0374,-1.0164,-1.0405,-1.0245,-1.0148,-1.052,-1.0212,-1.0071,-1.0082,-1.0083,-0.9962200000000001,-0.99505,-0.9859,-0.96849,-0.9739,-0.9488200000000001,-0.95411,-0.9703299999999999,-0.9473799999999999,-0.96619,nan,-0.92675,-0.93284,-0.93147,-0.92051,nan,-0.88346,-0.8777,nan,-0.86105,nan,-0.8467899999999999,-0.84121,-0.8146800000000001,-0.81153,-0.77391,-0.76473,nan,-0.74193,-0.7185,-0.71234,-0.71527,-0.71387,-0.71243,-0.71403,-0.68174,-0.66233,-0.65737,-0.63668,-0.6211,-0.5889,-0.6141800000000001,-0.58129,-0.5479999999999999,-0.5614100000000001,-0.55407,nan,-0.5069899999999999,-0.49218999999999996,-0.47631999999999997,-0.45364,-0.44332,-0.41725,-0.41168000000000005,-0.42356000000000005,nan,-0.36911,-0.38994,nan,-0.34436,-0.31661,-0.28886999999999996,-0.28502,-0.24281,-0.24795999999999999,nan,nan,-0.16664,-0.15639,-0.11955999999999999,nan,-0.10661,-0.08872000000000001,-0.057766,nan,-0.017738,-0.0028958,0.0078813,nan,0.051515,0.076903,0.086138,0.098371,0.10959,0.14104,0.18539,0.19180999999999998,0.23164,0.22968000000000002,nan,0.28936,0.29721,0.3588,0.35974,0.35831999999999997,0.40455,nan,0.43754,nan,0.50761,0.52388,nan,nan,0.56781,nan,0.61565,0.63955,0.66183,0.6714399999999999,nan,0.72241,0.70448,nan,nan,0.8093199999999999,0.8569700000000001,0.8845799999999999,nan,0.9317700000000001,0.9505600000000001,0.9379799999999999,nan,1.0031,1.0263,nan,1.0762,1.0982,1.1195,1.1568,1.1733,1.1989,1.2253,1.2414,1.2763,1.2854,1.3427,1.3834,1.3702,1.3935,1.4071,nan,1.4544,1.4776,1.5346,1.5784,1.5935,1.6223,1.6226,1.6658,1.7299,1.7401,1.7887,nan,1.7971,1.8104,1.8551,nan,1.9086,1.9233,1.9429,nan,nan,2.0234,nan,2.0961,2.1065,2.1435,2.1554,nan,2.1826,2.2029,2.2342,2.2342,2.2346,2.2407,2.2837,2.2814,2.2624,2.2988,nan,2.2987,nan,2.2895,2.3134,2.3015,nan,2.3117,2.3161,nan,nan,nan,nan,2.3112,2.326,2.3048,2.2929,2.3142,2.2977,2.32,2.3293,2.2813,2.2767,2.2896,nan,2.2715,2.2617,nan,nan,2.2446,2.253,2.2347,2.2453,2.2372,2.2175,2.2205,2.1843,2.1732,2.1677,2.1469,2.16,2.136,2.1325,2.1254,2.1165,2.1304,2.1301,nan,2.1129,2.0968,nan,nan,2.0165,nan,2.0712,2.0331,2.045,nan,2.0068,2.0292,1.9996,1.9974,1.9857,1.9851,1.9723,1.9589,nan,1.9434,1.9671,1.9489,nan,1.9213,nan,1.9104,nan,1.8817,nan,1.9199,1.8996,nan,1.8789,1.8669,1.8534,1.8659999999999999,1.8565,1.8541,1.8402,1.818,1.8183,nan,1.8295,1.7981,1.805,1.8182,1.8285,1.8036,1.7913,nan,nan,1.7976,1.7845,1.7989,nan,1.7812,1.7823,1.7881,1.778,1.7907,1.7777,1.7768,nan,1.7682,1.766,nan,1.7346,1.7418,1.7371,1.7391,nan,nan,nan,nan,1.6883,1.6988,1.7149,1.7051,1.6844,nan,1.669,1.6808,nan,1.6852,nan,1.6307,1.6408,nan,1.6376,1.6367,1.6480000000000001,1.6537,1.6326,1.6198,1.6294,1.615,1.6185,1.6213,nan,1.6256,1.6248,nan,1.6255,1.6219999999999999,1.6294,1.6013,nan,1.6089,nan,1.6242,nan,1.6345,1.6153,1.6004,nan,1.5866,1.5999,1.5863,1.6152,1.6247,1.589,1.5948,nan,1.5787,nan,1.591,1.5819,1.5754,nan,1.5735,1.587,nan,1.5519999999999998,1.5784,1.5547,1.5539,1.5645,1.5627,1.5792,1.5672,1.5653,1.5715,1.5487,1.5617,1.5496,1.5595,1.5612,1.5669,1.5407,1.5541,1.5739,1.5618,1.5749,1.5584,nan,1.5747,1.5866,1.5749,nan,nan,nan,1.5768,1.5659,1.5574,1.5429,nan,1.5555,1.5553,1.5872,nan,1.5859,1.579,1.5349,nan,1.5635,1.5309,1.5538,1.5578,1.5488,1.5702,1.569,1.5454,1.5513,1.574,1.5631,1.5368,nan,1.5523,1.5376,1.5472,nan,1.5428,1.5466,nan,1.5342,1.55,1.5188,1.5113,nan,1.5148,1.5074,1.5226,1.5156,1.5091,1.5131,1.5086,1.5165,1.5212,nan,1.5116,1.5109,1.511,1.5114,1.5012,1.4858,1.4865,nan,1.5017,1.5045,1.4762,1.4967,1.5093,1.4783,nan,1.4845,nan,nan,1.4738,1.4734,1.4609,1.4758,1.4780000000000002,1.4522,1.4688,1.4706,1.474,1.4687,nan,1.4607,1.4728,1.45,nan,1.4231,1.4280000000000002,1.4383,1.4265,1.4229,1.4409,1.4257,1.4268,1.43,1.409,1.4213,1.3719999999999999,nan,1.3772,nan,1.3832,1.3986,1.4,nan,nan,1.3725,1.3817,1.3554,1.3714,1.3709,1.3682,1.3847,nan,1.3604,1.3909,1.3887,1.3557,nan,1.3611,1.3494,1.371,nan,1.3705,1.3584,1.3473,nan,1.3166,1.3222,1.3175,1.3225,nan,1.3057,1.3054,1.2919,1.2971,1.2928,nan,1.2694,1.2561,1.2594,1.2274,nan,1.2357,1.2258,nan,1.1935,1.2287,1.2256,1.2042,1.2043,1.1807,1.1785,1.1918,1.1842,1.1769,1.1862,1.1635,1.1555,nan,1.1298,1.1426,nan,1.1007,nan,1.1155,nan,1.0914,1.0833,1.0693,1.0591,1.0486,1.0612,1.0626,1.0495,1.0343,1.0131,1.0147,1.0014,0.9890700000000001,0.97854,0.96462,0.9658100000000001,0.95552,0.9506700000000001,nan,0.9339,0.94429,0.9515399999999999,0.95091,0.9334899999999999,0.89859,0.8870600000000001,0.8747799999999999,0.8834799999999999,0.89185,0.8748799999999999,nan,0.8411799999999999,nan,0.8340700000000001,0.8116800000000001,0.8208,0.7967,0.797,nan,0.7729600000000001,0.73788,0.7440899999999999,0.73439,0.70536,0.7208,0.71558,nan,0.73135,0.73147,0.72014,0.70528,0.6973199999999999,nan,0.64566,nan,0.64049,nan,0.63556,0.60745,nan,0.62854,0.60169,nan,nan,0.55176,nan,0.54291,0.53333,nan,nan,0.52157,0.52771,nan,0.49888000000000005,0.51245,0.4948,0.45993,0.43768999999999997,0.4147,nan,0.41763999999999996,0.3912,0.40345,nan,0.37427,0.38218,0.36825,0.33843,0.32995,0.34171999999999997,0.32145,0.31588,0.29921,nan,0.30346999999999996,0.26676,0.27601,0.25044,0.24122,0.25428,0.22436,0.23031999999999997,0.19249000000000002,0.18187,0.19973,nan,0.19924,0.16129000000000002,0.16213,0.12962,0.12305999999999999,0.10265,0.075802,0.10396,0.080564,nan,0.044025,0.036024,0.0321,nan,nan,-0.0036009,-0.015033000000000001,-0.024891,-0.039438,-0.041079000000000004,nan,-0.044638,-0.062726,-0.0624,-0.07528,nan,-0.11642999999999999,-0.11753,-0.11788,-0.14135999999999999,-0.15843,-0.14084000000000002,-0.16305999999999998,-0.16435999999999998,-0.18489,-0.1826,nan,-0.1868,-0.19887,-0.22326,-0.21841999999999998,-0.22141,-0.24538000000000001,-0.25899,-0.24373000000000003,-0.27255,nan,-0.26849,-0.28304,-0.29894,-0.29052,-0.30091,nan,-0.31184,-0.33521999999999996,nan,nan,-0.34899,-0.33107,-0.35425,nan,-0.36712,-0.36988000000000004,nan,-0.37923,-0.39608000000000004,-0.42266000000000004,-0.41116,-0.43767,-0.41003,-0.40869,nan,-0.44974,-0.43782,-0.43388000000000004,-0.44004,-0.45948,-0.4786,-0.46671999999999997,-0.48518,nan,-0.48255,nan,-0.51272,-0.5122800000000001,-0.51185,-0.5099199999999999,-0.5269,nan,-0.5333600000000001,-0.52489,-0.54289,-0.5305,-0.5469,nan,-0.53773,-0.5645899999999999,nan,-0.55015,nan,nan,-0.53973,nan,-0.5574,-0.56217,-0.56057,-0.5624100000000001,nan,nan,nan,-0.59042,-0.6270100000000001,nan,-0.5946199999999999,nan,nan,-0.62287,-0.61363,-0.63313,-0.64105,-0.63122,-0.61165,-0.62968,nan,-0.6272800000000001,nan,-0.63755,-0.62925,-0.6249,-0.62308,-0.63573,-0.62629,-0.6119399999999999,-0.63193,-0.6420899999999999,nan,-0.63694,-0.62679,-0.63972,-0.65432,-0.6275,-0.64462,-0.65508,-0.64432,-0.62715,nan,-0.63302,-0.6282800000000001,-0.63876,-0.6422,-0.65083,-0.62707,-0.6520199999999999,-0.65357,nan,-0.6409600000000001,-0.64632,nan,-0.6329100000000001,-0.64559,-0.65268,nan,-0.61797,-0.61698,-0.64052,-0.6404,-0.64094,-0.6250899999999999,-0.64907,-0.6353300000000001,nan,-0.60838,-0.6233,-0.6129899999999999,-0.60634,-0.6259600000000001,nan,-0.64298,-0.6243,-0.6138399999999999,-0.6399100000000001,-0.61668,-0.61975,nan,nan,-0.61788,-0.62898,-0.61854,-0.61223,-0.61133,-0.61654,-0.64123,-0.6259,-0.61353,-0.6270100000000001,-0.61379,-0.62267,-0.61931,-0.6036699999999999,-0.59359,nan,-0.6095,-0.60849,-0.60067,-0.60097,-0.6026199999999999,-0.60232,nan,-0.6109,-0.60532,-0.6046100000000001,-0.6204,-0.59205,-0.59812,-0.61342,-0.59387,-0.60807,-0.60931,-0.60313,-0.61351,-0.6025699999999999,-0.61336,nan,-0.6018899999999999,-0.5837100000000001,-0.5696899999999999,-0.57806,-0.5706899999999999,-0.5786100000000001,-0.56735,-0.56538,-0.57402,nan,-0.56283,-0.55025,nan,-0.55174,-0.54887,-0.54001,-0.54203,-0.5502100000000001,-0.5481600000000001,-0.54699,-0.55148,-0.54364,-0.54138,-0.5625,-0.53835,-0.54896,-0.55061,-0.55729,-0.56695,-0.54869,-0.55262,-0.53341,nan,-0.53867,-0.5375,-0.5343399999999999,-0.52544,nan,-0.53872,-0.54993,-0.53869,-0.5394800000000001,-0.51653,-0.52225,nan,-0.54706,-0.54666,nan,-0.52689,-0.55482,-0.54487,nan,nan,-0.52681,nan,-0.53796,-0.54456,-0.5443100000000001,-0.52858,-0.51942,-0.53461,-0.54583,-0.51865,-0.52772,-0.52266,-0.5129,-0.53747,-0.53891,-0.5315,-0.51295,-0.56033,-0.5108,-0.5669,nan
2.0,0.58531,0.53788,nan,nan,0.58553,nan,nan,0.5566,0.5374,nan,0.5683699999999999,0.5681,0.57262,nan,0.53203,nan,0.5563899999999999,0.5488,nan,nan,nan,0.5189,0.5367,0.55204,nan,nan,nan,0.54682,0.54524,nan,0.53145,0.55018,0.56266,0.5141100000000001,0.53797,0.5347,0.51882,0.51655,0.5333399999999999,0.53491,0.54077,0.51765,0.5032,0.49431,0.46612,0.4937,nan,0.48518999999999995,nan,nan,0.50563,0.49113999999999997,nan,nan,0.48294,0.49548000000000003,0.49836,0.46232,0.47326,0.46591000000000005,0.43417,0.4813,nan,0.4502,0.45768000000000003,0.44445,nan,nan,0.42281,0.44611000000000006,nan,0.43675,nan,0.45374,0.44972,0.45518000000000003,0.44903000000000004,nan,0.43946,0.44358000000000003,0.45006,nan,0.41721,0.42253,0.43398000000000003,nan,0.45093,nan,0.39336,0.42668999999999996,nan,0.45027,0.42466000000000004,0.42468,0.43513999999999997,0.41731999999999997,0.43793000000000004,0.46863999999999995,0.43817,nan,nan,nan,0.43082,0.43967,0.42668,0.42503,nan,0.41839,0.41928000000000004,0.41925,0.43491,0.42056000000000004,0.4324,0.42748,0.41026999999999997,0.39558000000000004,0.4273,nan,0.41263999999999995,0.44619,0.44693,0.41968999999999995,0.45083,0.43811000000000005,0.43311000000000005,0.43655,0.43661000000000005,nan,nan,0.42263999999999996,0.44592,nan,0.43782,0.45043999999999995,0.41927,0.43432,0.42052,nan,nan,0.43867,0.45603999999999995,nan,0.45668000000000003,0.45903,0.43925,0.46788,0.41868,0.44753000000000004,nan,0.42045,0.44092,0.46113000000000004,0.43266000000000004,0.42193,0.44458000000000003,0.45543,0.4734,nan,0.45214,0.46871999999999997,0.45268,0.46671999999999997,0.44941000000000003,nan,nan,0.46534,0.46393999999999996,0.48673,0.46643999999999997,0.46897,0.46998,0.48563999999999996,0.45316000000000006,0.49041,nan,0.46991000000000005,0.49218999999999996,nan,0.46238999999999997,0.50552,nan,0.47497,0.50159,nan,nan,0.4909,0.48298,nan,0.49433,0.50864,0.50046,0.50392,0.47518999999999995,0.47486000000000006,0.48336,0.46958999999999995,0.50247,0.47242,0.47991000000000006,0.49951,nan,0.4845,0.51,0.49913,0.47506000000000004,0.5019100000000001,0.46763999999999994,0.5050399999999999,nan,0.46278,0.51827,0.48245,0.46993999999999997,0.50945,0.48146000000000005,0.47526999999999997,0.48772,0.4881,0.48298,0.49058,0.53496,0.48944,0.4806,nan,0.49965,0.51625,0.51298,nan,0.47855,0.47303999999999996,0.5130600000000001,0.5142399999999999,0.48505,nan,0.4846,0.50254,nan,0.46901000000000004,0.51051,0.47952,0.48306000000000004,nan,nan,0.48298,0.47021,0.50241,0.48628000000000005,0.51335,0.50105,0.46588999999999997,nan,0.48811000000000004,0.48143,0.467,nan,0.51347,0.46484,nan,0.4853,0.49956999999999996,0.50902,0.47689,0.46776,0.47471,0.50197,0.49044,0.47057,nan,0.46658999999999995,nan,0.45224,0.46351000000000003,nan,nan,0.47313,0.49123999999999995,0.48618,0.48134,0.46753999999999996,0.469,nan,0.48573,nan,0.48326,nan,0.45852,0.44978,nan,0.44435,0.43201000000000006,0.44173999999999997,0.45445,nan,0.45232,0.45142,nan,0.44008,0.40548,0.4224,0.44483,0.42538000000000004,0.45437,nan,0.40443,nan,0.40283,0.41953999999999997,0.40258,0.40297,0.39951,0.41362,nan,nan,0.38391,0.35697,0.39321999999999996,0.38614,nan,0.3349,0.36803,nan,0.33488,0.34976999999999997,0.36561,0.36471,0.3464,0.36395,nan,0.32966999999999996,nan,0.35008,0.33534,nan,0.33598,0.30162,0.27449,0.3187,0.30141999999999997,0.28659,0.28497,0.29568,nan,0.24928000000000003,nan,0.22107,0.21789,0.22546999999999998,0.20409000000000002,0.21666,0.21524000000000001,nan,0.23501999999999998,0.20122,0.19855,0.23596999999999999,0.20126,0.20297,0.18673,0.2151,0.20377,0.16946,0.23253000000000001,0.2043,0.1626,0.16953,nan,nan,0.10098,0.10292000000000001,0.10253,0.11867,0.12072000000000001,nan,0.10807,0.10786,0.083966,0.04616,nan,0.049497,0.036267,0.036959,0.052787,0.071141,0.04626,0.0093521,0.0049626,nan,0.012263,0.021606999999999998,-0.006370499999999999,-0.0062232,0.0029549,-0.012875999999999999,-0.013231,nan,-0.034844,-0.012440000000000001,-0.01083,-0.025741000000000003,nan,-0.048083999999999995,-0.058178999999999995,-0.076093,-0.064014,-0.078693,nan,-0.078578,-0.07738300000000001,-0.11655,-0.13984000000000002,-0.10789000000000001,-0.12846,-0.1104,nan,-0.13659000000000002,-0.12267,-0.090776,-0.09926900000000001,nan,-0.095858,-0.12605,-0.1143,-0.12755,-0.10490999999999999,-0.11095999999999999,-0.12236,-0.12199000000000002,nan,-0.09348300000000001,-0.13296,-0.11312,-0.12641,-0.14799,-0.1288,-0.13258,nan,-0.15192999999999998,-0.14805,-0.12958,-0.14445,-0.12775999999999998,-0.14789000000000002,-0.14484,nan,-0.12816,-0.15412,-0.16835999999999998,nan,-0.15606,nan,-0.14337,-0.13956,-0.13055,nan,nan,-0.13024000000000002,-0.14379,nan,-0.13794,-0.17213,nan,-0.16882,-0.17293,-0.16286,-0.18087999999999999,-0.17991,-0.19779000000000002,nan,nan,-0.19943,nan,-0.1908,-0.21766,-0.22485,-0.2439,-0.25769000000000003,nan,-0.25828,-0.20515999999999998,-0.21377,-0.2453,-0.25944,-0.28715,nan,nan,nan,nan,nan,-0.32681,-0.3391,-0.33518000000000003,-0.3785,nan,-0.39625,-0.34838,-0.39326,nan,-0.39714,nan,-0.39553,-0.44271000000000005,-0.43845,-0.44885,-0.44041,-0.42893000000000003,-0.47831,-0.44759,nan,-0.48156000000000004,-0.48363,-0.49015,-0.47031000000000006,-0.48473999999999995,-0.49386,-0.49333,-0.51605,-0.54555,-0.52896,nan,nan,-0.5566800000000001,-0.56305,-0.55111,-0.5796399999999999,nan,-0.55505,-0.58549,-0.5926,-0.59508,-0.57839,-0.55769,-0.59291,-0.57636,nan,-0.60035,-0.6055,-0.62851,nan,-0.61416,-0.60844,-0.61252,nan,nan,-0.62031,-0.65833,-0.64779,-0.64007,-0.64277,-0.64141,nan,-0.66598,-0.6521100000000001,-0.64777,-0.67772,nan,-0.65822,nan,-0.64854,-0.6773600000000001,nan,-0.63157,nan,-0.6459199999999999,-0.6339899999999999,-0.68143,nan,nan,-0.6634899999999999,-0.64065,-0.6705300000000001,nan,-0.65282,-0.6691,-0.68193,-0.69803,-0.6872699999999999,-0.6782,-0.69613,-0.69508,nan,-0.6954600000000001,-0.69072,-0.71534,-0.7321,-0.71682,nan,-0.7559100000000001,nan,-0.7427600000000001,-0.7451,nan,-0.72683,-0.77237,-0.76584,-0.7568,nan,-0.7661600000000001,nan,-0.79825,-0.78015,nan,-0.84755,-0.82444,-0.8281299999999999,-0.8303799999999999,-0.80661,-0.83794,-0.82942,-0.8409700000000001,nan,-0.8826799999999999,-0.8924,-0.8950899999999999,-0.88751,-0.8794700000000001,-0.91153,nan,-0.9429299999999999,-0.9121,-0.94335,-0.9542799999999999,-0.93752,-0.93474,-0.9271299999999999,-0.9435,nan,-0.95926,-0.9430700000000001,-0.9601299999999999,nan,-0.9714200000000001,-0.98061,-0.9611299999999999,-0.9645600000000001,-0.9857899999999999,-0.99024,-0.9922,nan,nan,nan,-0.99324,-0.9764,-1.0035,-1.012,-1.0112,nan,nan,-0.9974299999999999,nan,nan,-1.0178,-1.0134,-1.0436,-1.01,-1.04,-1.0179,-1.012,-1.0409,-1.0463,-1.0592,-1.0255,nan,-1.0577,-1.0609,nan,-1.0101,nan,-1.0274,nan,nan,-1.0163,-1.0151,-1.0226,-1.0639,-1.0587,nan,-1.0404,-1.0444,-1.0449,nan,-1.0686,-1.0688,nan,-1.0779,-1.0473,-1.0346,nan,-1.0490000000000002,-1.0455,-1.0593,-1.0453,-1.0122,-1.016,-1.0542,nan,-1.0468,-1.0606,-1.0542,-1.0611,-1.0781,nan,-1.078,-1.094,nan,-1.0865,-1.0812,nan,-1.1305,-1.1044,-1.0925,-1.1169,nan,-1.1265,nan,-1.1277,-1.1278,nan,nan,-1.1427,-1.1924,-1.1569,-1.1598,-1.1893,nan,-1.2266,nan,-1.2102,-1.2099,-1.1941,-1.1886,-1.2164,nan,-1.244,nan,nan,nan,-1.2814,-1.2412,nan,-1.2922,-1.3101,-1.2658,-1.2746,-1.3109,-1.2881,-1.2622,nan,-1.301,-1.2944,-1.3057,-1.2932,nan,-1.3101,-1.3217,-1.3249,-1.3431,-1.3639,-1.3485,nan,-1.3705,-1.3802,-1.3875,-1.3551,-1.3774,-1.3933,-1.3880000000000001,-1.4212,-1.4113,-1.4084,-1.4,-1.4324,-1.4544,-1.4426,-1.4817,-1.4714,-1.4778,-1.5084,-1.4946,nan,-1.5259,-1.4844,-1.496,-1.5319,-1.5189,-1.5203,-1.505,-1.5286,-1.5221,-1.5088,-1.5243,nan,-1.4987,-1.5357,-1.5352,-1.5551,-1.5356,-1.5368,-1.5739,nan,nan,-1.5576,-1.5578,-1.5439,-1.5471,-1.5867,nan,-1.5794,-1.5904,-1.5932,nan,nan,-1.6397,-1.642,-1.6585,-1.6405,-1.6669999999999998,-1.6775,-1.6685,nan,-1.6624,-1.6528,-1.6597,-1.6769999999999998,-1.6693,-1.6582,nan,-1.6594,nan,-1.6822,-1.7049,-1.6949,nan,-1.6888,-1.693,-1.7105,nan,nan,-1.7255,-1.7418,-1.7239,-1.7368,-1.7381,-1.7517,-1.7406,nan,-1.7597,nan,-1.7581,-1.774,-1.7732,-1.7742,nan,nan,-1.7763,-1.7689,nan,-1.8026,-1.7979,nan,-1.8276,-1.7874,-1.8077,-1.7909,nan,-1.8052,-1.8331,-1.8197,-1.7959,-1.8181,-1.8172,nan,-1.8155,nan,nan,-1.8078,nan,-1.8053,-1.7935,-1.7948,-1.8292,-1.8365,-1.7986,-1.7946,-1.7988,-1.7674,-1.7972,-1.8248,nan,nan,-1.8046,-1.8051,-1.8090000000000002,-1.7836,-1.7727,-1.7951,-1.7817,-1.7969,-1.8008,-1.7533,-1.7596,-1.7748,nan,-1.739,-1.7288,nan,-1.7207,-1.682,nan,-1.7102,-1.7012,-1.6675,-1.6411,-1.6581,-1.6417,-1.6515,-1.6598,-1.645,-1.6212,-1.5939,-1.5844,-1.5665,nan,-1.5865,-1.5378,nan,-1.5263,-1.5201,-1.5425,nan,-1.5127,nan,-1.4984,-1.5118,nan,-1.4479,-1.423,-1.4092,-1.3924,-1.3939,nan,-1.3887,nan,-1.3447,-1.3258,-1.2981,-1.2843,-1.2748,-1.2924,-1.2736,-1.2748,-1.2786,-1.2313,nan,nan,nan,-1.1534,-1.1226,-1.1108,-1.1277,nan,-1.1059999999999999,-1.0596,-1.0451,nan,-1.0066,-0.99945,-0.9786600000000001,-0.97429,-0.96999,nan,-0.8992899999999999,-0.92314,-0.86971,-0.8428100000000001,-0.8284100000000001,-0.81403,-0.7804300000000001,nan,-0.72522,nan,nan,-0.66401,-0.64585,nan,-0.60185,-0.59648,-0.58013,-0.49541999999999997,-0.5251,-0.49132,-0.46886000000000005,-0.41928999999999994,-0.39684,nan,nan,-0.37283,-0.34206,-0.32482,-0.26304,nan,nan,-0.21073000000000003,-0.20404,-0.17479,nan,nan,-0.1031,-0.066194,-0.041946,-0.0063735,0.019249000000000002,0.017851,0.066588,0.070867,0.1023,0.1462,0.17461,0.23113000000000003,0.22839,0.22812,0.25806,0.2517,0.27299,0.33458000000000004,0.35502,0.34729,0.39379000000000003,nan,0.45143,0.47179,0.48088000000000003,0.50566,0.48315,0.5329699999999999,0.5868800000000001,0.60137,nan,0.66141,0.70811,0.7301300000000001,0.75389,0.78123,nan,0.78422,nan,nan,0.92643,0.96686,0.9492,0.9951700000000001,1.0083,1.0791,1.1059,nan,1.1495,nan,1.2431,1.2579,1.3269,1.3498,nan,1.4263,nan,1.3784,1.4271,1.4614,1.4901,nan,1.5886,1.6272,1.6279,1.6380000000000001,1.699,1.6977,1.7412,1.7409,1.7222,1.7534,1.7806,1.8138,1.8403,1.8492,1.8484,1.8488,1.8648,nan,1.8785,1.9094,1.9071,1.8899,1.9127,1.9062,1.9004,1.9177,nan,1.8861,1.9147,1.8978,nan,nan,1.9053,1.9309,1.9212,1.9078,1.8847,1.8562,1.8718,1.8776,1.8645,1.8806,1.8208,1.7765,1.8025,1.7577,1.764,1.7813,1.7524,1.7475,nan,1.7428,1.7112,1.7145,1.7143,1.7136,1.7054,1.6721,1.6545,1.6357,1.6391,1.6462,1.6271,1.6376,1.6472,1.6304,1.5987,1.5807,nan,1.589,1.5598,1.5345,1.5401,1.548,1.5219999999999998,1.5163,1.5122,1.4977,1.5154,1.5168,1.4856,1.4821,1.4742,1.4519,1.4491,1.4481,1.4478,1.4193,nan,1.4177,1.4164,1.4311,1.4205,1.3869,1.3883,1.4208,1.3918,nan,1.4399,1.4012,1.4086,1.4309,1.3961,1.3821,1.3979,1.4137,1.4099,nan,1.4094,nan,1.3893,1.4226,1.389,nan,1.4303,1.4164,nan,1.4034,1.3984,1.3886,1.3877,1.4076,nan,1.3872,nan,1.396,1.3809,1.3829,1.3988,1.3999,1.4093,1.4449,1.4336,1.3977,1.4149,1.4372,1.4256,nan,1.4569999999999999,1.4627,1.4315,1.4636,1.4532,1.4558,1.4833,nan,1.5104,1.4788,nan,1.4995,1.4731,1.5335,1.4814,nan,nan,1.4979,1.4864,1.4915,1.4978,1.5076,1.5093,1.5032,1.5364,1.5091,1.4991,1.5311,1.5345,nan,1.5176,1.5023,nan,1.4943,nan,1.5087,nan,1.5343,1.5129,1.5149,1.5017,1.4666,1.4869999999999999,1.5172,1.4962,1.4816,1.5143,1.5056,1.5037,1.5113,1.4818,1.5162,1.5171,1.4959,1.5156,1.5012,1.5008,1.4856,1.4969,1.5147,1.4939,1.4982,1.48,1.4833,1.4668,1.4321,1.4461,1.4485,1.46,nan,1.4366,1.4285,1.4107,1.4223,1.4088,1.3836,1.4162,1.4009,nan,1.396,1.4249,1.4172,1.3922,1.4036,1.3997,nan,1.4288,1.4155,1.3982,nan,1.4008,nan,1.3958,nan,1.3897,1.3906,1.3941,1.3538,1.3781,nan,1.3652,1.3822,nan,1.3489,nan,1.3393,1.3577,nan,1.3626,1.3559,1.3301,nan,1.3334,1.3327,1.3161,1.3189,nan,1.3116,1.3483,1.3069,nan,1.3132,1.2962,nan,nan,1.2843,1.285,1.2641,1.3077,1.31,nan,1.3073,1.286,nan,1.2951,1.2852,1.2987,1.2642,1.2822,1.319,nan,1.2886,1.3030000000000002,1.3058,1.3163,nan,1.2931,1.3215,1.3117,1.2997,1.3159,1.2873,nan,1.3183,1.2878,1.3053,1.3030000000000002,1.2878,nan,1.3061,1.3023,1.3169,1.3157,1.3157,1.3165,1.3146,1.328,1.3379,1.3163,1.29,1.3155,1.3323,1.3125,1.3178,1.3148,1.2990000000000002,1.2981,nan,1.3199,1.3101,nan,1.3157,1.3011,1.3205,nan,1.3139,1.2802,1.284,1.3156,1.3017,1.2977,nan,1.2927,nan,1.2990000000000002,1.2842,nan,1.298,nan,nan,1.3009,1.2665,nan,1.2732,1.2635,nan,1.2647,1.2664,1.2382,1.2389,1.2462,nan,1.2157,1.171,1.1611,1.1836,1.1731,1.168,1.2048,nan,1.1296,1.1545,1.126,1.1197,1.1493,1.1359,nan,1.1291,nan,1.1056,1.0604,1.0536,nan,1.055,1.0358,1.0496,1.015,nan,1.0045,0.98226,0.99187,0.95021,nan,0.93566,0.93771,0.95106,nan,0.88892,nan,nan,0.8680100000000001,0.85269,0.8641399999999999,0.85219,nan,0.79861,0.8042100000000001,0.79482,0.78583,nan,0.76763,nan,0.7519399999999999,0.75143,nan,nan,0.70814,0.69513,0.67862,0.69776,nan,nan,nan,nan,0.63415,0.63862,0.6087600000000001,0.59436,0.6162,nan,0.57505,nan,0.52358,0.57401,0.50435,0.48786,0.5025,0.50195,0.5062300000000001,0.47711000000000003,0.47342,nan,0.46001000000000003,0.46101000000000003,0.43001000000000006,0.41211000000000003,0.45203000000000004,0.39724,nan,0.38833,0.35527,nan,0.33155999999999997,0.34526999999999997,0.31873,0.34049,nan,0.29298,0.28435,nan,0.26811999999999997,0.22127,0.21985,nan,0.20242000000000002,0.2038,0.21448000000000003,nan,nan,0.20317000000000002,0.15229,0.12247999999999999,0.15348,0.11982000000000001,0.10116,nan,0.061662,0.056589999999999994,0.033931,nan,0.038891,0.007495,nan,nan,-0.030402,-0.029375,nan,-0.021405,nan,-0.062726,-0.068509,-0.090905,-0.091818,nan,-0.13415,nan,-0.13183,nan,-0.16203,nan,-0.1903,-0.21206999999999998,-0.1959,-0.21235,-0.23129,-0.2229,-0.20401,-0.24953000000000003,-0.29163,-0.26400999999999997,nan,-0.28088,-0.30121,-0.32982,-0.34139,-0.38316999999999996,-0.35851,-0.37823,-0.38856999999999997,-0.38272,nan,nan,-0.44597,-0.44566000000000006,nan,nan,-0.46456000000000003,-0.48661000000000004,-0.46484,-0.5061100000000001,-0.51846,-0.49138999999999994,-0.5421600000000001,nan,-0.55858,-0.5595,nan,-0.58222,-0.5946899999999999,-0.6282399999999999,-0.6351,-0.68286,-0.6533899999999999,-0.6571600000000001,-0.69519,-0.67694,-0.71326,-0.71073,-0.72313,-0.7592899999999999,-0.75766,nan,-0.76572,-0.7620399999999999,nan,-0.8205899999999999,-0.82044,-0.8128,-0.8451299999999999,-0.84305,nan,-0.87616,-0.87465,-0.88576,-0.90528,-0.90397,-0.87885,-0.88295,-0.9225700000000001,-0.94406,-0.94194,-0.9436700000000001,-0.94386,nan,nan,nan,-0.96795,nan,-0.9653299999999999,-0.9563200000000001,-0.96183,-0.98205,nan,-0.97552,nan,-0.95849,-0.9883799999999999,-0.98313,nan,-0.9904200000000001,-0.98034,-0.97688,-0.9698899999999999,-0.9890700000000001,-1.0277,-1.0067,nan,-1.0256,nan,-1.0255,nan,-1.0521,-1.0368,-1.0398,-1.0129,-1.0092,-1.0075,-1.0331,-1.0578,-1.0109,-1.0212,-1.0463,nan,-1.0219,-1.0648,-1.0277,-1.0098,nan,-1.05,-1.0518,-1.0075,-1.0274,-1.0123,-1.004,nan,-1.0103,-1.0164,nan,nan,-1.0259,-1.0226,-1.0018,-0.9752700000000001,-0.9942200000000001,-1.0101,-1.0073,-1.0138,-0.9797299999999999,-0.9866799999999999,-0.97516,-0.95741,nan,nan,nan,-0.9890100000000001,-0.97808,-0.99325,-0.9624299999999999,-0.9709,-0.9713299999999999,-0.92835,-0.93368,-0.93806,-0.91586,-0.93535,-0.93627,-0.92765,nan,nan,-0.90976,-0.9121100000000001,nan,-0.9126799999999999,nan,-0.9176700000000001,-0.8838,-0.85746,-0.8801700000000001,-0.8727,-0.85713,-0.8614299999999999,-0.87844,nan,-0.81684,-0.8357,-0.80598,-0.82373,-0.81019,-0.79084,-0.8164399999999999,-0.80095,-0.7733399999999999,-0.77741,nan,-0.74642,nan,-0.7460899999999999,-0.72928,-0.73161,nan,-0.70126,-0.7079,-0.7459600000000001,-0.7219899999999999,-0.72849,-0.72749,-0.72646,-0.72925,-0.70092,-0.68799,-0.70058,-0.67162,-0.65854,nan,-0.64188,-0.64017,-0.6272300000000001,-0.6098399999999999,-0.5776399999999999,-0.5948899999999999,-0.56357,-0.58154,-0.58353,-0.52247,-0.51052,-0.54377,nan,nan,-0.48162,nan,-0.49501000000000006,-0.47723999999999994,-0.49437,nan,-0.45608999999999994,-0.46366,-0.45178999999999997,-0.43886000000000003,nan,-0.43636,-0.42922,-0.42323999999999995,-0.37861,-0.41003999999999996,nan,-0.37463,nan,-0.35323000000000004,nan,-0.34006,-0.36115,nan,nan,-0.33119,nan,-0.26458000000000004,-0.26033,-0.26398,-0.25993,nan,-0.25487,-0.22671,-0.20534000000000002,nan,-0.23281,-0.24439,nan,-0.17982,nan,-0.19443,-0.20918,-0.20042000000000001,-0.19475,-0.187,-0.17657,nan,-0.16271,-0.2054,-0.20726999999999998,-0.16208,-0.16180999999999998,-0.15028,nan,-0.13498,nan,-0.15888,nan,-0.12265,nan,-0.11732999999999999,nan,-0.12885,-0.14504,-0.13218,-0.12980999999999998,-0.11416,-0.12408,nan,-0.14974,nan,nan,-0.13149,-0.10958,-0.13295,-0.13066,-0.1116,-0.12996,-0.11437,-0.11500999999999999,-0.090265,-0.080198,-0.10365999999999999,-0.12140999999999999,-0.14612,-0.10039,-0.10176,-0.1458,-0.13027,-0.1329,-0.10784,-0.14495999999999998,-0.10605999999999999,-0.12162,-0.12836,nan,-0.13741,nan,-0.12685,-0.095703,nan,-0.13467,nan,-0.1106,-0.081575,-0.16145,-0.074976
6.0,0.10917,-0.038502999999999996,nan,nan,0.027357999999999997,nan,0.022594,nan,0.030094,nan,-0.0014222000000000002,0.012719,0.020335,nan,0.019525,0.014353999999999999,-0.010959,-0.0046743,-0.0025869,-0.02793,-0.038620999999999996,-0.042849,-0.032375,-0.027411,-0.040298,-0.027999,-0.034407,-0.055914,-0.042008,nan,-0.045176,-0.060447,-0.09516000000000001,-0.11035,-0.10445,-0.11269000000000001,-0.10824,-0.092432,-0.11784000000000001,-0.14017000000000002,nan,-0.14695999999999998,-0.1596,nan,-0.16011,-0.13752999999999999,nan,-0.13896,-0.15650999999999998,-0.17845999999999998,-0.16835999999999998,nan,-0.18727,-0.20581999999999998,-0.21572,-0.22209,-0.21386999999999998,-0.22141,-0.23406999999999997,-0.21846999999999997,-0.23337,-0.28201,nan,-0.27426,-0.27353,nan,-0.30146,-0.32149,-0.28936,-0.29986999999999997,-0.3287,-0.29296,-0.30333000000000004,-0.33475,nan,-0.31056999999999996,-0.32679,-0.3294,-0.3462,-0.34515999999999997,-0.32576,nan,-0.33787,-0.3287,-0.35357,-0.3418,-0.33047,nan,-0.35652,-0.3691,-0.38631,-0.38365,-0.38513000000000003,-0.36935,-0.38427,nan,-0.39941,-0.40231,nan,nan,-0.41192,-0.4127,nan,-0.41417,-0.42658999999999997,-0.42731,nan,nan,-0.43791,nan,-0.43768999999999997,-0.45966999999999997,-0.44822,-0.43767,-0.44974,-0.44623,-0.43778,nan,-0.45514,-0.45038999999999996,-0.47768,nan,-0.47048999999999996,-0.46426999999999996,-0.46435,nan,-0.48095,-0.46758999999999995,-0.47691999999999996,-0.5108,-0.49696999999999997,-0.48418999999999995,-0.5021899999999999,-0.48422,nan,-0.4879,-0.49033999999999994,-0.5000600000000001,-0.52199,-0.49885,nan,-0.50853,-0.49181,-0.50061,-0.5240100000000001,-0.51097,nan,-0.52227,-0.50124,nan,-0.5102800000000001,-0.50815,-0.5129199999999999,-0.52913,-0.51145,-0.49386,nan,-0.50708,nan,-0.52257,-0.5222600000000001,-0.51918,-0.5210199999999999,-0.52191,-0.53375,-0.53255,-0.5051,nan,-0.5231,-0.49345,-0.50879,-0.51559,-0.49396,-0.5263399999999999,-0.5274,-0.5009600000000001,-0.52408,-0.52583,-0.50625,-0.51361,nan,nan,-0.50257,nan,-0.50954,-0.50807,-0.50653,-0.50134,-0.49113999999999997,nan,-0.52327,-0.50497,-0.48928999999999995,-0.49396999999999996,-0.49353,-0.49208,-0.49178999999999995,-0.49428,-0.50578,-0.50965,-0.49813,-0.47457,-0.46621999999999997,-0.4788,-0.47285,-0.46693999999999997,-0.4813,-0.47213,-0.45905,-0.4711,-0.46526000000000006,nan,-0.46503999999999995,-0.45605,-0.43754,-0.4396,nan,-0.43696999999999997,nan,-0.42713,-0.43282,-0.43368999999999996,nan,nan,-0.43955,-0.39509,-0.38149,-0.38381,-0.38221,-0.39079,nan,-0.37977,-0.35809,-0.36179,-0.3735,-0.3488,-0.34076999999999996,nan,nan,-0.32425,-0.37129,-0.35029,-0.33318000000000003,-0.29615,-0.3218,nan,-0.41283000000000003,-0.31203000000000003,-0.33226,-0.30985999999999997,-0.28795,nan,-0.31069,-0.30178,nan,-0.31267,-0.2954,-0.28826,-0.29928,-0.30058,nan,-0.30163,-0.2883,-0.28968,-0.27987,-0.27557,-0.2998,-0.28844000000000003,-0.26415,-0.27791,-0.28839000000000004,-0.27834000000000003,-0.26583,nan,-0.24777,nan,nan,nan,-0.26042,-0.26297,-0.23606,-0.21355,-0.23706,-0.24939,-0.23210999999999998,-0.24001999999999998,nan,-0.22118000000000002,nan,-0.19512000000000002,-0.19468,-0.20549,-0.1834,-0.18042,-0.19297,-0.17769000000000001,-0.17473,-0.18198,-0.17112,nan,-0.17554,-0.17590999999999998,-0.14891,-0.15561,-0.19055999999999998,-0.18463,-0.17440999999999998,-0.17704,nan,-0.16216,-0.1595,-0.14632,-0.1658,-0.19230999999999998,-0.17103,nan,-0.15285,nan,-0.15138,-0.15403,-0.16401,-0.15181,-0.14548,-0.15625,-0.16505,-0.16463,nan,-0.17189000000000002,-0.17494,nan,-0.14279,-0.17145,nan,-0.14885,-0.15950999999999999,-0.16982,-0.15679,-0.16805,-0.17973,-0.15585,-0.1524,-0.16433,nan,nan,-0.17670999999999998,-0.17349,-0.16448,nan,-0.1763,-0.15433,-0.16802999999999998,-0.20298,-0.19428,-0.19977,-0.21958000000000003,-0.20597,nan,-0.24140999999999999,nan,nan,-0.22826999999999997,-0.23873000000000003,nan,-0.26033,-0.25979,-0.26242,nan,-0.28756,nan,-0.30546999999999996,nan,-0.30023,-0.3012,-0.30673,nan,-0.36186,-0.35823,nan,-0.37216,nan,nan,-0.4044,-0.42046999999999995,-0.42885,-0.43893000000000004,-0.42888999999999994,-0.41946000000000006,-0.43409,-0.45533999999999997,-0.46602,nan,-0.46865,-0.48428999999999994,nan,-0.49833,-0.52458,-0.53187,nan,nan,-0.5353399999999999,-0.53059,-0.53765,nan,-0.55307,-0.55073,-0.5815100000000001,-0.60283,-0.6116699999999999,nan,-0.61524,-0.6167100000000001,-0.6281899999999999,-0.62636,nan,-0.61785,nan,nan,-0.63974,-0.64749,-0.67952,-0.6963,-0.69904,-0.68156,-0.6590199999999999,-0.67615,nan,-0.669,-0.67169,-0.67901,-0.70004,-0.7129,-0.68693,-0.67767,-0.70581,-0.71041,-0.70026,-0.7007800000000001,nan,nan,-0.68524,nan,-0.70623,nan,-0.69971,-0.71367,-0.70694,-0.69033,nan,-0.67269,-0.6885399999999999,-0.71559,nan,-0.7014199999999999,-0.72364,-0.71611,-0.6879,-0.68786,-0.71008,-0.72133,-0.6995899999999999,-0.70619,nan,-0.72359,-0.7112,-0.7320800000000001,-0.74152,-0.75088,-0.75197,-0.7327100000000001,-0.72743,-0.72716,nan,-0.7512300000000001,-0.75192,nan,-0.72341,-0.7499399999999999,-0.7359100000000001,-0.7381,-0.77355,-0.7771899999999999,-0.76835,-0.7821600000000001,-0.7749,-0.76089,-0.77484,-0.78199,nan,-0.79245,-0.78972,nan,-0.80577,-0.80794,-0.78132,-0.7853899999999999,nan,nan,-0.80671,nan,-0.82424,-0.8264,-0.8166800000000001,-0.83215,-0.85111,-0.8281299999999999,-0.8342200000000001,-0.8829799999999999,-0.87385,-0.8375,-0.8629700000000001,-0.8759100000000001,-0.8450700000000001,-0.84834,-0.86424,-0.8599600000000001,nan,-0.8929799999999999,nan,-0.86159,-0.8724,nan,-0.8807200000000001,-0.8826799999999999,nan,-0.8930100000000001,-0.9027700000000001,-0.90376,-0.87639,nan,nan,-0.90654,-0.8968700000000001,nan,-0.8938200000000001,-0.88023,-0.8816299999999999,-0.89569,-0.8931399999999999,-0.88021,-0.87574,-0.88108,nan,nan,nan,-0.90023,-0.9033399999999999,-0.89236,-0.9104399999999999,-0.91776,-0.90075,-0.89371,-0.88908,-0.9049,-0.92035,-0.9056700000000001,-0.89249,-0.89233,-0.89128,nan,-0.8929600000000001,-0.8909999999999999,-0.89254,-0.8922399999999999,-0.89228,-0.9003399999999999,-0.90649,nan,-0.90594,-0.89931,-0.87864,-0.88265,-0.89356,-0.8893399999999999,-0.9,-0.87887,-0.8832700000000001,-0.9324100000000001,-0.89871,-0.88256,-0.92322,-0.8986299999999999,-0.8751,-0.8824200000000001,-0.8972100000000001,nan,-0.88031,nan,-0.9212899999999999,-0.89312,-0.8758100000000001,nan,-0.8939299999999999,-0.89259,-0.89015,-0.90385,-0.89555,nan,-0.90144,nan,-0.8694700000000001,nan,-0.90486,-0.8988200000000001,-0.8871899999999999,-0.8942,-0.8936200000000001,-0.8821399999999999,-0.87144,nan,-0.9059999999999999,-0.894,-0.89807,-0.90374,nan,-0.89156,-0.9002100000000001,-0.9078200000000001,-0.9018799999999999,-0.89291,-0.91071,-0.9193600000000001,-0.8974200000000001,nan,-0.8960600000000001,-0.8790899999999999,-0.88459,-0.9066,-0.8959,-0.8932100000000001,-0.91202,-0.90155,-0.87933,-0.89155,nan,-0.91865,-0.9197799999999999,-0.9137299999999999,-0.8863,-0.8814299999999999,-0.9063100000000001,-0.89943,-0.8826,-0.9029799999999999,nan,-0.8877799999999999,-0.8648600000000001,-0.89454,nan,-0.86779,nan,-0.90874,-0.9197299999999999,-0.9200200000000001,-0.91827,-0.9196799999999999,nan,-0.9064200000000001,-0.9033899999999999,-0.9095,-0.92509,-0.93396,-0.92237,-0.9061100000000001,-0.87941,-0.88256,-0.91679,-0.91133,-0.90833,nan,-0.9362,-0.91691,nan,-0.9312299999999999,-0.9204700000000001,-0.9265700000000001,-0.94332,-0.9465600000000001,nan,-0.9482,nan,nan,-0.94655,-0.94476,-0.9671,-0.9698899999999999,nan,nan,-0.9411700000000001,-0.93116,-0.9548399999999999,-0.9749899999999999,-0.9764700000000001,-0.9641799999999999,-0.9609700000000001,-0.97567,-0.9758700000000001,-0.9706899999999999,nan,-0.95668,-0.93355,-0.9477200000000001,-0.96652,-0.97665,-0.98861,nan,nan,-0.9732200000000001,-0.96147,-0.9647,-0.9888899999999999,-0.9794299999999999,-0.9608399999999999,-0.97115,-0.9688899999999999,-0.9567399999999999,-0.97815,-0.99077,-0.9673299999999999,-0.96244,-0.99497,-1.0048,-0.97954,-0.9726899999999999,nan,-0.9612200000000001,-0.96785,-0.98201,-0.9896299999999999,-0.98879,-0.97509,-0.9792299999999999,-0.99034,-0.9883,-0.98824,-0.98174,nan,-0.9617600000000001,-0.9855299999999999,nan,-0.9716799999999999,-0.9826299999999999,-1.0157,-0.9965,-0.9794299999999999,nan,nan,-0.9857100000000001,nan,-0.96062,-0.9920399999999999,-1.0029,-0.9960600000000001,-0.97603,-0.9789200000000001,-1.0138,-0.9939600000000001,-0.9556399999999999,-0.9647399999999999,-0.97509,-0.97926,-1.006,-1.0109,-0.9887100000000001,-0.9758100000000001,-0.96944,-0.98008,-0.98801,-0.9740200000000001,-0.98921,nan,-1.0019,nan,-1.0041,-1.0359,nan,-1.0311,-1.0332,-1.0503,-1.0372,-1.0447,-1.0590000000000002,-1.0432,-1.0524,-1.0861,nan,-1.0417,-1.0782,-1.0971,-1.0841,-1.095,nan,-1.0867,-1.112,-1.1117,-1.1182,-1.1235,-1.1133,-1.1411,-1.1622,-1.1445,nan,-1.1797,-1.1776,-1.1868,nan,-1.1914,nan,-1.2098,-1.1941,-1.2211,-1.2238,-1.2237,-1.2396,nan,-1.2624,-1.2523,-1.2549,-1.2783,-1.266,nan,-1.3085,-1.3156,nan,nan,nan,-1.3335,-1.3588,-1.3647,-1.351,-1.3673,-1.3878,-1.3757,-1.3687,-1.3725,-1.3731,nan,-1.369,nan,-1.4044,nan,-1.4061,nan,nan,-1.3998,-1.4181,-1.4399,-1.4588,-1.4568,nan,-1.4409999999999998,-1.4383,-1.4433,-1.4657,-1.4648,nan,-1.4583,-1.4699,nan,-1.4546,-1.4736,-1.4722,-1.4509999999999998,-1.4711,nan,-1.4568,-1.4646,nan,-1.431,-1.4444,-1.4785,nan,-1.4573,-1.4582,-1.4817,-1.4773,-1.4624,-1.473,-1.4843,-1.4741,-1.4607,-1.4533,nan,-1.4569999999999999,-1.4491,-1.463,nan,nan,-1.4652,-1.4681,-1.4529,-1.4409999999999998,-1.4491,-1.4566,-1.4537,nan,nan,-1.4487,-1.4545,-1.4564,-1.4676,nan,nan,-1.4712,-1.4718,-1.4599,-1.4493,nan,-1.4518,-1.4681,-1.4627,-1.4548,-1.4566,-1.4380000000000002,-1.4136,-1.4176,-1.4285,nan,-1.3902,-1.4088,-1.4146,-1.3787,-1.3717,nan,-1.4004,nan,nan,-1.3558,-1.3781,-1.389,-1.3559,-1.3431,-1.3654,-1.3737,-1.3624,-1.3557,-1.3604,nan,-1.3088,-1.3041,nan,-1.2921,-1.3052,-1.2869,-1.2729,-1.2758,-1.2639,-1.2639,-1.2496,-1.2342,-1.2372,nan,-1.2299,-1.2288,-1.1938,-1.1896,nan,-1.189,-1.1799,-1.1571,-1.1467,-1.1566,-1.1501,nan,-1.1345,-1.1078,nan,-1.1133,-1.0838,-1.0577,nan,nan,-1.0322,-1.0141,nan,nan,nan,nan,-0.94958,nan,-0.9210200000000001,-0.90885,nan,-0.8875700000000001,-0.8662700000000001,-0.8533200000000001,nan,nan,nan,nan,-0.77017,-0.73987,-0.71267,-0.70235,-0.68338,-0.6630699999999999,-0.65809,nan,-0.5985199999999999,nan,nan,-0.55176,-0.5030899999999999,-0.48083000000000004,-0.45558000000000004,-0.42595,-0.40499,-0.37315,-0.34838,-0.32555,-0.28086,-0.26741,nan,nan,nan,-0.16137,-0.1579,-0.12687,-0.09725,-0.059707,-0.006864100000000001,0.021744,nan,0.098214,0.073087,nan,0.14654,0.21368,0.23475,0.26665,0.30987,0.34095,0.35381,0.36934,0.41045,0.45132,nan,0.53001,nan,0.6055,0.64,0.65177,nan,0.7497699999999999,nan,0.84162,0.83552,0.86167,0.92691,0.96175,1.0068,1.0712,1.0981,1.1253,1.1648,1.1917,1.2512,1.3147,1.3145,1.3404,1.4213,nan,1.4727,1.5233,1.5575,1.5872,1.6408,1.6817,1.7133,1.7686,1.8096,nan,1.8387,1.8831,1.9239,1.9693,2.0009,2.0075,2.0174,2.0287,2.0416,2.0831,nan,2.1127,2.1291,2.1448,2.1316,2.1388,nan,2.1446,2.1453,2.1489,2.1801,2.1756,nan,2.1656,2.1652,2.133,nan,2.1609,2.1346,2.1367,2.1421,2.1065,2.0871,2.0941,2.084,2.0491,2.0036,1.9808,nan,1.9792,1.9802,1.9702,1.9657,1.9652,1.9439,nan,nan,1.8752,nan,1.8683,1.8530000000000002,nan,1.8019999999999998,nan,1.7801,1.7647,1.7603,nan,nan,1.7293,1.7316,nan,nan,1.7209,1.6997,nan,1.714,1.6836,nan,1.705,1.6647,1.6408,1.6501,1.6199,1.5948,1.5971,1.5909,1.5969,1.6194,1.6113,1.5803,1.5842,1.5956,1.5818,1.5872,nan,1.5811,1.5818,1.5683,1.5518,1.5673,nan,nan,1.5498,1.5665,1.5453,1.5266,1.5261,1.5256,1.5258,1.5258,1.5229,1.5063,1.4987,1.5193,1.5284,1.5253,1.5258,1.5136,1.5206,1.5502,1.5361,1.5102,1.5326,nan,1.5106,nan,1.5568,1.5433,1.5199,1.5113,1.5327,1.5393,1.5198,1.5264,1.5413,1.5285,1.5318,nan,1.5452,1.5253,1.5307,1.5408,1.5401,1.5458,1.5612,1.5477,1.5388,1.5726,1.574,1.5485,1.5673,1.5922,1.5993,1.6148,1.6065,1.5812,nan,1.6105,1.5914,1.5922,1.6075,1.6093,1.6273,1.6365,1.6196,1.6402,nan,nan,nan,1.6551,1.646,1.6669,1.6832,1.6494,1.6691,1.7055,1.6804,1.6903,1.7077,1.6854,1.6894,1.694,1.6895,1.712,1.7046,1.6749,nan,1.715,nan,1.7009,1.7002,1.6883,1.7076,1.7069999999999999,1.6974,nan,nan,1.7201,1.7064,1.7028,1.7065,1.7188,1.7211,nan,1.7028,1.7048,nan,1.7027,nan,1.7035,1.7027,nan,1.713,1.7045,1.7175,nan,1.7122,nan,1.6906,1.6996,1.7083,nan,1.7207,1.7367,nan,1.6924,1.7224,nan,nan,nan,nan,1.7015,nan,1.7015,1.692,1.7047,1.6934,1.6907,1.6858,nan,1.6908,1.6746,1.6621,1.6623,1.6489,1.669,1.6719,1.6459,nan,1.6427,1.6269999999999998,1.6185,1.6091,1.6089,nan,1.6151,1.6361,1.618,1.5909,1.6014,nan,1.5653,1.5939,1.6096,nan,1.5945,nan,1.5738,nan,1.5539,1.5739,1.5837,1.5802,1.5804,1.5606,nan,1.5175,1.5126,1.5247,1.524,1.5346,1.5564,nan,1.5168,1.507,1.4958,1.4987,1.5047,1.4869999999999999,1.5158,1.5391,nan,1.496,nan,nan,1.4844,1.4754,nan,1.5011,1.4872,1.4817,1.4835,1.4658,1.4569999999999999,1.4645,1.4827,1.4809999999999999,nan,1.4822,1.4856,1.4862,1.4835,1.4605,1.4533,nan,1.4572,1.4691,1.476,nan,1.4411,1.4437,1.4632,1.4780000000000002,1.4626,nan,1.4532,1.4597,1.4537,1.4427,1.4303,1.4378,1.4465,1.4431,1.4321,1.423,1.4491,1.4727,1.4578,1.4538,nan,nan,1.4578,1.4775,1.4405,nan,1.4721,nan,1.4431,1.4656,1.4528,1.443,1.4556,1.4491,1.425,1.4288,1.4532,1.4556,1.4605,nan,1.4696,1.4759,1.4608,1.4445,1.4573,1.4345,1.4108,1.4351,1.4454,1.4336,1.4285,1.431,1.4308,1.4119,1.3891,nan,nan,1.3925,1.3827,1.3939,1.4017,1.3821,1.3534,1.3489,nan,1.3518,1.3162,1.3059,1.3255,nan,1.3159999999999998,1.2932,1.2984,1.3332,1.3329,nan,1.2868,nan,nan,1.2404,nan,1.2314,1.1862,1.1821,1.1706,1.1359,1.1403,nan,1.1279,1.1088,1.0995,1.0917,nan,1.0528,nan,1.0433,1.0489,1.0337,0.9989299999999999,0.9787799999999999,0.96877,nan,nan,0.93604,0.91753,0.89405,0.8745,0.85329,0.83872,0.8476299999999999,0.85221,0.83825,0.8376,0.8376899999999999,0.81214,0.79797,0.78932,0.74764,0.72022,0.7127,0.6893600000000001,0.66915,0.64523,0.63239,nan,0.6401899999999999,0.61698,0.59934,0.57568,nan,nan,0.57063,0.54385,nan,0.5039600000000001,0.50329,0.47663,0.45575,0.43855,0.45403999999999994,0.4439,0.39899,0.39913000000000004,0.38197,nan,0.35814,0.34919,0.33471,0.32799,0.31606,0.31683,0.31208,0.29522,0.28839000000000004,nan,0.25478,0.2443,nan,0.19366,0.18929,0.19982,0.18613,0.16424,0.16352,0.16526,0.14007,0.12387999999999999,nan,nan,0.073586,0.082592,0.057608000000000006,0.059223000000000005,0.082366,0.082015,0.069783,0.041494,0.01354,0.021089,0.027982,0.0061088,0.0020635000000000002,0.023780000000000003,nan,-0.02266,-0.02727,-0.025713999999999997,-0.025117,-0.024794999999999998,-0.045607999999999996,-0.056516,nan,-0.054865,-0.042163,nan,-0.078819,-0.095743,-0.10432999999999999,-0.11986,-0.12122999999999999,-0.12462000000000001,-0.13574,-0.12635,-0.12768,-0.154,-0.15245,-0.13487000000000002,-0.14194,-0.14922,-0.1368,-0.14001,-0.16426,-0.15836,-0.16539,nan,-0.17574,-0.19424,-0.23429,-0.21906,-0.24693,-0.2836,-0.27161,-0.28474,-0.30023,-0.30416,-0.31705,nan,nan,nan,-0.3203,-0.32911,-0.3254,-0.34352,-0.35958,nan,-0.34601,nan,-0.3333,-0.3432,nan,-0.37533,-0.35041,nan,-0.38411999999999996,-0.34353,-0.32598,-0.34552,-0.34339000000000003,-0.3652,-0.36584,-0.35461,nan,-0.33174000000000003,nan,-0.34202,-0.32621999999999995,-0.32756,-0.3294,-0.32988,-0.34615,-0.34421,-0.3275,-0.33604,-0.34017,-0.3292,-0.34645,-0.37203,-0.36227,-0.34176,-0.3402,nan,-0.35704,-0.3571,-0.36851999999999996,nan,-0.35914,-0.35974,nan,-0.34920999999999996,-0.34367,nan,-0.3432,nan,-0.35675999999999997,-0.34759,-0.32847,-0.33864,-0.35118,-0.35941999999999996,-0.35443,nan,-0.34711,nan,nan,-0.34239,-0.32464,nan,nan,-0.34335,-0.342,-0.33759,-0.32145,-0.315,-0.32487,nan,-0.31947,-0.316,-0.32847,-0.31892,nan,-0.31376,nan,nan,-0.29691,-0.29120999999999997,-0.31511999999999996,nan,-0.28546,-0.30785,-0.28514,-0.25684,-0.28038,-0.27984000000000003,-0.25865,-0.27149,-0.26905999999999997,-0.25015,-0.24589,-0.23443000000000003,-0.22929000000000002,-0.23269,-0.20926,-0.19269,-0.19521,-0.17464000000000002,-0.16422,-0.17879,-0.16734000000000002,-0.16624,-0.17961,-0.14307,nan,-0.18228,-0.1746,-0.13101,nan,-0.13988,nan,nan,-0.13639,-0.11785,-0.09212100000000001,-0.073787,-0.053413,nan,-0.046433999999999996,-0.056996000000000005,-0.052881,nan,-0.03271,-0.016646,-0.015241,-0.02646,-0.010055,0.015750999999999998,0.032991,nan,0.012894,0.031518,0.039739,0.028758999999999996,0.060003999999999995,0.084618,nan,0.083526,0.08275,nan,0.096041,0.082039,0.094703,0.11319000000000001,0.10400000000000001,0.12042,0.16384,0.17908,0.1814,0.17695,0.17986,0.20518000000000003,0.20059000000000002,0.19574,0.20840999999999998,0.21641999999999997,0.2428,0.24325,0.23693000000000003,0.27166999999999997,0.27374,0.2543,0.26798,0.27485,0.27247,0.2847,0.2877,0.27437,nan,0.30831,0.32188,nan,0.33409,0.31813,0.3266,0.34542,0.33309,0.33335,0.35861,0.35286999999999996,0.33142,0.33131,0.32996,nan,0.34355,0.33286,0.34163000000000004,nan,0.3719,0.38206999999999997,nan,0.37187,nan,nan,0.34176999999999996,0.36343000000000003,nan,0.37188000000000004,0.39876,0.42378999999999994,0.40615,0.39859,nan,0.4249,0.42346000000000006,0.41266,0.42428,0.42958999999999997,0.42898000000000003,0.44328,0.43168,0.39379000000000003,0.39266,0.41784,0.41341999999999995,0.41611000000000004,0.44573999999999997,0.4306,0.41281999999999996,0.43932,0.42586999999999997,0.41685,nan,0.41995,0.40996000000000005,nan,nan,nan,0.42205,nan,0.42148,0.4118,0.42968999999999996,nan,0.40525,0.44098000000000004,nan,0.41736999999999996,0.40993999999999997,0.41462,0.44014,0.42527,0.4136,0.42785,0.41456000000000004,0.42478999999999995,0.45428999999999997,0.43206000000000006,0.41179,0.4439,0.45146000000000003,0.41631999999999997,0.41268999999999995,0.44596,0.457,nan,0.41346000000000005,0.42733999999999994,0.4197,0.44135,0.43482,nan,0.44535,0.42138000000000003
3.0,-0.7317899999999999,-0.84735,-0.7609,-0.8188300000000001,nan,nan,nan,-0.79591,-0.80147,-0.7940699999999999,-0.78356,-0.78757,-0.80188,-0.79852,nan,-0.8005800000000001,nan,-0.77496,-0.7506,-0.73311,nan,-0.7340000000000001,nan,-0.6981,-0.70896,nan,-0.6944600000000001,-0.7027100000000001,nan,-0.68243,-0.67794,nan,nan,-0.6391,-0.6607,nan,-0.64988,-0.64778,-0.66391,-0.64388,-0.62617,-0.6300600000000001,nan,-0.60709,-0.6073,nan,-0.612,nan,-0.58494,nan,-0.5662,-0.59996,-0.56591,nan,-0.5837,nan,nan,-0.55481,-0.53478,-0.5374800000000001,-0.55903,-0.5425,-0.54567,-0.53095,-0.51852,-0.53073,-0.53273,-0.52835,-0.54345,-0.535,-0.52894,-0.52986,-0.53196,-0.5231100000000001,-0.5191899999999999,-0.53338,-0.52796,-0.51455,nan,-0.5307,-0.5062800000000001,nan,-0.51777,-0.52878,-0.53099,-0.53961,nan,-0.51225,-0.5009899999999999,-0.5100899999999999,-0.5180600000000001,nan,-0.51768,-0.5162800000000001,-0.5191600000000001,-0.5327,-0.53179,-0.51883,-0.5171,-0.5300600000000001,-0.52274,-0.50388,-0.50788,-0.49703,-0.5250199999999999,nan,-0.51241,-0.53001,nan,nan,-0.52247,-0.5443399999999999,nan,-0.5324300000000001,-0.5199,-0.506,-0.5031399999999999,-0.52459,-0.53332,nan,-0.53145,-0.52862,-0.53475,-0.54867,nan,-0.51553,-0.53662,-0.54428,nan,nan,-0.5593,-0.5718,-0.5725899999999999,-0.57228,-0.57607,nan,-0.60196,-0.59958,-0.5856399999999999,-0.59949,-0.62616,-0.6079600000000001,-0.61026,-0.59849,-0.63037,-0.6382800000000001,-0.63903,nan,-0.6671699999999999,-0.66309,nan,nan,-0.68615,-0.6806,-0.69125,-0.70067,nan,-0.70417,-0.68747,-0.69321,-0.70858,-0.71828,-0.69242,nan,-0.70698,-0.69365,-0.68689,nan,-0.73844,-0.71848,-0.7285,-0.75507,-0.7522399999999999,nan,-0.7430399999999999,-0.72949,nan,-0.77164,-0.7601,-0.80009,-0.80198,-0.80637,-0.8302700000000001,-0.7915300000000001,-0.79313,-0.79287,-0.78585,-0.81008,-0.80776,-0.81481,nan,-0.80252,-0.81088,nan,-0.84036,-0.8269700000000001,-0.85214,-0.85546,-0.85882,-0.8820600000000001,-0.86266,-0.87915,-0.85798,-0.86961,-0.8966700000000001,-0.8918299999999999,-0.8851899999999999,-0.88508,-0.9043,nan,-0.8955,nan,-0.9200299999999999,-0.9173600000000001,nan,-0.91428,-0.9094899999999999,nan,-0.9396100000000001,nan,-0.9295,-0.96186,nan,-0.93779,-0.9328299999999999,-0.9511799999999999,-0.9739,-0.97291,-0.97365,-0.97301,-0.96329,-0.9533799999999999,-0.99571,-0.97314,-0.95285,nan,-0.9616600000000001,-0.97506,-0.96754,-0.9765,-0.9848600000000001,-0.96675,nan,nan,-0.9736,-0.9866,-0.9868,-0.9858600000000001,-0.98454,-0.9947600000000001,-1.0006,-0.9961200000000001,nan,nan,-0.98556,-0.9955200000000001,-1.0112,-0.9988,-1.0157,-1.0128,-1.0145,-1.0147,-1.0017,-0.9965799999999999,-1.0246,-1.0163,-1.0122,-1.0086,-1.0290000000000001,nan,-1.0054,-1.0188,-1.0261,-1.0054,-1.0227,-1.0342,-1.001,-1.0283,nan,nan,-1.0246,nan,-1.0519,-1.044,nan,nan,nan,-1.0082,nan,nan,-1.0390000000000001,-1.054,-1.0378,-1.0409,-1.0290000000000001,-1.0006,-1.0112,-1.0231,-1.0385,-1.0286,-1.0323,-1.0388,-1.0435,-1.0507,-1.0317,-1.0461,-1.0490000000000002,-1.0390000000000001,-1.038,nan,nan,nan,-1.04,-1.0489,-1.0581,-1.0286,-1.0421,-1.0489,nan,nan,nan,-1.0522,-1.0521,-1.0517,-1.0363,-1.0429,-1.0678,-1.0413,-1.0384,-1.0517,-1.0546,-1.041,nan,nan,-1.0423,nan,-1.0214,nan,-1.0193,-1.0248,-1.0497,-1.0285,-1.0539,-1.0285,nan,-1.0166,-1.022,-1.0353,-1.0589,nan,-1.0434,-1.0281,-1.0364,nan,-1.0164,-1.0368,-1.0509,-1.0396,-1.0545,-1.0399,-1.0393,-1.0551,-1.0374,-1.0637,nan,-1.0423,-1.0578,-1.0386,-1.013,-1.026,-1.0569,nan,-1.0172,-1.06,nan,nan,-1.0406,-1.0283,-1.0382,-1.0298,-1.0254,-1.0305,-1.0555,-1.0249,-1.0226,-1.0357,-1.0284,nan,-1.0270000000000001,-1.021,-1.0012,nan,-1.0286,-1.0543,-1.0058,nan,-1.0298,-1.0135,-1.0137,-1.0042,-0.99505,-1.0049,-1.0143,nan,-0.99605,-1.0014,-0.9973299999999999,-1.0026,-1.0137,nan,nan,-0.98649,-1.0009,nan,-1.0024,-0.99065,-0.96705,-0.95886,-0.95431,-0.99205,nan,nan,-0.9460200000000001,-0.94605,nan,-0.9613299999999999,nan,nan,-0.9316,-0.9444799999999999,nan,-0.93776,-0.94834,-0.9424799999999999,-0.94685,-0.9409700000000001,-0.92342,-0.90099,-0.9107299999999999,-0.91712,-0.90766,-0.9344899999999999,-0.93434,nan,-0.9314600000000001,-0.9154200000000001,-0.8875200000000001,-0.9138799999999999,nan,-0.9132,nan,-0.88782,nan,-0.87484,-0.88129,nan,-0.88925,-0.8526100000000001,-0.85439,-0.85382,-0.8639700000000001,nan,-0.8375100000000001,-0.8496799999999999,-0.8514299999999999,-0.8495799999999999,-0.82168,nan,-0.83454,-0.79593,nan,-0.8184899999999999,-0.81386,-0.8108,-0.80106,-0.81318,-0.80018,-0.81091,-0.8094600000000001,-0.8253799999999999,-0.8057300000000001,-0.80116,-0.77632,-0.75398,-0.75476,nan,nan,-0.75966,nan,-0.7543300000000001,-0.74608,-0.73415,-0.71895,nan,-0.73254,-0.73225,-0.73068,-0.7338100000000001,-0.7220300000000001,nan,-0.72783,nan,-0.70101,-0.6963,-0.70022,nan,-0.67732,-0.69293,-0.68096,-0.69955,-0.73342,-0.7037,-0.66345,nan,-0.7094,-0.70089,-0.70286,-0.67912,-0.6873199999999999,-0.70349,-0.6702899999999999,nan,-0.67924,-0.68071,-0.6927800000000001,-0.66765,-0.6752600000000001,-0.68294,-0.67271,-0.69368,-0.6708,-0.66755,-0.64737,-0.6462899999999999,-0.6641199999999999,nan,nan,-0.63797,nan,-0.5977100000000001,-0.61336,nan,-0.5998399999999999,-0.59554,-0.62045,-0.61229,-0.57255,nan,-0.5976,-0.57009,-0.5803699999999999,-0.5768800000000001,-0.57852,-0.59653,-0.56923,nan,-0.5733,-0.57368,-0.5477,-0.5435300000000001,-0.5371,nan,-0.5270699999999999,-0.52955,nan,nan,nan,nan,-0.53263,-0.5282399999999999,-0.5152899999999999,-0.51928,-0.5173300000000001,-0.51855,-0.5340199999999999,-0.48186999999999997,-0.49723999999999996,nan,nan,-0.51222,nan,-0.52665,-0.50855,-0.50105,-0.48428000000000004,-0.47551000000000004,-0.45971999999999996,-0.46871999999999997,-0.47571,-0.43893999999999994,nan,-0.45486000000000004,-0.44998,-0.43622,-0.39499,-0.42573999999999995,-0.434,-0.4174,nan,-0.4318,nan,-0.40959,-0.41667,-0.38406999999999997,nan,-0.41097,-0.39981,-0.37189,nan,-0.39096,-0.37009000000000003,-0.37827,nan,-0.36468,-0.36178,nan,nan,-0.3598,-0.37371,nan,-0.32064000000000004,nan,-0.34451,nan,-0.31916,-0.32973,-0.3193,-0.32766,nan,-0.32982,-0.34544,-0.34736999999999996,-0.35501,-0.3373,-0.32454,-0.30174,-0.34003,-0.33898,-0.3051,-0.33215,-0.30637,-0.30426,-0.29061,-0.30257,-0.28381,-0.29015,-0.30175,-0.28,-0.27432,-0.28439000000000003,-0.28217,-0.26511999999999997,nan,nan,-0.26602,-0.29133000000000003,-0.2919,-0.26732,-0.26103000000000004,-0.26918000000000003,-0.23940999999999998,-0.25195,nan,-0.23639000000000002,-0.24193,-0.25209000000000004,-0.2454,-0.23409000000000002,-0.23879,nan,-0.26497,nan,-0.23740999999999998,-0.23893000000000003,-0.22269,-0.24766,-0.23259000000000002,-0.22053000000000003,-0.21838000000000002,-0.20955,nan,nan,-0.22773000000000002,-0.21173000000000003,-0.1822,-0.21704,-0.20694,-0.19884000000000002,nan,-0.20945,-0.23779,-0.20347,-0.19505999999999998,-0.19383,-0.21061,-0.18564,-0.17769000000000001,-0.19797,-0.17600000000000002,-0.18671,-0.17893,nan,-0.1564,-0.1745,-0.19794,-0.17317000000000002,-0.15750999999999998,-0.15819,-0.15517999999999998,-0.16727,-0.17182,nan,nan,-0.16455999999999998,-0.13592,-0.11996,-0.1478,-0.14115,-0.1252,-0.11971,-0.15883,-0.14484,-0.14406,-0.14212,nan,-0.12567,-0.11978,-0.1291,-0.099621,nan,-0.11045999999999999,-0.12624000000000002,-0.11877,-0.10880999999999999,-0.12802,-0.10302,-0.11710999999999999,-0.10482999999999999,-0.11673,-0.10446,-0.12588,-0.11445,-0.086788,-0.10072,-0.097633,-0.08315499999999999,-0.10062,-0.09536,-0.094662,-0.10021000000000001,-0.091567,nan,nan,-0.10515999999999999,-0.10472999999999999,-0.11623,-0.09623,-0.074428,-0.087379,-0.096157,-0.11582999999999999,-0.10589000000000001,-0.10697999999999999,-0.088785,nan,nan,-0.098861,-0.13012,nan,-0.10478,-0.091209,-0.09045700000000001,-0.090508,-0.091498,-0.077336,-0.09246499999999999,nan,-0.089892,nan,-0.09916799999999999,-0.085967,-0.091826,nan,-0.092062,-0.08744099999999999,-0.07791100000000001,-0.10547000000000001,-0.10539000000000001,nan,-0.10111,-0.10725,-0.08976100000000001,nan,-0.10163,-0.11170999999999999,nan,-0.10324000000000001,nan,-0.11297,-0.12476,-0.086765,-0.12226,-0.11397,-0.090941,-0.14215,-0.13330999999999998,nan,-0.1291,-0.14587,nan,nan,-0.15014,nan,-0.13398,-0.13384000000000001,-0.16605,-0.16573,-0.14226,-0.14435,-0.15894,nan,-0.19730999999999999,-0.20926999999999998,-0.20048,-0.20259000000000002,-0.21623,-0.19707,nan,-0.21058000000000002,-0.21075,-0.20581999999999998,-0.19476,nan,-0.19885,-0.22857,-0.2368,-0.22530999999999998,-0.23696,nan,-0.25021,-0.22336,-0.19988,nan,-0.22695,-0.22981,-0.23179,-0.22689,-0.26061999999999996,nan,-0.2523,-0.28267,-0.28933000000000003,-0.26507,-0.27681999999999995,-0.31415,-0.31298000000000004,nan,-0.30002,nan,nan,-0.32608000000000004,-0.33103,-0.32934,-0.33204,-0.32825,nan,-0.34179,nan,-0.34452,-0.34415,-0.35875,nan,-0.36041,nan,-0.38361,-0.38726,-0.4138,-0.38559,-0.37956999999999996,-0.39259,-0.37112,nan,-0.43633999999999995,nan,-0.43754,-0.42558,nan,-0.43128,nan,-0.47444,-0.44776000000000005,nan,-0.46835,-0.46141000000000004,nan,-0.47393,-0.49012,-0.47468999999999995,nan,-0.49723999999999996,nan,-0.47816000000000003,-0.49135,-0.51549,-0.53288,-0.5080899999999999,-0.51373,-0.50825,-0.51645,-0.53192,-0.50192,-0.51345,-0.51065,-0.50772,-0.51686,-0.5203300000000001,-0.53008,-0.50532,-0.51853,-0.51874,nan,-0.51645,-0.52767,-0.53104,-0.53145,nan,-0.515,nan,nan,-0.51189,nan,-0.53492,-0.51147,-0.50902,nan,-0.5192399999999999,-0.5401600000000001,-0.5614,-0.5441199999999999,-0.55512,-0.55177,-0.5325,-0.53471,-0.5524100000000001,-0.56037,-0.58022,nan,-0.55748,-0.57496,nan,-0.5737300000000001,-0.58555,-0.5980300000000001,-0.58953,nan,-0.59555,-0.58557,-0.59995,-0.61239,-0.61819,-0.61663,-0.59172,-0.59996,-0.5968899999999999,nan,-0.5992,-0.59819,-0.59977,-0.63751,nan,-0.62892,nan,-0.65892,-0.64259,-0.61695,-0.6289600000000001,nan,nan,-0.62708,-0.63355,-0.649,-0.62312,-0.62624,-0.61246,-0.61279,-0.6248,-0.62893,-0.60974,-0.6270399999999999,nan,-0.61445,-0.6181800000000001,-0.62054,-0.6343,-0.6017899999999999,nan,-0.60423,-0.6016699999999999,-0.6109899999999999,nan,-0.5996100000000001,-0.57327,-0.5956899999999999,-0.5896899999999999,-0.57362,nan,-0.53635,-0.5584899999999999,-0.53909,-0.50375,-0.5103,nan,-0.48228999999999994,-0.50127,-0.51259,-0.47803999999999996,-0.49218,nan,nan,-0.42495,-0.42561000000000004,-0.40517,-0.39487,-0.39316999999999996,-0.37278,-0.37051,-0.36616,-0.35017,-0.33907,nan,-0.29285,-0.31927,-0.30324,-0.29127,nan,-0.25445999999999996,-0.23646,-0.23940999999999998,nan,-0.209,-0.19923,nan,nan,-0.15245999999999998,-0.11209000000000001,-0.089076,-0.087033,-0.077199,-0.0751,-0.051348000000000005,-0.052504999999999996,-0.0017809000000000002,0.004132800000000001,nan,0.043648,0.057844000000000007,0.079783,0.059377,nan,0.12599000000000002,0.134,nan,0.15966,0.15078,0.16841,0.21936,nan,0.25595,0.26935,nan,0.30093000000000003,0.33582,0.33479000000000003,0.36152,0.38273,0.38401,0.41855,0.4365,0.44742,0.4448,0.46262,0.51605,0.55155,0.56433,0.57795,0.5753699999999999,0.60921,0.6263,0.61069,0.6514300000000001,0.68534,0.68708,0.71222,0.7286600000000001,0.72647,0.7478600000000001,nan,0.7770699999999999,0.78025,0.8183600000000001,0.79579,0.79814,0.8494200000000001,nan,nan,0.91937,0.9026799999999999,0.94183,0.97078,0.97555,1.0199,1.0357,1.0483,1.0455,1.0471,1.0857,1.1265,1.1246,1.1704,1.196,1.1985,1.2201,1.2259,1.2881,1.3163,1.3221,1.3443,1.3439,nan,1.4155,1.4647,1.4879,1.5142,1.5027,1.5192,1.5656,nan,1.5926,nan,1.6799,1.7091,1.7038,1.7471,nan,1.7504,1.8030000000000002,1.8088,1.8246,nan,1.8738,1.9007,nan,1.9380000000000002,1.936,1.9257,1.9373,1.9516,1.9862,1.9943,2.0009,2.0082,nan,2.0387,2.0526,2.0764,2.051,2.072,2.0905,nan,2.0898,nan,nan,2.0799,2.0986,2.105,2.0998,2.0873,2.092,2.0872,2.077,nan,2.1165,2.0915,2.099,2.1185,2.1024,nan,2.0981,2.0953,nan,2.1097,2.1097,nan,2.0902,2.0735,2.0952,2.102,2.0903,2.105,2.0755,nan,nan,2.0697,2.0799,2.08,nan,nan,2.0566,2.0565,2.0324,2.0375,2.0176,1.9945,1.9958,nan,1.984,nan,nan,nan,1.9579,1.946,nan,1.9388,1.9538,nan,nan,1.9401,1.9269999999999998,1.9148,1.9169999999999998,1.9298,1.9046,1.8883,1.8903,1.8789,1.8687,1.85,1.8579,1.854,1.8224,1.8297,1.8328,nan,1.8046,1.7782,1.768,1.7681,1.768,1.7801,1.7848,1.7676,1.7804,1.7668,1.7502,1.7607,1.7507,1.7628,1.742,1.7343,1.7568,1.7401,1.7414,1.7131,1.7144,1.7291,1.7156,1.7153,1.7125,1.7266,nan,nan,1.7093,1.7041,1.7193,1.7113,1.7182,1.7101,nan,1.729,1.7145,1.7145,1.7047,1.6996,1.7071,nan,nan,1.7086,1.7025,1.6986,1.713,1.7028,1.696,1.7097,1.6737,1.7049,1.6877,nan,1.7161,1.7021,1.7128,nan,1.6893,1.6964,1.71,1.7141,1.6903,nan,nan,1.6776,nan,1.7257,1.7147,nan,1.6878,1.7134,1.7047,nan,1.7180000000000002,1.7071,nan,1.6926,1.7109,1.7123,1.6995,1.7272,1.7376,1.7145,nan,nan,1.6873,1.7159,1.6899,1.7171,1.7384,1.7028,1.7201,nan,1.712,1.7153,1.7183,1.7294,1.7081,1.7048,1.7145,nan,nan,1.7141,1.7158,1.7043,1.7014,nan,1.7076,1.7211,nan,nan,1.7256,1.7158,nan,1.7104,1.7183,nan,nan,1.7014,1.7276,1.7091,nan,nan,nan,1.7158,1.7073,1.7095,1.7381,1.7165,1.7249,nan,1.7125,1.7146,1.7155,1.7286,nan,nan,1.719,1.725,1.7126,1.7047,1.7201,nan,1.6986,1.7107,1.7089,1.7071,1.7099,1.6901,nan,1.7024,1.7147,nan,1.716,1.6827,1.6819,1.6902,1.6923,1.6707,1.6756,1.7079,1.6771,1.6797,1.6897,1.6874,1.6737,1.6755,1.6754,nan,1.6754,1.6452,nan,1.6587,1.6483,1.6230000000000002,1.6273,1.6392,1.6289,1.6234,1.6385,1.6324,1.6208,1.6218,1.6215,1.6214,1.6115,1.5926,1.6193,1.6111,1.6112,1.5898,1.5898,1.5848,1.5721,nan,nan,1.5913,1.6053,1.5807,nan,nan,nan,1.5569,1.5618,nan,1.5439,nan,1.5422,1.525,1.5289,1.5331,1.5377,1.5077,1.5023,1.5172,nan,nan,1.5024,1.4869,1.5,1.4989,1.5145,1.5031,1.5119999999999998,1.5049,1.5116,nan,nan,1.5197,1.4965,1.5027,1.5011,1.5149,1.5022,1.4979,1.5278,1.5087,1.4887,1.4868,1.489,nan,1.5179,1.492,1.4604,1.4758,nan,nan,1.4571,1.4335,1.4338,1.4231,1.4186,1.4366,1.4113,1.4187,1.4074,nan,1.3976,1.3897,nan,1.3706,1.3613,1.3407,1.3555,1.3393,1.3408,nan,1.3278,1.3181,1.2909,1.2883,1.2776,1.2852,nan,1.2770000000000001,1.2324,1.2202,1.2428,1.2422,1.22,1.2345,1.2044,1.167,nan,1.1861,1.1431,1.1509,nan,1.1491,1.1426,1.1155,1.0828,1.082,1.0743,1.0475,1.057,1.0332,nan,1.046,1.0473,1.0095,nan,0.9932,0.96396,0.97164,0.9539,nan,0.91637,0.9268299999999999,0.90175,0.8840600000000001,0.88695,0.8669100000000001,0.84596,0.83119,0.80455,0.8324299999999999,0.8084899999999999,0.8073,0.7908,0.81896,0.7799,0.75088,0.7673399999999999,0.74484,0.73168,0.7097899999999999,0.7107100000000001,0.6978300000000001,0.69688,0.6707,0.64481,0.61869,0.6323,0.59904,0.59695,0.61347,0.59139,nan,0.5717,0.54467,0.53249,0.52472,0.49896999999999997,0.45361999999999997,0.47513999999999995,0.46855,0.44431000000000004,0.44427,0.44692,0.42107,0.41731999999999997,0.41056000000000004,0.39482,0.38705,0.36045,nan,nan,0.32487,0.30332,0.27865,0.27191,nan,nan,0.25708000000000003,0.23160999999999998,nan,0.21419000000000002,0.17693,0.19066,0.17537,0.15825999999999998,0.14042000000000002,nan,0.11930999999999999,0.10371,0.12135,nan,0.09407599999999999,0.053963,0.055433,0.043569,0.046011,0.007568300000000001,0.013468,-0.0053028,nan,-0.023773,nan,nan,-0.055104999999999994,-0.076579,nan,-0.083373,-0.10094,-0.095186,-0.15915,nan,-0.17037,nan,-0.1914,-0.17717,-0.19163,nan,-0.25529,-0.25008,nan,-0.28895,-0.29033000000000003,nan,-0.32123,-0.34611,-0.34342,-0.33238,nan,-0.37038000000000004,-0.36845,-0.39355999999999997,-0.38937,-0.38835,-0.4072,-0.41093,-0.40643,-0.41994,-0.44228,nan,-0.48073,-0.49488000000000004,-0.50469,-0.49275,-0.51794,-0.50737,-0.5130100000000001,-0.5309,-0.52956,-0.53132,-0.53361,-0.5622,nan,-0.57967,-0.6027899999999999,-0.59399,-0.60111,-0.5942,nan,-0.6139399999999999,-0.61331,-0.6121300000000001,nan,-0.6470899999999999,-0.65433,-0.64691,-0.66209,-0.66192,-0.67655,-0.69471,-0.68765,-0.69257,-0.6903100000000001,-0.71155,-0.7158899999999999,-0.70744,-0.7337899999999999,-0.71996,-0.73252,-0.71045,nan,nan,-0.73506,-0.74735,-0.74062,-0.7526,-0.78769,-0.7925399999999999,-0.7676,nan,-0.8107300000000001,-0.8001,-0.81342,-0.80135,-0.7855,nan,-0.8218700000000001,-0.78874,nan,-0.8388399999999999,nan,-0.8347600000000001,-0.85749,-0.8432700000000001,nan,-0.84978,-0.84009,-0.8539,-0.8549,-0.8805,-0.8559899999999999,-0.84967,-0.8781100000000001,-0.86785,-0.87095,-0.8841600000000001,-0.8696200000000001,-0.89435,-0.8721899999999999,nan,-0.90484,nan,-0.9033899999999999,-0.8775700000000001,-0.8942700000000001,-0.8796200000000001,nan,nan,-0.8799100000000001,nan,-0.88674,-0.90374,-0.8987299999999999,-0.88718,-0.89638,nan,-0.8868299999999999,-0.90548,-0.86629,-0.85687,nan,-0.8909999999999999,-0.8668,-0.89289,-0.88103,-0.88861,nan,-0.88151,-0.88087,-0.90895,-0.8811200000000001,-0.8673,nan,-0.8655799999999999,-0.8789399999999999,nan,nan,-0.88125,-0.8938799999999999,nan,-0.8790399999999999,nan,-0.89845,-0.85869,-0.86595,-0.8834,-0.8741399999999999,nan,-0.87231,-0.8593700000000001,-0.8507399999999999,-0.85229,-0.8351200000000001,-0.84351,-0.8523799999999999,-0.8269299999999999,-0.84098,-0.82324,nan,-0.80648,-0.82668,-0.8176800000000001,-0.8033399999999999,-0.8370200000000001,nan,-0.8251200000000001,-0.8163699999999999,-0.81619,-0.7862600000000001,-0.8133600000000001,-0.80047,-0.82715,-0.8023600000000001,nan,-0.79513,nan,-0.81385,-0.81457,nan,nan,-0.80712,nan,-0.80784,-0.8014,-0.8095399999999999,-0.8012199999999999,nan,nan,-0.78751,nan,-0.79501,-0.79055,-0.79228,-0.79582,-0.76971,-0.78428,-0.8104399999999999,-0.8004,-0.78069,-0.78742,-0.78358,-0.78737,-0.78454,-0.7884899999999999,nan,-0.78869,-0.7724,nan,-0.77936,-0.79957,nan,-0.77515,-0.73246,-0.74951,-0.7409600000000001,-0.7226199999999999,nan,-0.73548,-0.7574,-0.7159399999999999,-0.72036,nan,-0.72059,-0.69411,-0.70102,-0.69782,-0.69008,-0.70033,-0.74112,-0.6775100000000001,nan,-0.63194
6.0,0.19716,-0.0059791,-0.032948000000000005,0.09141,0.016999,0.021255,0.049582,0.021536000000000003,0.040096,0.056047,0.050414999999999995,0.03932,0.035651,0.064346,0.078548,nan,0.06776900000000001,0.06286599999999999,nan,0.076399,0.09701599999999999,nan,0.086375,0.097366,0.10185,nan,0.10107999999999999,nan,nan,0.092351,0.092537,0.10076,0.095984,0.08074400000000001,0.080039,0.09765800000000001,0.10390999999999999,nan,0.064924,0.082868,0.089438,nan,nan,0.094168,0.087739,0.087766,0.093538,0.085515,nan,nan,0.087818,0.076813,0.051370000000000006,nan,0.10145,0.083121,0.081941,0.08857999999999999,0.068442,0.064272,nan,0.052983,0.067846,0.087362,0.075305,nan,0.049311,0.040168,0.040102,nan,0.052853,0.041260000000000005,0.041552,0.041815,nan,0.020368,0.019972,0.018771,nan,0.020645,0.018716999999999998,0.017787,0.027912,nan,0.016821,0.0066238,0.01174,0.00322,-0.015629,nan,-0.0039844,nan,-0.020721,-0.013868,-0.030506000000000002,-0.05152999999999999,-0.041678,-0.027536,-0.036556,-0.047116000000000005,-0.054664,-0.064578,-0.06402200000000001,-0.06574400000000001,-0.076811,-0.07619400000000001,-0.075602,-0.090325,nan,nan,-0.079501,-0.08924,-0.07346799999999999,-0.083817,-0.10101,-0.078136,-0.085484,nan,nan,-0.10162,-0.1124,-0.11057,nan,-0.14904,-0.14790999999999999,-0.16263,-0.16768,-0.15947999999999998,-0.16694,-0.16825,-0.17298,-0.19249000000000002,-0.18824000000000002,nan,-0.20586,-0.21899999999999997,-0.21483000000000002,-0.21966,-0.2132,-0.19116,-0.19943,-0.22713000000000003,nan,-0.20138,-0.20642,-0.21206,-0.22565,-0.24270999999999998,-0.23345,-0.22687,-0.24595,-0.2634,-0.26666,nan,-0.25501,-0.24957,-0.2581,-0.27826,-0.28759,-0.28808,nan,-0.31568,-0.29481,-0.29134,-0.31201,-0.31092,-0.3186,-0.33721999999999996,-0.32047,nan,-0.31372,-0.31164000000000003,-0.31856999999999996,-0.32177,-0.31296999999999997,-0.3245,-0.33758,-0.33712,-0.33724,-0.32715,-0.32592,-0.3522,-0.36330999999999997,-0.35973,-0.36943000000000004,-0.37158,-0.37116,-0.38372,-0.38541,nan,-0.37126,-0.36863,-0.37562,-0.38394,-0.3835,-0.38175,-0.38201999999999997,-0.38377,-0.3891,nan,-0.40874,-0.40922,-0.39878,-0.39582,nan,-0.41242,-0.42163999999999996,nan,nan,nan,nan,-0.4451,-0.43833,-0.44336000000000003,nan,nan,-0.47501000000000004,nan,-0.48013,nan,-0.47877,nan,-0.46807,-0.47886000000000006,nan,-0.48013999999999996,-0.49173,-0.49112,-0.48522,-0.49283000000000005,-0.50312,nan,-0.51976,-0.52474,-0.51471,-0.51599,-0.52558,-0.51676,-0.5065,nan,-0.5261899999999999,-0.51879,-0.53537,-0.5493,-0.5294300000000001,-0.524,-0.5393899999999999,-0.5381100000000001,-0.53799,-0.55429,nan,-0.5523,-0.54697,-0.5635600000000001,-0.56792,-0.54062,-0.5413100000000001,-0.57047,-0.56575,-0.56343,-0.58431,-0.5715,-0.5566800000000001,-0.5753,-0.57718,-0.56598,-0.57629,-0.58504,-0.5743699999999999,-0.57631,-0.60568,-0.6232,nan,-0.59732,-0.59539,-0.5907,-0.58416,-0.5996600000000001,-0.6270100000000001,-0.62675,-0.60988,-0.612,-0.62215,nan,-0.62432,-0.63759,nan,-0.64256,-0.64344,-0.64137,-0.63293,-0.62758,-0.63345,-0.64462,nan,-0.6361,-0.63215,nan,-0.64837,-0.6569699999999999,-0.65714,-0.64931,-0.66115,-0.66937,-0.6472399999999999,-0.64552,-0.6562899999999999,nan,-0.6472100000000001,-0.65533,-0.6532600000000001,-0.67148,-0.672,-0.64544,nan,-0.67335,-0.66802,-0.6644899999999999,nan,-0.66774,nan,-0.68202,nan,-0.6681600000000001,-0.67402,-0.6775899999999999,-0.67997,-0.68645,-0.69314,-0.7056,-0.7154,-0.70508,-0.7043699999999999,-0.71549,-0.70502,-0.70545,-0.72745,-0.72852,-0.71726,-0.69992,-0.68699,-0.70894,-0.72531,-0.70594,nan,-0.72154,nan,-0.72287,-0.7268,-0.72544,-0.7158399999999999,-0.71278,-0.7145699999999999,nan,-0.7185199999999999,nan,-0.7390100000000001,nan,-0.71224,-0.70394,-0.71902,-0.72955,-0.72313,-0.71567,-0.7126899999999999,-0.7147899999999999,-0.71625,-0.7056600000000001,-0.70117,-0.71729,-0.72725,-0.71329,-0.70208,nan,-0.71808,-0.7102,-0.70381,-0.70668,-0.7201,-0.72687,nan,nan,-0.7228600000000001,-0.7041,-0.70657,-0.71505,-0.71508,-0.7226600000000001,-0.7197399999999999,-0.7038300000000001,-0.6999,-0.70202,-0.7034699999999999,-0.70421,-0.69217,-0.69406,-0.72301,-0.72714,-0.70294,-0.7043,-0.72202,-0.72034,-0.7157100000000001,-0.72419,-0.7166100000000001,-0.69925,-0.71135,-0.72409,-0.7015100000000001,-0.69167,-0.71585,nan,-0.7152,nan,nan,nan,-0.6994,-0.71834,-0.72435,-0.7165600000000001,-0.7103,nan,-0.72659,-0.71743,-0.7106399999999999,-0.71601,-0.71609,-0.71048,-0.71686,-0.7168100000000001,-0.7014199999999999,-0.70741,-0.71549,-0.6944600000000001,-0.69442,-0.71765,nan,-0.66781,-0.69106,-0.72596,nan,-0.68355,nan,-0.71816,-0.70102,-0.69062,-0.69897,-0.70948,nan,-0.71615,-0.7020000000000001,-0.68058,-0.6801,-0.6823600000000001,nan,-0.68382,-0.7142,nan,-0.67838,-0.70102,-0.69275,nan,-0.6917,-0.7037,-0.6983600000000001,nan,-0.68893,-0.65705,-0.6783399999999999,-0.71506,-0.69079,-0.68134,nan,nan,-0.6977,-0.7035600000000001,-0.6926899999999999,-0.6895399999999999,nan,nan,-0.7109800000000001,-0.70381,-0.6694899999999999,-0.68518,-0.70658,nan,-0.68591,nan,-0.68967,-0.68994,-0.6897300000000001,-0.6903199999999999,-0.69193,-0.6816,nan,-0.67991,-0.68466,-0.69817,-0.7016899999999999,-0.69092,-0.6954,-0.7018399999999999,-0.69245,nan,nan,-0.69202,-0.68377,nan,-0.68367,-0.71315,-0.69789,-0.67486,-0.6886800000000001,nan,-0.68712,-0.69215,-0.6904600000000001,-0.68917,-0.69105,-0.6892199999999999,-0.69194,-0.68804,nan,-0.70329,-0.69311,-0.6797,-0.69724,nan,nan,-0.68069,-0.6983699999999999,-0.68621,-0.6784100000000001,-0.67911,-0.67495,nan,nan,-0.68628,-0.6905600000000001,-0.66379,-0.64683,-0.65847,-0.65889,-0.6412100000000001,-0.64872,nan,-0.6594399999999999,nan,nan,-0.66914,nan,-0.66851,-0.66818,-0.66523,-0.6674800000000001,-0.66838,-0.67114,-0.68186,-0.67937,-0.65858,-0.65596,-0.66961,-0.6691,-0.6636,-0.66873,nan,-0.66303,-0.67169,-0.68002,-0.66267,-0.6484,-0.65798,-0.6669,-0.665,-0.6685300000000001,-0.66909,-0.6620199999999999,-0.67292,nan,nan,-0.6599,-0.68021,-0.6644,-0.63972,nan,-0.66598,-0.66519,nan,-0.63262,-0.63741,-0.6441399999999999,-0.6443,nan,-0.6560600000000001,-0.6371,-0.6197600000000001,-0.63271,-0.64282,-0.63303,-0.6284,-0.63051,-0.63249,nan,nan,-0.6217600000000001,-0.6311,-0.62348,nan,nan,-0.60672,-0.61556,-0.63245,-0.61345,-0.60623,-0.60649,-0.58604,-0.59197,-0.61022,nan,-0.59136,-0.59541,-0.58522,-0.57807,nan,-0.6093,-0.59254,-0.5655,-0.58177,-0.60875,-0.5875100000000001,-0.56888,-0.5854,-0.5873,nan,-0.57329,nan,-0.57527,-0.56943,-0.56047,-0.5744100000000001,-0.58175,-0.56299,-0.55542,-0.56185,-0.5474899999999999,-0.5405800000000001,-0.57038,-0.58219,-0.56319,nan,nan,-0.55135,-0.5412899999999999,-0.55557,-0.56189,nan,nan,-0.5455300000000001,-0.54465,-0.5642,nan,-0.5157,-0.52512,-0.53683,-0.5254,-0.5303399999999999,-0.53963,nan,-0.5278,-0.51239,-0.51937,nan,-0.54569,-0.52893,-0.52595,-0.51679,-0.50958,-0.51549,nan,nan,-0.50703,-0.49068,nan,-0.51985,nan,-0.49927,-0.50592,-0.49891,-0.46961,-0.47284,nan,-0.48063,-0.47496000000000005,-0.49905,-0.50345,nan,-0.47978000000000004,-0.4907,-0.48848,nan,-0.48523999999999995,-0.46747,nan,-0.49068999999999996,-0.47935,-0.47317,-0.47672,-0.46648,nan,-0.516,-0.51973,-0.48291999999999996,-0.47241000000000005,-0.47598,nan,nan,-0.47751000000000005,-0.47885,-0.48748,-0.48195,-0.46337,-0.45519,-0.45124,-0.45725,-0.46758,-0.45161,-0.43983,-0.46918999999999994,-0.48486999999999997,nan,-0.44442,-0.46521,-0.44751,nan,-0.41700000000000004,-0.43226000000000003,-0.42563999999999996,nan,nan,-0.44771000000000005,-0.43103,-0.44306999999999996,nan,-0.40798,-0.43883,-0.44273,nan,-0.4207,-0.41908999999999996,-0.42038000000000003,-0.43191,-0.43138999999999994,-0.42738999999999994,-0.43012,-0.42206000000000005,-0.41205,-0.42645,-0.44348000000000004,-0.43406999999999996,nan,-0.44458000000000003,nan,-0.4361,-0.44409,-0.42738000000000004,-0.39988,-0.46308999999999995,-0.52633,-0.45876000000000006,nan,-0.43366000000000005,-0.43646999999999997,-0.4228,-0.43206999999999995,-0.43109,-0.42928,nan,-0.43005,-0.44256999999999996,-0.4331,-0.43238000000000004,-0.46128,nan,-0.4432,-0.46358999999999995,-0.45601,nan,-0.46437,-0.47641000000000006,-0.47863,-0.49107,-0.48296000000000006,nan,-0.46743999999999997,-0.48173,-0.50572,-0.49128999999999995,-0.45653,nan,-0.4978,-0.5032,-0.5089100000000001,-0.5120899999999999,-0.50034,-0.49022,-0.48936999999999997,-0.50849,-0.53509,nan,-0.51994,-0.52581,-0.5269699999999999,-0.51808,-0.5143800000000001,-0.51321,-0.51423,-0.52977,-0.55672,-0.57167,-0.57102,-0.57403,-0.57506,nan,-0.5754,-0.58575,-0.57209,-0.5781,-0.60638,-0.59585,-0.58209,-0.59632,-0.59596,-0.59682,-0.59649,nan,nan,-0.63395,-0.6229899999999999,-0.62531,-0.64846,-0.64554,-0.63734,-0.6479199999999999,-0.65695,-0.6616,nan,-0.67807,-0.66892,-0.6652600000000001,nan,-0.6768,nan,-0.71897,nan,-0.71049,-0.71965,-0.72638,-0.7249899999999999,-0.72526,nan,nan,-0.7560100000000001,-0.7580100000000001,-0.7514,-0.7643,-0.77877,-0.78713,-0.80388,nan,-0.80813,-0.80895,nan,-0.84336,nan,-0.83531,-0.83731,-0.8584799999999999,nan,-0.8864299999999999,nan,-0.8918200000000001,-0.90386,-0.9144399999999999,-0.90491,nan,-0.92691,-0.92858,-0.94647,-0.9421,-0.9255399999999999,-0.9440299999999999,nan,-0.97749,-0.98688,-0.9788100000000001,-0.97315,nan,nan,-1.0156,-1.0239,-1.0386,-1.0631,nan,-1.0578,-1.0705,-1.0809,-1.0823,nan,nan,-1.0909,-1.0887,-1.1034,nan,-1.1286,nan,-1.117,-1.1415,-1.1671,-1.1803,-1.1886,-1.1888,-1.1774,-1.1781,-1.1969,-1.2021,nan,-1.2004,nan,-1.2287,-1.2355,-1.2409,-1.2549,nan,-1.2467,-1.252,-1.2565,nan,-1.2559,-1.2808,-1.2814,-1.2604,-1.2622,nan,-1.295,-1.284,-1.2796,-1.273,-1.2563,-1.2646,nan,-1.2743,-1.2657,-1.2721,-1.2788,nan,-1.2902,-1.2733,nan,-1.2741,nan,-1.2812,-1.2789,nan,-1.2827,-1.2732,-1.2705,-1.281,-1.2828,-1.2795,-1.2956,-1.3013,-1.2726,-1.26,-1.278,-1.2757,-1.2711,-1.2822,-1.2627,-1.2386,-1.2479,nan,-1.2034,nan,-1.2205,-1.2173,nan,-1.2126,-1.1938,-1.1646,-1.1537,nan,-1.1348,-1.1414,nan,-1.0917,-1.0986,-1.1195,-1.0893,-1.0853,-1.1067,-1.0652,-1.0398,-1.0592,-1.0351,nan,-1.0095,-0.98344,-0.9577100000000001,-0.9656399999999999,nan,-0.91971,-0.9206200000000001,-0.94035,nan,-0.88471,-0.87946,-0.8644700000000001,nan,-0.8207899999999999,nan,-0.79977,-0.77432,-0.76332,nan,-0.70755,-0.68818,nan,-0.6304,-0.5985199999999999,-0.56622,-0.53999,-0.5354899999999999,-0.52642,nan,-0.4443,-0.41636999999999996,-0.38899,-0.37226,-0.35078000000000004,-0.28986999999999996,-0.22216999999999998,nan,nan,-0.15446,nan,-0.084347,-0.040581,-0.0065452,0.029552999999999996,0.072238,0.095269,0.13198,nan,0.20535,0.24744000000000002,0.30523,0.33764,nan,0.44451,0.4829,0.52847,nan,0.6178100000000001,0.66701,0.71229,0.7403,nan,0.8368,nan,nan,1.0044,1.0562,1.1135,1.1407,nan,1.2258,1.2681,1.3172,1.3909,nan,1.4883,1.5374,1.5956,nan,1.6640000000000001,1.7212,1.7936,1.8378,nan,1.9438,1.9769,2.0049,2.0657,2.1175,2.1493,2.2041,2.2621,nan,nan,nan,nan,2.4612,2.5131,2.576,2.6251,2.6653,nan,2.7561,2.813,2.8399,nan,2.9203,2.9798,2.998,3.0231,nan,3.1161,3.1399,3.1653,3.1884,3.2222,nan,3.2654,3.2904,3.3105,nan,nan,3.3247,3.3179,3.3346,nan,nan,3.3429,nan,3.3316,3.342,3.3273,3.313,3.3067,3.2796,nan,3.2701,3.2545,3.2281,3.2031,nan,3.1628,3.1418,3.1169,nan,3.0619,3.0458,3.0416,3.0059,2.9867,nan,2.9697,2.9267,2.9273,nan,2.884,2.8548,2.8295,2.8061,2.7959,2.7797,2.7439,2.7218,nan,2.7172,nan,2.6793,2.6755,2.6435,2.6169,2.6189,2.616,nan,2.5869999999999997,2.5545,2.5276,2.5254,2.5133,2.4853,2.4785,nan,nan,2.4343,2.4536,2.4356,2.4119,nan,2.4092,2.3739,nan,2.3275,2.3181,2.3095,2.3022,2.292,2.2625,2.242,2.2574,2.2665,2.2503,2.2342,2.2184,2.2013,2.1855,2.1716,2.1718,2.1593,2.1215,2.1119,nan,2.1082,nan,nan,2.0785,2.0688,2.0587,2.0306,2.0063,2.0077,2.0033,1.9848,1.983,1.9787,1.9597,nan,nan,1.9241,nan,1.9073,nan,1.8926,1.8771,1.8773,nan,1.8403,nan,1.8377,1.8395,nan,1.8155,1.8025,1.7777,nan,1.7344,1.7395,nan,1.735,1.7258,1.7171,nan,nan,1.7225,1.7062,1.6959,1.7027,1.6909,nan,1.6603,1.6597,nan,1.6266,1.6292,1.6258,1.6169,1.6138,nan,1.6058,1.5871,1.5787,nan,1.5733,1.5624,1.5547,1.5537,1.5626,1.567,1.5498,nan,1.5202,nan,1.5074,1.4874,1.4855,1.4958,1.4923,nan,nan,1.4763,1.4541,nan,1.459,1.4591,1.4482,1.4471,1.4523,nan,1.4222,1.3907,1.3782,nan,1.3961,1.3838,1.3659,1.3630000000000002,1.3747,1.3776,1.3605,1.3446,1.345,1.3447,1.3302,1.3139,1.3068,1.3011,1.2865,1.2702,1.2616,1.2594,1.2606,1.2601,1.2641,1.2781,1.2724,1.2452,1.235,1.2217,nan,1.181,1.2052,1.1955,1.1695,1.1678,1.1659,1.1485,1.1440000000000001,nan,1.1486,1.1338,1.1314,1.1408,nan,1.1221,1.1059999999999999,1.1102,nan,1.0696,1.0617,1.0532,1.047,nan,1.0301,1.0067,1.0,0.99187,0.99031,nan,0.9767399999999999,0.98485,0.98669,0.96729,0.96736,0.95842,0.9307799999999999,0.93661,nan,0.8922700000000001,0.89085,0.92389,nan,0.87541,nan,nan,0.8621700000000001,0.8444200000000001,0.85005,0.8455600000000001,0.82809,0.8229299999999999,0.82205,0.81403,0.8042699999999999,0.78028,0.75329,nan,0.76477,0.75148,0.7480399999999999,0.7559899999999999,0.74995,0.74064,0.7408600000000001,0.7385,nan,0.74427,0.73459,0.72746,0.73627,nan,0.6801,nan,0.70416,0.6751699999999999,0.65861,0.6520199999999999,0.6432100000000001,0.6440100000000001,nan,0.64105,0.6202,0.60045,0.60253,nan,0.60126,nan,0.58512,0.5755100000000001,0.56748,0.56089,0.56184,0.56663,0.5553899999999999,nan,0.5547300000000001,0.53127,0.51507,0.5264,0.51831,0.49487,0.47945,0.4754,0.49378,0.50183,nan,0.48628000000000005,0.4884,0.45963000000000004,nan,0.49328999999999995,0.49128,0.4577,nan,0.44455,0.44833999999999996,0.43209,0.42058999999999996,0.43073,0.4335,0.41328000000000004,0.4073,0.42912,0.42746000000000006,nan,nan,0.41271,nan,0.37568,0.38129,0.38255,0.35131999999999997,0.34214,nan,0.34765,0.33474,0.35136999999999996,0.36066,0.34204,nan,0.33865,0.32769000000000004,nan,0.33469,0.33619,nan,0.31325,0.31393000000000004,0.30588000000000004,0.29577,0.28835,0.27955,0.28343,0.29456,0.27817,0.25547,0.26466,0.26436,nan,0.23321999999999998,0.22741,0.19829000000000002,0.19947,0.21009,0.19509,nan,0.19938,0.19462000000000002,0.19503,0.19789,nan,0.19576,nan,nan,0.14761,0.1527,0.13995,0.12460999999999998,0.13442,0.13468,nan,nan,0.1159,0.096857,0.099637,0.10707,nan,0.088642,0.09997,0.09933099999999999,0.087422,0.08819,0.088712,0.073101,0.065176,0.071136,0.057263,0.029269,0.020156,nan,0.019379,0.028727,0.035485,0.027891000000000003,0.008919,nan,nan,nan,-0.0026476,nan,0.0063159999999999996,-0.0097184,-0.031694,nan,-0.04143,-0.036342,nan,-0.065612,-0.066754,-0.061068,nan,-0.066319,-0.056462,-0.05248200000000001,-0.062425,nan,-0.074225,-0.07634500000000001,-0.08256000000000001,-0.091041,-0.10106,-0.094775,-0.06895,-0.068108,-0.095692,-0.10275,-0.097962,-0.10073,-0.091148,-0.086758,-0.10167999999999999,-0.10999,nan,nan,-0.12497,-0.11272,-0.1131,-0.12286,-0.12788,-0.14095,-0.14758,nan,-0.1267,-0.16717,-0.18547,-0.16295,nan,-0.18204,-0.17377,-0.17097,-0.18328,-0.16702999999999998,-0.15404,-0.17404,nan,-0.17175,-0.17135,-0.18173,-0.18142,-0.18295,-0.19544,-0.20302,-0.20675,-0.20628000000000002,nan,-0.21209,-0.21848,-0.21806999999999999,nan,-0.22436,-0.19622,-0.18178,-0.2132,-0.22885999999999998,nan,-0.19513,-0.22585,nan,-0.23464000000000002,-0.22457,nan,-0.22341999999999998,-0.23104,-0.2298,-0.23423000000000002,-0.25234,-0.25004,-0.23091,-0.23305,-0.2422,-0.24206,-0.24859,nan,-0.24185,nan,-0.2384,nan,-0.22637,-0.23789000000000002,-0.23965999999999998,-0.24088,nan,-0.28255,-0.27713000000000004,-0.26402,-0.26796,nan,-0.25253000000000003,-0.26083,-0.26294,-0.25381,-0.26597,nan,-0.26684,-0.26200999999999997,-0.26845,-0.27858,-0.28793,nan,-0.27536,-0.27726,-0.26831,-0.26703000000000005,-0.2895,-0.2952,-0.27464,-0.26655999999999996,-0.27489,-0.27119,-0.26506,nan,nan,nan,-0.26676,-0.26954,-0.28276999999999997,-0.28891,-0.27203,-0.25440999999999997,-0.25458000000000003,-0.26369000000000004,-0.27168000000000003,-0.27683,nan,-0.27483,-0.27652,-0.27702,nan,-0.24053000000000002,-0.24431999999999998,-0.26256999999999997,-0.27058000000000004,nan,-0.26905999999999997,-0.23484000000000002,nan,-0.25501,-0.25238,-0.25906999999999997,-0.26421,-0.24408000000000002,-0.24481999999999998,-0.25178,-0.23199,-0.22934000000000002,nan,-0.24231999999999998,-0.22746999999999998,-0.23625,-0.25615,-0.2567,-0.2426,nan,-0.24319000000000002,-0.2297,nan,nan,nan,-0.23106999999999997,-0.24214000000000002,-0.22553,-0.20805,-0.22445,-0.24151,-0.23314000000000001,-0.22909000000000002,-0.24222,-0.23825,-0.21485,nan,-0.22299000000000002,nan,-0.22641999999999998,-0.21884,-0.21811999999999998,nan,nan,nan,-0.19049000000000002,-0.19585999999999998,-0.21161999999999997,-0.22284,-0.21547,-0.20606,-0.21155,-0.21902,-0.21919,nan,-0.23144,-0.23,-0.23294,-0.25328,-0.24993,-0.22941,-0.24094000000000002,-0.25329,-0.24276999999999999,-0.24625,nan,-0.24216,-0.23106,-0.22446999999999998,-0.23268000000000003,-0.25984,-0.26545,-0.24808000000000002,nan,-0.26599,-0.25773,-0.24269000000000002,-0.23954,-0.23988,nan,nan,-0.24534,nan,-0.2262,-0.24816999999999997,nan,-0.24264000000000002,-0.24276999999999999,nan,-0.23105,-0.24935,-0.24921,-0.24065,nan,-0.25494,-0.25204,-0.2546,-0.25071,-0.25795999999999997,-0.26618,-0.25506999999999996,nan,-0.26719,-0.2663,-0.2647,-0.26281,nan,-0.25679,-0.27331,-0.29035,-0.2921,-0.27586,-0.26474000000000003,-0.26559,-0.26263000000000003,-0.26819,-0.27723000000000003,-0.27286,nan,-0.28941,-0.26964,-0.26625,-0.27764,-0.27547,-0.28664,-0.30234,-0.29128000000000004,nan,-0.29197,-0.28973000000000004,-0.28221999999999997,-0.30071,-0.3126,-0.29327,-0.28641,-0.30622,nan,-0.30399,-0.29712,-0.29003,-0.2834,-0.29778000000000004,nan,-0.30496999999999996,-0.29399000000000003,-0.30417,-0.31335,-0.30548000000000003,-0.29662,nan,-0.28371999999999997,-0.29682,-0.31428,-0.30596,-0.28991,-0.28962,-0.29898,-0.3036,-0.29453,nan,-0.27182,-0.28048,-0.28998,-0.29655,-0.30373,-0.29815,-0.28841,-0.2943,-0.30058,nan,-0.30899,-0.30789,-0.2887,-0.28268000000000004,-0.29688000000000003,-0.29969,-0.28956,-0.29665,-0.29914,nan,-0.31317,-0.28406,nan,-0.32421,-0.23817,-0.34287,nan
2.0,-0.36932,-0.68933,-0.45245,-0.6240399999999999,-0.56188,-0.56258,-0.602,nan,-0.57845,-0.60027,-0.62241,-0.6066199999999999,-0.58838,nan,-0.60396,-0.60759,nan,-0.67133,-0.62661,-0.62484,nan,nan,-0.64854,nan,-0.6905100000000001,-0.68634,-0.68843,-0.69028,nan,-0.69693,-0.67288,nan,-0.7102,-0.69628,-0.71968,-0.73869,nan,-0.70307,nan,-0.77262,-0.74462,-0.75585,-0.73501,-0.75845,-0.81703,nan,nan,-0.82171,-0.8207200000000001,-0.8236399999999999,nan,-0.84425,-0.81897,-0.8386899999999999,-0.8502200000000001,-0.8195399999999999,-0.8587600000000001,-0.86631,-0.80797,-0.8311,-0.8562299999999999,-0.83539,-0.86019,nan,nan,-0.85083,-0.8522299999999999,-0.86324,-0.89225,-0.8911600000000001,-0.87715,-0.84834,-0.8410200000000001,-0.9006200000000001,nan,-0.9077200000000001,nan,nan,-0.89115,-0.90049,-0.89081,-0.9275,-0.9093600000000001,-0.88559,-0.91143,-0.9221600000000001,-0.88938,nan,-0.9247,-0.8931100000000001,nan,nan,-0.9214399999999999,nan,-0.9039799999999999,-0.89065,-0.89976,nan,-0.91345,-0.9004,nan,-0.8919,-0.93729,-0.92996,-0.91794,nan,-0.9259200000000001,nan,-0.9259200000000001,-0.9205200000000001,-0.9237,-0.91986,-0.9228299999999999,-0.9229999999999999,-0.9253899999999999,-0.92369,-0.9217299999999999,-0.9217799999999999,-0.92111,-0.9230700000000001,-0.9241299999999999,-0.9237299999999999,nan,-0.9422299999999999,-0.9345399999999999,-0.9454299999999999,nan,-0.94275,nan,-0.9200799999999999,-0.9292299999999999,nan,-0.93695,-0.9434100000000001,-0.9719700000000001,nan,-0.93979,-0.94519,-0.95916,-0.95704,-0.9592299999999999,-0.9591799999999999,-0.9518700000000001,-0.9677899999999999,-0.9627899999999999,nan,-0.96086,-0.96265,nan,-0.9713200000000001,-0.98341,-0.94619,-0.94142,nan,-0.9406100000000001,nan,-0.9527,nan,-0.96895,nan,nan,-0.9336,-0.9487200000000001,-0.91715,-0.9145399999999999,-0.9608,nan,-0.93722,nan,-0.93994,-0.93311,-0.9232600000000001,-0.92517,-0.9190799999999999,-0.9537399999999999,nan,-0.92576,-0.9377200000000001,-0.92474,-0.9418700000000001,nan,-0.9198799999999999,-0.9430799999999999,nan,-0.9080600000000001,nan,-0.91569,-0.95429,-0.9377700000000001,-0.92165,nan,nan,-0.9409,-0.93053,-0.90514,nan,-0.92384,-0.9233899999999999,-0.9251,nan,-0.94829,-0.91332,-0.91517,nan,-0.9057299999999999,-0.9038799999999999,nan,-0.9230299999999999,-0.91522,nan,-0.90753,-0.9079999999999999,-0.90433,-0.9156,-0.9207799999999999,-0.8908799999999999,-0.89423,nan,-0.8746,nan,-0.93922,-0.9342299999999999,-0.9144100000000001,-0.9088299999999999,-0.92542,-0.8932700000000001,-0.89669,-0.90015,-0.8845,-0.8887299999999999,-0.89125,-0.9200200000000001,nan,-0.8909600000000001,-0.88282,-0.87092,nan,-0.9083399999999999,-0.8894299999999999,-0.8909999999999999,-0.8749100000000001,-0.8821,-0.90489,-0.85864,-0.84944,-0.88445,-0.8793200000000001,-0.87315,-0.89212,-0.8710100000000001,-0.8393700000000001,-0.8670700000000001,-0.85755,-0.8297,-0.87418,-0.8851399999999999,-0.8583799999999999,-0.8721,-0.85283,-0.8279,-0.8475799999999999,-0.8558,nan,-0.85803,-0.84311,-0.8336100000000001,nan,-0.8314600000000001,-0.82425,-0.8569399999999999,-0.84896,-0.81333,-0.85045,nan,nan,nan,-0.82885,-0.78885,-0.81157,nan,-0.85082,-0.83841,-0.81084,-0.7720100000000001,-0.79902,-0.83283,nan,-0.81002,-0.80781,-0.7731100000000001,-0.7872100000000001,nan,-0.75167,-0.74861,-0.72292,-0.75338,-0.7620100000000001,-0.72317,-0.6902699999999999,-0.72238,-0.7339600000000001,-0.69035,-0.71667,-0.70804,-0.66771,nan,nan,-0.6712,-0.68755,-0.6885,-0.68942,-0.6752,-0.67793,-0.70718,-0.69052,nan,-0.67669,-0.66719,-0.6668,-0.6524399999999999,-0.65781,-0.6704,-0.67429,-0.65587,-0.66542,-0.69114,-0.6662,-0.65682,-0.66156,-0.6247,-0.63035,-0.63032,-0.62541,-0.65777,-0.64095,-0.64903,-0.64886,-0.63179,nan,-0.65905,-0.65922,-0.60918,-0.62015,-0.64531,nan,-0.6179100000000001,-0.6060300000000001,-0.61954,-0.61378,-0.5813,-0.5654899999999999,-0.57707,-0.60819,-0.62279,nan,-0.59773,-0.60937,-0.59101,-0.5716899999999999,-0.59091,-0.58962,-0.59624,nan,-0.59826,nan,-0.60293,nan,-0.58191,nan,-0.6016100000000001,nan,-0.5769,-0.60628,-0.563,-0.55487,-0.58906,-0.5785399999999999,-0.57271,-0.59125,-0.59155,-0.57229,nan,-0.5915699999999999,-0.58312,-0.5706100000000001,-0.57308,-0.57404,-0.5643600000000001,-0.5856,-0.57558,-0.5527,-0.5555899999999999,-0.5516399999999999,-0.5866899999999999,-0.55835,-0.53483,-0.5561,-0.5351199999999999,-0.53822,nan,-0.54425,-0.55399,nan,-0.54845,-0.57243,-0.51108,-0.51918,-0.5544899999999999,nan,-0.55342,-0.53533,-0.52293,nan,-0.53268,-0.50372,-0.51418,-0.53813,-0.52372,-0.5332899999999999,-0.54288,nan,-0.52666,-0.53741,-0.5391100000000001,-0.55461,-0.5453899999999999,-0.51275,-0.49563,nan,nan,-0.52374,nan,-0.5108199999999999,-0.48986999999999997,-0.49168999999999996,nan,-0.48782,-0.50168,-0.52446,-0.4988,-0.48208,-0.48813,-0.48773999999999995,nan,-0.48663999999999996,nan,-0.5068199999999999,-0.50068,-0.50655,-0.50541,nan,-0.49785,-0.5080600000000001,-0.49866000000000005,-0.50822,-0.5021100000000001,-0.48854,-0.51667,nan,-0.49583,nan,-0.52169,-0.50534,-0.47323000000000004,-0.47755,-0.5010100000000001,-0.4977,-0.48545,-0.50925,-0.50883,-0.46848999999999996,-0.50338,-0.51902,-0.49956999999999996,-0.5040399999999999,-0.48935,-0.50125,-0.50855,nan,-0.48294,-0.49008999999999997,-0.48651000000000005,-0.47068999999999994,nan,-0.49827,-0.47858,-0.49388999999999994,-0.50569,nan,-0.49137,-0.48078999999999994,-0.49988,-0.49728999999999995,nan,-0.4881,-0.47205,-0.48118,-0.49027,-0.48301000000000005,-0.48846000000000006,-0.48777,nan,-0.5241899999999999,nan,-0.48306000000000004,-0.48327,-0.46803999999999996,-0.4911,-0.5070399999999999,nan,-0.49654,-0.50011,-0.48208,-0.49055,-0.50597,-0.50642,-0.49213999999999997,nan,nan,-0.4849,-0.47171,-0.48333999999999994,-0.50672,-0.48755,-0.49956000000000006,-0.52241,nan,nan,-0.47048,-0.49503,-0.54255,-0.52162,nan,-0.50625,-0.48725,-0.50245,-0.49118999999999996,-0.49401000000000006,-0.49872,-0.47036000000000006,-0.48739,-0.4872,-0.49783999999999995,-0.49706999999999996,nan,-0.50648,nan,-0.48438000000000003,-0.49338000000000004,-0.47012,-0.47778999999999994,-0.48432,-0.47112,-0.45896000000000003,-0.44256,nan,-0.47129,-0.44068999999999997,-0.47,-0.43978,nan,-0.4466,-0.4457,-0.44128999999999996,nan,nan,-0.42200000000000004,-0.45869,-0.45457,nan,-0.47266,-0.43151000000000006,-0.42178000000000004,-0.43501000000000006,-0.44198999999999994,-0.41766000000000003,-0.39983,nan,-0.40576999999999996,-0.42155,-0.4053,-0.41181,nan,-0.40074,nan,nan,-0.39818000000000003,-0.40753,nan,-0.36039,-0.3798,nan,-0.35928000000000004,-0.36061,-0.36908,-0.34154,nan,nan,-0.33886,nan,-0.36562,-0.36858,-0.33699,nan,-0.35586999999999996,-0.35475999999999996,-0.35572,-0.33391,-0.31454,-0.31906999999999996,-0.32135,nan,nan,-0.33647,-0.34439000000000003,-0.31377,nan,nan,-0.28554,-0.30969,-0.31564000000000003,-0.29636999999999997,-0.30793000000000004,-0.30371,-0.28662,-0.31134,-0.32223,-0.3128,-0.29598,-0.28917,nan,-0.31289,-0.27326,-0.27516,-0.28929,-0.28300000000000003,-0.25235,-0.24769000000000002,nan,-0.25959,-0.26556,-0.282,nan,-0.27082,nan,nan,-0.2883,-0.27809,-0.26838,-0.25351,-0.22330999999999998,nan,-0.24766999999999997,-0.21756999999999999,-0.23369,-0.26979000000000003,nan,-0.21570999999999999,nan,-0.22931999999999997,-0.25737,-0.22948000000000002,nan,-0.25075,-0.24313,nan,nan,nan,-0.22403,-0.24015999999999998,-0.20544,-0.22050999999999998,nan,nan,nan,nan,-0.22532,nan,-0.19982,-0.22100999999999998,-0.19549,-0.18684,-0.18625999999999998,-0.18796,-0.1661,-0.14494,-0.15893,nan,nan,-0.14820999999999998,-0.17143,nan,nan,-0.15217999999999998,nan,-0.11514,nan,-0.13924,nan,-0.11177000000000001,nan,-0.12095999999999998,nan,nan,-0.10575999999999999,-0.10902,-0.086904,nan,-0.10725,-0.085861,-0.084139,-0.091124,-0.09906000000000001,nan,-0.06768500000000001,nan,-0.07977999999999999,-0.064704,nan,-0.07311799999999999,-0.10368,-0.09134199999999999,-0.070332,-0.066592,nan,-0.064777,-0.052112,nan,-0.015309,-0.050176,-0.068843,-0.041687,-0.034716000000000004,-0.036593,nan,-0.020624,-0.025797000000000004,-0.031186000000000002,-0.01891,-0.056604999999999996,-0.058349,-0.004281,-0.022543,-0.023897,-0.00026495,-0.042013999999999996,nan,-0.0016542999999999998,-0.023641,-0.033058,nan,-0.004390600000000001,nan,-0.021218,nan,-0.029626999999999997,-0.032445999999999996,-0.037218,-0.031822,-0.0040508,nan,-0.020425,-0.018207,-0.016031,-0.023338,-0.036000000000000004,-0.019773,-0.032905000000000004,-0.016401,-0.00043229,-0.024536000000000002,-0.018394,nan,-0.022351,-0.012156,-0.031195999999999998,-0.026891,-0.022004,-0.036373,-0.019156,-0.042858,nan,-0.030862,-0.032113,-0.020106,-0.034523000000000005,-0.046667,-0.060486,-0.022587,-0.0055683,-0.038188,-0.036648,-0.076849,-0.089028,-0.028806000000000002,-0.025053,-0.032443,-0.038511000000000004,-0.08419700000000001,-0.087104,-0.094057,-0.096316,-0.085341,-0.10465999999999999,-0.10361,nan,-0.06934,-0.081072,nan,-0.11825999999999999,-0.10135,-0.09798,-0.13571,-0.1099,-0.11298,-0.13463,-0.12002,-0.15353,-0.15494000000000002,-0.1536,nan,-0.14403,-0.17307,nan,-0.18562,-0.18117,-0.20711999999999997,-0.2137,-0.20425,-0.22068000000000002,-0.20440999999999998,-0.22821,-0.24291,-0.22609,nan,nan,-0.2388,-0.23405,nan,-0.25619000000000003,-0.26329,nan,-0.27063000000000004,-0.30249000000000004,-0.30787,-0.3051,-0.33321999999999996,-0.32991,-0.32054,-0.35593,-0.37485999999999997,-0.34947,nan,-0.40323000000000003,-0.38284,-0.40733,-0.40726999999999997,-0.3941,-0.43204,-0.42461000000000004,-0.43105,nan,-0.45729,-0.45285,nan,-0.43226000000000003,-0.4756,-0.48065,-0.45643,-0.48486999999999997,-0.49099,-0.48271000000000003,-0.48796999999999996,-0.48763999999999996,nan,nan,-0.54366,-0.5868399999999999,-0.56804,-0.5558,nan,-0.5556,-0.56907,-0.5743699999999999,-0.5726,-0.60177,nan,-0.5908100000000001,-0.60558,-0.60155,-0.61805,-0.60932,-0.61057,-0.64232,-0.6402,-0.63974,-0.62393,-0.62665,-0.6400100000000001,-0.639,-0.6584800000000001,-0.65794,nan,-0.66723,-0.66389,-0.65127,-0.65787,nan,-0.68679,-0.68855,nan,-0.68729,-0.68752,-0.6895,nan,-0.67575,-0.66974,-0.71231,-0.71167,-0.68861,-0.7074199999999999,-0.67767,-0.67264,nan,-0.69589,-0.68752,-0.68945,-0.6885899999999999,-0.69025,-0.67437,-0.67378,-0.69095,-0.68811,-0.7062,nan,-0.69789,-0.68191,nan,-0.68581,nan,-0.6562,-0.66633,-0.67077,-0.67015,nan,nan,-0.64085,nan,-0.69691,-0.68391,-0.64625,-0.6579,-0.65735,-0.65698,-0.6422800000000001,-0.63079,-0.60247,-0.59201,nan,-0.60807,nan,-0.55667,nan,nan,-0.58946,-0.57314,-0.52788,-0.50737,-0.49332,-0.48449,-0.48700000000000004,-0.48911000000000004,nan,-0.4621,-0.44188,-0.42788999999999994,-0.41631,-0.39924,-0.38828,-0.39126,nan,-0.36675,nan,-0.29594000000000004,-0.30596999999999996,-0.29085,-0.26215,nan,-0.26219000000000003,nan,-0.21138,-0.20418,-0.1941,-0.15721,-0.14786,-0.1193,-0.10096000000000001,nan,-0.073085,-0.056415999999999994,-0.03216,nan,0.029873,0.044427999999999995,nan,0.051796,0.091581,0.12095,0.16360999999999998,nan,0.16532,nan,0.27054,0.24520999999999998,0.28026,0.32016,nan,nan,0.36386,0.41383000000000003,nan,nan,nan,0.49938,0.5562699999999999,0.60637,0.63734,nan,0.67299,0.70449,0.74853,0.7673,nan,nan,0.9022,0.9215899999999999,0.9345100000000001,0.93447,0.95541,nan,nan,1.1097,1.1205,1.165,1.1993,1.2132,1.2327,1.2724,nan,1.3864,1.4326,1.4499,1.4718,1.4996,1.5326,1.5733,1.6011,1.6552,nan,1.7018,1.6885,nan,1.8381,nan,1.8726,1.9348,1.9452,1.9612,1.9923,2.0659,2.1003,2.1391,2.1595,nan,2.2017,2.2569,2.2657,nan,2.3269,nan,2.4527,2.4424,2.4541,2.4844,nan,2.5903,nan,2.6298,2.6596,2.6698,2.7195,2.7643,2.7880000000000003,2.8152,2.8288,2.858,2.8696,2.9124,nan,nan,3.0147,3.0287,nan,nan,3.0523,nan,nan,3.1291,3.1416,nan,3.1637,3.1658,3.188,3.2141,nan,3.2115,3.2153,3.2107,3.2156,3.2115,3.2124,3.2321,3.1992,3.1712,nan,3.1526,3.1292,3.1315,3.1118,nan,3.1047,3.0552,3.0832,nan,3.0383,3.0767,3.0579,nan,3.0317,3.0295,3.03,3.0185,3.0043,2.9789999999999996,2.935,2.929,2.9145,2.8686,nan,2.8611,2.8666,2.878,2.844,nan,2.8454,2.8284,2.8035,nan,nan,2.7446,2.747,2.7356,2.7157,2.6819,2.6816,2.6935,2.6643,nan,nan,nan,2.6057,nan,2.6123,2.5729,2.5542,2.5543,2.5148,2.5122,2.5266,nan,nan,nan,2.4664,2.4586,2.4231,2.4034,2.4567,nan,nan,2.4258,2.3878,2.3602,2.3306,2.3280000000000003,2.3115,2.2885,2.2913,2.2743,2.274,2.2854,nan,nan,nan,2.2537,2.1789,2.1837,2.1804,2.1413,2.1439,2.1399,2.1233,2.0927,2.1129,2.1211,2.0633,2.0433,2.0576,2.0569,2.0598,2.0394,nan,2.004,1.9874,1.9728,1.9594,nan,1.9585,1.9589,1.9558,nan,1.9246,nan,1.9024,1.9161,1.9229,1.902,nan,1.845,1.8338,1.8485,1.8246,1.8086,1.8236,1.8084,nan,1.7908,1.7651,1.7766,1.7502,nan,1.7043,1.7068,1.7072,nan,nan,nan,1.6565,1.6672,1.6731,1.6369,1.6236,1.6394,1.6232,1.6055,nan,nan,1.5654,1.5516,1.5385,1.5407,1.5172,1.4973,nan,1.5202,1.5027,1.475,1.4535,1.4707,1.4643,1.4598,1.4706,nan,nan,nan,nan,1.4014,1.3818,1.3519,1.3518,1.3612,1.3242,1.294,1.2837,1.2678,1.2542,1.2383,nan,1.253,1.2298,1.2449,nan,nan,1.186,1.1885,1.1857,nan,1.1667,1.1525,1.1572,1.1303,nan,1.1202,1.1194,nan,1.0698,1.0759999999999998,1.0386,nan,1.0345,0.99946,1.0170000000000001,1.0142,0.9796100000000001,1.0049,0.9863200000000001,0.95195,0.96896,0.92865,0.8951399999999999,0.92445,0.9403600000000001,nan,0.89712,0.8835799999999999,0.9254700000000001,0.9383100000000001,0.89445,0.8927299999999999,0.90028,0.90018,nan,0.85009,0.84131,0.8439700000000001,0.79019,0.78504,0.78547,0.7730199999999999,0.74962,0.72914,0.7414,nan,0.68478,0.6811,nan,0.68958,0.65575,0.65545,0.66688,0.6381600000000001,0.6078399999999999,0.59103,nan,0.5836100000000001,nan,0.56497,0.5747899999999999,0.52813,0.52666,nan,0.49612,0.49908,0.48498,0.48281999999999997,0.47134,0.4365,0.43808,0.45097,0.45009,nan,0.39019000000000004,0.39099,0.40012,0.35486,0.33107,0.36308,0.35881,nan,0.35257,0.32119000000000003,0.31906,0.33334,0.29864,nan,0.33623000000000003,nan,nan,0.26345,0.24609,0.26724000000000003,0.25023,0.23006999999999997,nan,0.26114,0.21683000000000002,0.21618,0.20528000000000002,0.20155,0.18792,nan,0.16357,0.18542999999999998,0.16899999999999998,0.16902999999999999,0.16054000000000002,0.14770999999999998,0.14722000000000002,0.13271,0.12953,0.13001,0.09589400000000001,0.08296,0.079026,0.063206,0.067732,0.041343,0.037842,0.050455,0.049582,0.063471,0.049425,nan,0.044736,0.022276,0.015295,0.014584,0.029449,0.038606,0.0048408,nan,0.012267,nan,0.013634,0.0014856,-0.01626,-0.020673,-0.010577,nan,-0.021994999999999997,nan,-0.016238,-0.029507,-0.034425,-0.033822000000000005,nan,nan,-0.036315,-0.022531,-0.020632,nan,-0.072884,nan,nan,-0.063023,-0.08007,-0.08759700000000001,-0.082687,-0.089407,-0.10347,-0.10035,-0.10622000000000001,-0.0847,-0.09944,-0.11507,-0.086877,-0.11547,nan,-0.11270999999999999,nan,-0.091777,nan,-0.13790999999999998,-0.10536,-0.11882000000000001,-0.13932,-0.10051,-0.10962000000000001,-0.13749,-0.12097999999999999,-0.12777,-0.14140999999999998,-0.12455999999999999,-0.11813,nan,-0.11982000000000001,-0.13274,-0.13802999999999999,-0.12622,-0.11656,-0.14490999999999998,nan,-0.14138,nan,-0.14072,-0.12827,-0.14177,-0.13224,nan,-0.14273,-0.15664,nan,-0.14595,-0.13876,-0.17235,-0.15877,-0.13641,-0.13943,-0.16212000000000001,nan,-0.12235,-0.16937,-0.15719,-0.16107,-0.16330999999999998,-0.15812,-0.21053000000000002,-0.18803,-0.16163,-0.21683000000000002,-0.18972999999999998,-0.17507,-0.20601,-0.20483,-0.22169,-0.19079000000000002,-0.19537000000000002,-0.18894,-0.17207,-0.20618000000000003,-0.18811,-0.18245999999999998,-0.1958,-0.21348000000000003,-0.21398000000000003,nan,-0.22232,-0.22179000000000001,-0.21865,-0.21191999999999997,-0.19796,-0.23525,-0.24975999999999998,-0.20567,-0.21195999999999998,-0.23555,-0.23431,nan,nan,nan,nan,-0.2353,-0.24295,-0.25636,nan,-0.23919,-0.26904,-0.27591,-0.24353000000000002,-0.23876,nan,nan,-0.25388,nan,-0.26233,-0.26731,-0.27721,-0.28275,-0.27175,-0.30312,-0.30524,-0.30501,-0.28756,-0.26699,-0.29188000000000003,-0.30601,-0.31779,nan,-0.29956,-0.33916999999999997,-0.34929,-0.33886,-0.36958,-0.37127,-0.37849,nan,-0.36851999999999996,-0.39121999999999996,-0.40533,-0.40326,-0.40307,-0.40125,nan,-0.40397,-0.42377,nan,-0.43263,-0.4532,-0.43787,nan,-0.45966999999999997,-0.45721000000000006,-0.46326999999999996,-0.47939,-0.45048,-0.46891000000000005,nan,-0.45635,nan,-0.48277,-0.4494,-0.46758999999999995,nan,nan,-0.5071100000000001,-0.48815,nan,-0.50592,-0.50268,-0.50464,-0.50674,-0.52005,-0.5236,nan,nan,nan,-0.50775,-0.52218,-0.53365,nan,nan,-0.51883,-0.52291,nan,-0.52072,-0.53286,nan,nan,-0.52072,-0.5545,-0.52353,-0.53671,nan,-0.51481,-0.53437,nan,-0.5232600000000001,nan,-0.525,-0.5465399999999999,-0.51939,-0.50734,-0.54002,nan,nan,-0.49532,-0.49441,-0.49349,nan,nan,-0.50441,-0.48498,nan,-0.48056000000000004,nan,-0.47171,nan,nan,-0.47096000000000005,-0.46516,-0.47603999999999996,nan,-0.47218999999999994,-0.4727,-0.44686000000000003,nan,-0.45898999999999995,-0.45323,-0.45685,-0.44266000000000005,nan,-0.42232,-0.41072,nan,nan,-0.42248,-0.41923,-0.42098,nan,-0.39459,-0.38655,-0.38831,-0.38381,nan,-0.41112,-0.36328,-0.35679,-0.37235999999999997,-0.37111,-0.39432,-0.41008,-0.389,nan,nan,-0.42295,-0.40273000000000003,-0.4087,-0.37956,-0.38066,-0.4294,-0.4198,-0.40354,-0.40747,-0.3866,nan,-0.40185,-0.4067,-0.42258999999999997,-0.40448,-0.40758,-0.37969,-0.38274,-0.42308,-0.38589,nan,nan,-0.38428,-0.37244,-0.38734,-0.38818,-0.40486,-0.37997,-0.3594,-0.38987,-0.40359,nan,-0.40497,-0.38825,-0.39453,-0.40973000000000004,-0.3905,-0.38975,-0.40405,-0.37488,-0.3631,-0.38973,-0.36464,-0.35712,-0.37069,nan,-0.40306,nan,-0.37433,-0.38313,-0.36999,-0.38841,-0.37408,-0.36661,-0.38025,nan,-0.37966,nan,-0.38823,-0.38747,-0.3848,-0.38471,-0.38595999999999997,-0.38477,-0.38861,-0.40397,-0.3912,nan,-0.41458,-0.38525,-0.35386999999999996,nan,-0.36996999999999997,-0.38266,-0.37683,-0.37085999999999997,-0.36605,-0.35595,-0.3731,-0.34007,-0.35988000000000003,-0.39048,-0.36057,-0.35386999999999996,-0.33889,-0.34562,-0.37198000000000003,-0.35768,-0.35462,nan,-0.35646,-0.37513,-0.32766,-0.3279,-0.32356,-0.30726,nan,-0.35699000000000003,-0.33803,-0.32536,nan,-0.31727,-0.30053,-0.30627,-0.33366,-0.33919,nan,-0.31062,-0.30256,nan,-0.31881,-0.3256,-0.2922,-0.29313,-0.30030999999999997,-0.28633000000000003,nan,-0.25672,nan,-0.30075999999999997,-0.26444,-0.25792,-0.28901,-0.27319,-0.26474000000000003,-0.28071999999999997,-0.28729,-0.28431999999999996,-0.28943,-0.30569,nan,-0.27995,-0.29343,-0.2731,-0.27638,-0.30567,-0.28898,-0.28822,-0.27154,-0.27767,-0.28085,-0.273,-0.30539,-0.27605999999999997,-0.27565,-0.28353,-0.26527,nan,-0.30523,-0.28906,-0.2842,nan,-0.28163,-0.29183000000000003,nan,-0.31894,-0.34008,-0.30789,-0.32294,-0.35515,nan,nan,-0.33956,-0.32637,-0.36656,-0.33142,nan,-0.38239,-0.35011
7.0,-0.23421,-0.41153,-0.39496,-0.30867,-0.3839,nan,-0.35408,-0.38377,nan,-0.36837,-0.36183000000000004,-0.37763,nan,-0.37687,nan,-0.35603,-0.36769,-0.35427,-0.35631,-0.38342,-0.39553,-0.38877,-0.37524,-0.36745,-0.36795,-0.35969,-0.35205,-0.36303,-0.37013,-0.3627,nan,-0.33968000000000004,-0.33453,-0.33663000000000004,nan,-0.30791,-0.31428,-0.35244000000000003,-0.37134,-0.35278000000000004,-0.35558,-0.36967,-0.33215,-0.30134,nan,nan,-0.30927,-0.30948000000000003,-0.31004,-0.29495,-0.29746,-0.32381,nan,nan,nan,-0.30746,-0.30301,-0.28246,nan,-0.28035,-0.26714,-0.26421999999999995,-0.2778,-0.27935,-0.2764,-0.27815,-0.26734,-0.25167,-0.24933000000000002,-0.25032,-0.24741999999999997,-0.25131,-0.2478,-0.23548000000000002,nan,nan,-0.20545,-0.19889,-0.21268,-0.21869,-0.19754000000000002,nan,-0.16389,-0.17665999999999998,-0.1736,-0.18417,nan,-0.15185,-0.13379000000000002,-0.15521,-0.1442,nan,nan,nan,nan,-0.12460999999999998,-0.10357000000000001,-0.08793200000000001,-0.11868,-0.13860999999999998,-0.10343,-0.086533,-0.10294,-0.089394,-0.071868,-0.074575,-0.053214,-0.046421,-0.07204400000000001,nan,nan,-0.045791000000000005,-0.036039,-0.0038078000000000005,nan,nan,-0.0032116999999999996,nan,0.0012175999999999999,0.013241999999999999,0.016877,0.017641999999999998,0.029731999999999998,0.041755,nan,0.060309,nan,0.034329000000000005,0.02955,nan,0.040549,0.055063,nan,nan,0.06060599999999999,0.060958000000000005,nan,0.060038,nan,0.07891000000000001,0.088326,0.087064,0.098329,nan,nan,0.085552,0.09951,0.1311,0.12655,nan,nan,0.14814000000000002,0.13646,0.11089,0.11747,0.15705,0.15422,0.13041,0.14346,0.15306,nan,0.14686,0.14823,nan,nan,0.1771,0.17195,0.15747,0.16282,0.17855,0.17240999999999998,0.18452000000000002,0.20624,nan,nan,0.2069,nan,0.18475999999999998,0.1964,0.21824000000000002,0.23915,0.22469,0.20559000000000002,0.21848,nan,nan,0.23592,0.22373,0.23048000000000002,0.25083,0.23976999999999998,0.23804,0.25674,0.2641,0.26739,0.25568,0.23335999999999998,nan,nan,0.30146999999999996,0.30931,0.31385,0.29765,0.27764,0.29011,0.31149,0.30421,0.29441999999999996,0.30587,0.31596,nan,nan,0.33571,0.34804,0.36923,0.37832,nan,0.39421999999999996,0.38155,0.39481,0.38964,0.36748000000000003,nan,0.41216,0.41229,0.42527,0.44188,0.43517,0.42707,0.43782,0.44075,0.41855,0.41118000000000005,0.43386,0.44335,0.44115,0.45303000000000004,0.45902,0.45603,0.47021,0.48658999999999997,0.47945,0.47057,0.48266000000000003,0.49217,0.4808,0.48596999999999996,0.4939,0.46766,0.48036,0.51452,0.49107,0.5018100000000001,0.54511,nan,0.48773999999999995,nan,0.50002,0.5042399999999999,0.5239699999999999,0.52928,0.53025,0.52371,0.51193,0.51366,nan,0.48946000000000006,0.5043300000000001,nan,0.53154,0.5111399999999999,nan,nan,0.50321,0.51494,0.5029100000000001,nan,0.50322,0.51377,0.52874,0.5239199999999999,0.5141600000000001,nan,0.53987,0.5479,0.5435800000000001,0.52137,0.51121,nan,0.5143800000000001,0.51569,0.51103,0.49842,0.49799,0.50141,0.4987,0.49883,0.50071,nan,0.49935,0.50093,0.49313999999999997,0.48439,nan,0.4803,0.46058999999999994,nan,0.46983,0.46557,0.45193999999999995,nan,0.4292,nan,0.42446000000000006,nan,0.39421,0.39838,0.39654,0.39951,0.38775,0.36461,0.35462,0.34645,nan,nan,0.32061999999999996,0.33276999999999995,0.33771,0.32525,nan,0.30193000000000003,0.27831999999999996,nan,0.29085,0.29291999999999996,nan,nan,0.25929,0.26295999999999997,nan,0.21404,0.22496999999999998,nan,0.20951,0.20640999999999998,0.20536,0.19505999999999998,0.18625,0.19583,0.19178,0.16638,0.17173,0.19264,0.18274,0.16193,0.13826,0.11835,0.12777,0.13289,0.11515999999999998,nan,0.09854299999999999,0.08217100000000001,0.073145,0.084233,0.09413300000000001,nan,0.06332,0.054190999999999996,0.069174,0.072625,0.0516,0.042873,0.045709,0.044449,0.05537,0.06094,0.042572000000000006,0.011134,nan,-0.0053709,nan,-0.010142,-0.036746,-0.02663,-0.013973,-0.016132,-0.036716000000000006,-0.058673,-0.050343,-0.038182,-0.04542,-0.055976,-0.06599400000000001,-0.07311000000000001,-0.072839,-0.070839,-0.072094,-0.071784,-0.071391,nan,-0.094532,-0.11815999999999999,-0.12244000000000001,-0.10461,nan,-0.11744,-0.10614000000000001,-0.10562,-0.13249,-0.1446,-0.14614000000000002,-0.14285,-0.12065,-0.1084,-0.12852,-0.1466,nan,nan,-0.13504000000000002,nan,-0.15063,-0.17193,nan,-0.14794000000000002,-0.15669,-0.17919000000000002,-0.16315,-0.14357,-0.1539,-0.17934,-0.18111,nan,-0.17027,-0.19164,-0.18285,-0.21416,-0.23128,-0.18339,nan,-0.19459,nan,nan,-0.24458000000000002,-0.23106,-0.24345,-0.26974000000000004,-0.24777,-0.23585,-0.26936,nan,nan,nan,nan,nan,-0.29412,-0.29144000000000003,nan,-0.32478,-0.32268,nan,-0.32178,-0.34060999999999997,-0.37488,-0.37659000000000004,-0.36373,nan,-0.37122,-0.39643,-0.42881,nan,-0.4542,-0.47243999999999997,-0.47008,-0.46765,nan,nan,-0.46168000000000003,-0.50317,-0.5351600000000001,-0.52875,-0.50308,nan,-0.53572,-0.55815,-0.54597,nan,-0.55885,-0.55706,-0.5592199999999999,-0.55478,-0.5543899999999999,-0.59409,-0.6242300000000001,nan,-0.64384,nan,-0.63152,-0.64515,-0.6393800000000001,-0.6600699999999999,-0.6914399999999999,nan,-0.65636,-0.68186,-0.6774100000000001,nan,nan,-0.7204,-0.71817,-0.72522,-0.73416,-0.73433,-0.7508600000000001,nan,-0.75974,-0.74907,nan,-0.7487699999999999,nan,-0.77651,-0.7723899999999999,-0.7815,-0.8054600000000001,nan,-0.78823,-0.7934399999999999,-0.79073,-0.80379,-0.8453299999999999,-0.8547399999999999,-0.8248700000000001,-0.82711,-0.8525799999999999,-0.8425,-0.8275299999999999,-0.8404299999999999,-0.85135,nan,-0.85155,-0.8511200000000001,-0.8486600000000001,-0.8544700000000001,-0.8451299999999999,-0.83599,-0.8546799999999999,-0.87095,nan,-0.89564,-0.8729100000000001,-0.84504,nan,-0.88321,-0.86529,-0.8504299999999999,-0.86111,-0.88225,-0.89802,-0.89591,nan,-0.88328,nan,-0.8957799999999999,-0.88686,-0.87177,-0.8672200000000001,nan,-0.8698799999999999,nan,-0.8367399999999999,-0.8281,-0.81495,-0.82265,-0.8352799999999999,-0.8280200000000001,-0.8194799999999999,-0.8215100000000001,-0.81294,-0.80095,-0.79185,-0.77884,-0.77564,-0.77636,-0.77754,-0.77979,-0.76842,-0.76335,-0.77522,-0.77459,-0.78257,nan,-0.79308,-0.76018,nan,-0.77855,-0.76064,nan,nan,-0.77662,-0.7734800000000001,-0.77974,-0.79184,-0.78477,-0.77286,-0.7785,-0.78014,-0.76754,-0.76184,nan,-0.76541,-0.7872100000000001,-0.7923100000000001,-0.7649600000000001,-0.77157,-0.79488,nan,-0.7761899999999999,nan,-0.80614,nan,-0.78696,-0.8113,nan,nan,-0.79272,-0.8232299999999999,-0.82214,-0.81909,-0.81975,-0.8213,-0.83078,-0.83835,nan,-0.8674299999999999,-0.85569,-0.88177,-0.92548,-0.8971600000000001,-0.86695,-0.8836299999999999,-0.8942399999999999,-0.8935200000000001,-0.8957,-0.92629,-0.9663,-0.9483299999999999,-0.9238799999999999,-0.9493799999999999,-0.95095,-0.9341799999999999,-0.9556,-0.9792,-0.98313,nan,-0.9960700000000001,-1.0115,-1.0043,-0.9998299999999999,nan,-1.0299,-1.0244,-1.0142,-0.9967299999999999,-1.0062,-1.0291,-1.0376,nan,-1.0506,-1.0282,-1.0425,-1.0608,-1.038,-1.0345,nan,-1.0628,-1.0432,-1.0516,-1.0523,-1.0418,-1.0639,-1.0805,nan,-1.0432,-1.0515,-1.061,nan,nan,-1.0762,-1.0691,-1.0874,-1.0991,-1.102,-1.1209,-1.1317,-1.1244,-1.1391,-1.1436,nan,nan,-1.1376,-1.1336,-1.121,-1.1415,-1.1427,-1.1176,-1.1211,-1.1296,-1.1171,-1.1208,-1.1354,-1.1294,-1.1272,nan,nan,-1.1320000000000001,-1.1288,-1.1316,-1.148,nan,-1.1461,-1.1474,-1.1606,-1.1542,-1.1738,-1.1884,-1.1743,-1.1901,-1.2009999999999998,-1.1905,-1.2171,-1.2472,nan,-1.2590000000000001,nan,-1.2513,-1.2496,nan,-1.2562,-1.2672,-1.2914,-1.2815,-1.2768,-1.2933,-1.2914,-1.2995,nan,-1.3365,-1.3236,-1.318,-1.3402,-1.3746,nan,-1.3594,-1.3796,-1.4180000000000001,nan,-1.3928,nan,-1.4469,-1.4486,-1.4404,-1.4443,nan,-1.4669999999999999,nan,-1.4769999999999999,-1.4807,-1.4842,-1.5035,-1.5128,-1.5111,-1.5239,-1.5362,-1.5415,nan,-1.5381,-1.5481,-1.5567,-1.5674,-1.599,-1.619,nan,-1.6032,-1.5912,-1.6077,-1.6309,-1.6087,-1.6005,-1.6347,-1.645,-1.6414,-1.6694,nan,-1.6752,-1.6763,-1.6898,-1.6882,nan,-1.704,-1.7183,-1.7409,-1.7419,nan,nan,nan,-1.7688,nan,-1.7691,-1.7828,-1.7916,-1.7916,nan,nan,-1.7917,-1.7869,-1.8021,-1.8223,-1.8211,-1.8145,-1.8235,-1.8359,-1.8352,-1.83,-1.8371,nan,-1.8419999999999999,-1.8230000000000002,nan,-1.8522,-1.8846,-1.8675,-1.85,-1.8793,-1.8923,-1.8785,-1.8886,-1.8967,-1.8878,-1.8812,-1.8745,-1.8898,nan,-1.9093,-1.901,-1.8817,-1.8659999999999999,-1.881,nan,-1.9067,-1.8959,-1.8798,-1.8814,nan,-1.8928,-1.8918,-1.8918,-1.8928,nan,-1.883,-1.8817,-1.9040000000000001,-1.9005,-1.8928,-1.9080000000000001,-1.9072,-1.9091,nan,-1.8823,nan,-1.8735,-1.865,-1.8868,-1.8826,-1.8644,nan,-1.8602,-1.8209,-1.8075,-1.8001,-1.8161,-1.8144,-1.7685,-1.7466,-1.7441,-1.7489,nan,-1.7649,nan,-1.7590000000000001,-1.7447,-1.6968,-1.7047,-1.7161,nan,-1.6311,-1.6465,-1.6005,-1.5908,-1.6323,-1.6099,nan,-1.597,nan,-1.5242,-1.4918,nan,-1.4776,nan,nan,nan,nan,-1.4439,-1.4374,-1.4147,-1.3918,nan,-1.3519,-1.3316,-1.3,-1.2937,-1.3081,-1.2807,-1.2568,-1.278,-1.2732,-1.2379,-1.2134,-1.1935,-1.1693,-1.1518,nan,nan,-1.0948,-1.0847,-1.0751,-1.0375,-1.0270000000000001,-1.043,-1.0227,-0.99193,-0.9783700000000001,-0.9451299999999999,-0.9097799999999999,-0.9120799999999999,-0.88965,-0.8304600000000001,-0.8164100000000001,nan,-0.79424,-0.7913899999999999,-0.78082,-0.74398,-0.72208,-0.70363,-0.68238,-0.66209,-0.61897,-0.586,-0.58692,-0.56784,-0.51666,-0.49586,-0.5001399999999999,-0.47907,-0.45526000000000005,-0.43476000000000004,-0.40126,-0.37635,-0.35528000000000004,-0.32135,-0.29677,-0.28344,nan,-0.22288000000000002,nan,-0.17443,-0.14494,-0.13416,-0.1136,-0.076177,nan,-0.017211,0.018673,nan,0.06883500000000001,nan,nan,0.12778,nan,0.19512000000000002,nan,0.24575,0.24795999999999999,0.25929,0.29331999999999997,0.30944,0.35591999999999996,nan,0.39533,nan,0.48868,0.49878999999999996,0.52432,0.5727899999999999,0.58836,nan,0.608,0.6497,0.67685,0.69494,nan,nan,0.78591,0.84525,0.87359,0.8677,0.8952100000000001,0.9432299999999999,0.9782700000000001,0.9981899999999999,nan,1.0753,nan,1.0966,1.0821,1.1158,1.1576,1.1909,1.2215,1.2707,1.3169,1.3248,nan,1.4084,1.4323,1.4546,1.489,1.5079,1.5369,1.5676,1.5862,1.6103,1.6173,1.6193,1.6527,1.6772,1.6727,1.6896,1.7347,1.7613,nan,1.7741,1.7917,1.7897,1.7934,1.8071,1.8028,nan,1.8485,1.8538,nan,nan,1.8673,1.8662,1.8637,1.8517,1.8579,1.8712,1.8645,1.8522,1.8549,1.8722,1.88,1.8763,1.8881,1.8934,1.8712,nan,1.8694,nan,1.8545,1.8461,nan,1.8331,1.8501,1.8442,1.821,1.8111,nan,nan,1.8067,1.8004,1.7897,1.7926,1.7824,nan,1.7784,1.7658,1.7455,1.7598,1.7778,1.7666,1.7564,1.7438,nan,1.7399,1.7166,1.6873,1.6899,1.673,1.6613,1.6875,1.6867,1.6636,1.6601,1.6501,1.632,nan,1.6173,1.5892,1.5956,1.6194,1.6181,1.615,1.6149,1.6015,1.5986,1.6019999999999999,1.5795,1.5578,1.5729,1.5917,1.5861,1.5838,1.5904,1.5832,1.5723,1.5659,1.547,1.5269,1.5263,1.5286,1.5289,1.5414,1.5478,1.5353,1.5277,1.5290000000000001,1.5199,nan,1.5268,1.5264,1.496,1.5043,1.5408,1.5279,1.5121,nan,1.5198,1.5096,1.5124,1.5011,nan,1.5167,1.5128,1.5029,1.4953,1.5023,nan,nan,nan,1.499,nan,nan,1.544,1.5178,1.4964,1.505,1.5131,1.5138,1.5078,nan,nan,1.4881,1.5156,1.5446,1.5361,1.511,1.5187,1.5286,1.5061,1.5041,1.5306,1.5211,1.4941,1.5087,1.5277,1.5245,nan,1.54,nan,1.5253,nan,1.5429,1.5503,1.564,1.5554,1.5555,nan,1.5681,nan,1.558,1.5530000000000002,1.5404,nan,1.5533,1.5575,nan,1.5362,nan,1.5502,1.5273,nan,1.5511,1.5271,nan,1.5659999999999998,1.5545,1.5575,1.5524,nan,1.5463,1.5704,1.5556,nan,1.5117,1.5469,1.5592,1.5394,1.5386,1.5575,nan,nan,1.5759999999999998,1.5501,1.5282,1.5539,1.5553,1.5363,1.5275,1.5132,1.5241,1.5459,1.5438,1.538,1.5128,nan,nan,1.4809999999999999,1.49,1.5126,1.4895,1.4592,1.4709,1.4746,nan,1.4364,1.4385,1.4427,nan,nan,1.4068,1.4228,1.4216,nan,1.3878,1.4103,nan,1.4147,nan,1.3927,nan,1.3757,1.3932,1.4132,1.4126,1.4015,1.3901,1.3663,1.3409,1.3368,1.3352,1.3232,1.3208,1.3198,1.3077,nan,1.3366,nan,1.3097,1.3129,1.3272,1.3205,1.3097,nan,1.2871,nan,1.2902,1.2901,1.2768,nan,nan,1.2354,nan,1.273,1.2466,nan,1.2482,nan,1.2311,1.2343,1.245,1.2572,nan,1.2409,1.2176,nan,nan,1.2221,1.2241,1.2356,1.2225,1.2196,1.2462,1.2326,nan,nan,1.247,1.2204,1.2381,1.2462,1.2181,1.2285,1.2348,1.2145,nan,1.2311,1.2373,1.2332,1.2203,1.2264,1.2362,1.2345,1.2363,1.229,1.2184,1.2086,1.1951,1.2183,1.2494,nan,nan,1.237,1.225,nan,nan,1.2344,1.2184,nan,1.2515,1.2496,1.2527,1.2426,1.235,nan,1.2552,nan,1.2458,1.2645,nan,1.2637,1.2657,1.2583,1.2683,1.2789,nan,1.249,1.2646,1.2568,1.2382,nan,1.2927,1.2773,1.2542,1.2663,1.2792,1.2695,nan,1.2631,nan,1.2688,1.2789,nan,1.2548,1.2729,1.2781,1.2444,1.237,1.2705,1.2805,1.2651,1.2673,1.2783,1.2695,1.2568,1.2677,nan,nan,1.2626,1.2628,1.2523,1.2522,1.2670000000000001,nan,1.2571,1.2734,1.2767,1.2541,1.2485,1.2475,nan,1.2426,1.2516,1.2305,nan,1.2022,nan,1.2191,1.2157,1.1873,1.177,nan,1.1708,1.1340000000000001,1.1306,1.1363,1.1168,1.1014,1.1137,1.1298,nan,1.1169,1.115,1.1213,1.1141,1.1026,1.1051,1.094,1.0713,1.0801,nan,1.0585,nan,1.0123,1.0085,0.9822700000000001,0.9696100000000001,nan,0.96598,0.9421799999999999,nan,0.88649,nan,0.8725200000000001,0.85485,0.8563200000000001,0.86739,0.8597100000000001,0.84388,nan,0.78277,0.7829,0.79889,nan,0.7754300000000001,0.7443,0.71683,0.71815,nan,0.71283,0.6893600000000001,0.66842,0.65676,0.6641100000000001,0.65274,0.60539,nan,nan,0.56522,0.56201,0.5755,0.57333,0.56891,0.54623,0.5291,0.53435,0.5010100000000001,0.46598999999999996,0.48352,0.48648,nan,0.42436,0.40362,0.38386,0.38453000000000004,0.3824,0.36145,0.34901,nan,nan,0.31187,0.30318,0.27934000000000003,0.29709,0.31794,0.28561,0.25125,0.25833,0.26358000000000004,0.23493000000000003,0.20872,nan,0.22254000000000002,nan,nan,0.15479,0.14678,nan,0.15001,0.1453,0.13365,0.1189,0.089004,nan,0.087537,0.080079,0.053523,0.044664999999999996,0.052783000000000004,0.070785,nan,0.03909,0.022096,0.035731,nan,nan,-0.0033400999999999995,-0.016881,-0.040327999999999996,-0.039057999999999995,-0.02451,-0.043425,nan,-0.093394,nan,nan,-0.10339000000000001,-0.078399,-0.088201,-0.11281,nan,-0.12029000000000001,-0.14314000000000002,-0.14287,-0.12165999999999999,-0.13267,-0.15739,-0.16141,-0.18448,-0.20597,-0.18005,-0.18804,-0.23819,-0.25014000000000003,-0.24925999999999998,nan,nan,nan,-0.26619,-0.26353000000000004,-0.27437,-0.27895,nan,-0.30689,-0.32287,-0.31893,-0.34246,-0.36788000000000004,-0.34691,-0.3392,-0.36701,-0.36991999999999997,-0.36358,-0.3676,nan,-0.40075,nan,-0.39631,-0.42232,nan,-0.4501,-0.45011999999999996,-0.4724,-0.45338,-0.42613,-0.4537,nan,-0.48248,-0.48363999999999996,-0.48983999999999994,nan,-0.52873,-0.51736,-0.50672,nan,nan,-0.55879,-0.5505899999999999,nan,-0.5875600000000001,-0.56113,-0.5441600000000001,-0.58443,-0.59442,-0.57792,nan,-0.59995,-0.60998,-0.64051,-0.64658,nan,-0.62821,-0.66432,-0.65215,-0.6299,nan,-0.67614,-0.6562399999999999,-0.6793100000000001,-0.7046,-0.6913,-0.69789,-0.69707,-0.6756800000000001,-0.6927,-0.70641,nan,nan,-0.73215,-0.72221,-0.70429,-0.72414,-0.74064,-0.72931,-0.73221,-0.7530899999999999,-0.76462,-0.76203,-0.75165,-0.7389600000000001,-0.73278,-0.7477699999999999,-0.76295,-0.75378,nan,-0.7612800000000001,-0.75447,-0.74845,-0.7627,-0.76395,-0.75967,-0.7623,-0.7520100000000001,-0.74151,-0.7560600000000001,-0.77836,-0.77975,-0.76981,-0.76,-0.74993,nan,-0.77007,-0.77808,-0.76435,-0.76125,nan,nan,-0.747,nan,-0.74997,-0.7600399999999999,nan,-0.74734,-0.76079,-0.7622899999999999,-0.7298600000000001,-0.72049,-0.74454,-0.7390899999999999,-0.71108,-0.71754,-0.73385,-0.72622,-0.71846,-0.70905,-0.68293,nan,-0.69067,-0.68157,-0.66965,-0.67604,nan,-0.6439699999999999,-0.64787,-0.64622,-0.62031,-0.61673,nan,-0.58908,-0.5847899999999999,-0.58286,-0.58775,-0.6131300000000001,-0.60335,-0.58543,-0.60051,-0.5868,-0.56314,nan,-0.5827899999999999,nan,-0.60075,-0.58844,-0.5814699999999999,-0.5909,-0.60277,-0.60415,-0.58616,-0.56652,-0.5706600000000001,-0.58348,-0.58249,nan,nan,-0.56004,-0.57735,nan,-0.56799,-0.54684,-0.54295,nan,-0.5309,-0.49921000000000004,-0.48496000000000006,-0.48861000000000004,-0.46671,-0.45571000000000006,-0.48117,-0.4731,-0.44406,nan,-0.47085,-0.45301,-0.41698999999999997,-0.39626999999999996,-0.39629000000000003,-0.38950999999999997,-0.38087,nan,-0.37251,-0.36618,-0.36780999999999997,-0.35583000000000004,-0.35044000000000003,-0.35176,-0.33908,-0.33538,-0.3343,-0.32295999999999997,-0.32001999999999997,-0.3201,-0.32306999999999997,-0.33499,nan,-0.31817,nan,-0.3239,nan,-0.28869,-0.26487,-0.26676,-0.28459,-0.30844,-0.31678,nan,-0.26256,-0.27639,-0.27103,-0.26036,-0.26385,-0.25224,nan,-0.24636,-0.22252,-0.22058000000000003,-0.24514,-0.26419000000000004,-0.25825,-0.22789,nan,-0.23494,-0.22215,nan,-0.23474,-0.22027,-0.23031999999999997,-0.25311,-0.25044,nan,nan,-0.21866999999999998,nan,-0.2686,-0.25306,-0.23485,-0.25253000000000003,-0.26649,-0.26258000000000004,nan,-0.26134,-0.26553000000000004,nan,-0.27764,-0.28422,nan,-0.31406999999999996,nan,-0.28459,-0.30911,-0.3071,-0.31422,-0.32105,-0.31925,-0.34317,nan,nan,-0.32099,-0.31317,-0.31156999999999996,-0.34755,-0.35828000000000004,-0.34841,-0.36937,-0.37464000000000003,-0.34328000000000003,-0.34083,-0.36596,-0.35986,-0.34681999999999996,-0.35252,-0.34152,-0.33315,-0.36518,nan,-0.36123,-0.38476,-0.37363,-0.34271999999999997,-0.3946,-0.35369,-0.37682,-0.44861999999999996
4.0,0.065899,-0.17314000000000002,-0.058925,-0.057501,-0.12134,-0.044983999999999996,-0.10247,-0.10288,-0.076083,-0.083075,-0.08326900000000001,-0.10400000000000001,-0.10845999999999999,-0.09981699999999999,-0.091183,-0.092788,-0.11162000000000001,-0.11392000000000001,-0.1035,-0.10694000000000001,-0.11288,-0.12162,-0.1092,-0.094561,-0.10397999999999999,-0.098549,-0.093678,-0.10744000000000001,-0.10584,-0.1114,-0.11563,-0.10443,nan,-0.063935,nan,-0.09174,-0.070026,-0.07442599999999999,-0.077208,-0.067216,-0.080907,-0.07471799999999999,nan,-0.072662,-0.082064,-0.070061,-0.072872,-0.10282000000000001,-0.092433,-0.055501999999999996,-0.07901,-0.08822999999999999,-0.06833099999999999,nan,-0.08465,-0.05923099999999999,nan,-0.097851,-0.062514,-0.059975,-0.066772,-0.057085000000000004,nan,nan,-0.050419,-0.045204,-0.042197000000000005,-0.049980000000000004,-0.054972,-0.045244,-0.042894999999999996,-0.046086,-0.06421900000000001,-0.067631,nan,-0.058267,-0.063065,-0.043041,-0.044308999999999994,nan,-0.036673000000000004,-0.058932000000000005,nan,nan,-0.047694,-0.041204000000000005,-0.043669,nan,-0.064675,nan,-0.045487,-0.040251999999999996,-0.05581900000000001,-0.069635,nan,-0.069129,-0.054951,-0.040413,-0.05987000000000001,-0.070126,nan,-0.078091,nan,nan,-0.063591,-0.08625,-0.079299,-0.081248,-0.077963,-0.087793,nan,nan,-0.051765,-0.059240999999999995,nan,-0.058085000000000005,-0.057313,-0.057474000000000004,-0.07319400000000001,-0.067509,-0.044180000000000004,-0.052726999999999996,nan,-0.04595,nan,-0.054193,nan,-0.058723000000000004,-0.047662,-0.030794,nan,-0.047652,-0.057783,-0.046044,nan,-0.058637,-0.058040999999999995,nan,-0.056315,-0.055961000000000004,-0.057828,nan,-0.037420999999999996,-0.051490999999999995,-0.069337,nan,-0.051139,-0.061609000000000004,nan,-0.058722,-0.052913,-0.058765,-0.054334,-0.044458,-0.05770499999999999,-0.070893,-0.049027,-0.043722000000000004,-0.073521,-0.076036,-0.067413,nan,-0.081712,-0.078929,-0.079222,-0.0822,-0.09250499999999999,-0.08502799999999999,-0.08102999999999999,nan,-0.10369,nan,-0.11605,-0.13552,-0.15695,-0.13282,-0.13945,-0.15336,nan,-0.15269000000000002,-0.17089000000000001,-0.14843,-0.14369,nan,-0.15447,-0.18836,-0.19284,-0.17872000000000002,-0.18463,-0.19219,-0.19285,-0.20103,nan,-0.22136,-0.24477,nan,nan,-0.26499,-0.27646,-0.25617,-0.25078,-0.25437,-0.27264,-0.29155,-0.27598,nan,-0.31549,nan,-0.29381,-0.31355,-0.31477,nan,-0.33926,-0.33602,-0.34312,-0.35304,-0.34283,-0.32833,-0.32699,-0.34318000000000004,-0.36329,-0.36484,-0.36782,-0.39466,-0.4033,-0.39373,-0.41698999999999997,-0.4222,-0.40262,-0.42578999999999995,-0.43713,-0.40251,nan,nan,-0.43438000000000004,nan,-0.4388,nan,-0.44492,-0.46526999999999996,nan,-0.45828,nan,-0.46562,-0.44903000000000004,-0.46002,-0.4843,-0.47948999999999997,-0.47831999999999997,-0.49975,-0.50068,-0.49858,-0.49728,-0.48875,nan,nan,nan,-0.50252,-0.52685,-0.5092800000000001,-0.52435,-0.5498,nan,-0.53645,-0.54777,nan,-0.54872,-0.53914,-0.54687,-0.5773,-0.55425,-0.53059,-0.55042,-0.56172,-0.5626,-0.57125,-0.56935,-0.55937,nan,-0.58858,nan,-0.5787100000000001,-0.60015,-0.59173,-0.5745,-0.5756100000000001,nan,-0.59845,nan,-0.58343,nan,-0.59724,-0.60723,nan,-0.5956199999999999,-0.5982,nan,-0.61153,-0.62954,-0.63812,nan,-0.62021,-0.6359100000000001,-0.61169,-0.6039800000000001,-0.6278600000000001,-0.6352,nan,-0.64681,-0.63684,nan,nan,nan,-0.61292,nan,-0.64057,-0.63963,-0.61358,-0.61593,-0.64168,-0.6492100000000001,-0.63713,-0.63766,-0.6501399999999999,-0.64931,-0.6361399999999999,-0.63688,-0.6311100000000001,-0.62497,-0.63365,nan,-0.63788,-0.64874,nan,nan,nan,-0.63446,-0.62425,-0.62403,-0.61855,-0.62769,-0.64778,-0.6451600000000001,-0.65387,nan,nan,-0.65823,-0.6512899999999999,-0.65009,-0.66161,-0.63057,-0.62573,-0.65867,-0.67453,-0.6835600000000001,-0.68043,-0.6667,-0.6752100000000001,-0.67642,-0.6512899999999999,-0.6542899999999999,-0.69142,-0.68997,-0.65989,-0.66955,nan,-0.67471,-0.67669,-0.69411,-0.69419,-0.68718,-0.6756300000000001,-0.6671199999999999,-0.67806,nan,nan,nan,-0.6983,nan,nan,-0.6766399999999999,-0.71382,-0.71906,-0.68797,-0.69516,-0.71714,-0.72326,-0.73475,nan,-0.7139,nan,-0.7482,-0.74746,-0.74531,nan,-0.76051,-0.77149,nan,-0.7601899999999999,nan,-0.77877,-0.80206,-0.7981,nan,-0.77946,-0.7945399999999999,-0.79476,-0.79685,-0.79667,-0.80318,-0.80502,nan,-0.80689,-0.8231700000000001,nan,-0.79875,-0.82176,-0.8207200000000001,-0.82394,-0.8328899999999999,-0.8215899999999999,-0.81691,-0.8276600000000001,-0.83436,nan,-0.85708,-0.85382,-0.8590899999999999,-0.85555,-0.8446799999999999,-0.8624200000000001,-0.8629899999999999,-0.84306,-0.8456600000000001,nan,-0.86454,-0.8669100000000001,nan,nan,-0.8791100000000001,-0.86636,-0.87159,-0.8688,-0.87423,-0.88276,-0.8839100000000001,-0.8921,-0.8956200000000001,-0.8927700000000001,-0.89633,nan,-0.91071,nan,-0.88356,-0.90428,nan,-0.88284,-0.88444,nan,-0.90033,-0.91333,-0.91714,-0.9081899999999999,-0.9047799999999999,nan,nan,-0.9208700000000001,-0.9204100000000001,-0.91096,-0.90264,-0.90823,-0.9089200000000001,-0.8977,nan,nan,-0.89859,-0.9031899999999999,-0.9249700000000001,-0.91686,nan,-0.92158,-0.91053,nan,-0.90761,-0.90501,-0.9086799999999999,-0.92176,-0.92091,-0.91346,nan,-0.92255,-0.90794,-0.9186700000000001,-0.90681,-0.91353,-0.93232,-0.9182799999999999,-0.9362299999999999,-0.9348200000000001,-0.9204399999999999,nan,-0.92085,-0.90233,-0.9216799999999999,-0.9198700000000001,-0.9340700000000001,-0.94415,-0.9259999999999999,-0.9205200000000001,-0.91733,-0.9229799999999999,-0.9325399999999999,-0.9333600000000001,-0.9317,-0.9239700000000001,-0.9173100000000001,-0.9343600000000001,-0.9456200000000001,nan,-0.91786,-0.94937,-0.9517899999999999,-0.90774,-0.9204899999999999,nan,nan,-0.9148299999999999,nan,-0.9265700000000001,-0.91999,-0.91933,-0.9156700000000001,-0.9204899999999999,nan,-0.9416700000000001,-0.9435899999999999,-0.9421200000000001,-0.93253,nan,-0.9297700000000001,-0.9481299999999999,-0.94405,-0.9325,-0.92989,-0.9303600000000001,-0.93222,-0.9321,-0.93025,nan,-0.9310200000000001,-0.92135,-0.9135,-0.9237799999999999,-0.9127200000000001,-0.9067299999999999,-0.93661,-0.9384899999999999,nan,-0.9461,-0.92465,nan,-0.93514,-0.93245,-0.93014,-0.9314100000000001,-0.9299700000000001,-0.9324399999999999,-0.9314100000000001,-0.9323,-0.92496,nan,-0.9302299999999999,-0.94035,-0.94186,-0.9267,nan,nan,-0.94005,-0.93022,nan,-0.9325600000000001,-0.89284,-0.90469,-0.9333899999999999,-0.92048,-0.9243299999999999,-0.92663,-0.9065,nan,-0.94306,nan,-0.8963200000000001,nan,nan,-0.9160299999999999,-0.91951,-0.91975,-0.9193600000000001,-0.91151,-0.9065799999999999,-0.91974,-0.9132299999999999,-0.8935799999999999,-0.89889,-0.92076,-0.9207799999999999,-0.91786,-0.93866,-0.9312,-0.8956700000000001,nan,-0.9146700000000001,-0.9081799999999999,-0.9293799999999999,-0.92315,nan,-0.9304899999999999,nan,-0.9005799999999999,nan,-0.91145,-0.89517,-0.91246,nan,-0.9201799999999999,-0.9211799999999999,-0.8898,-0.8807799999999999,-0.8988799999999999,nan,-0.89149,-0.90204,nan,-0.8952399999999999,-0.8835700000000001,-0.88002,-0.8816700000000001,-0.88295,-0.8825,-0.88155,nan,-0.8838,-0.8947200000000001,-0.89041,-0.86897,-0.87405,nan,-0.8872,-0.87439,-0.8654799999999999,-0.8588100000000001,nan,-0.8835,-0.8589700000000001,-0.85936,-0.8717299999999999,-0.85515,nan,-0.88233,-0.8504700000000001,nan,-0.87577,-0.8688,nan,-0.88994,nan,nan,nan,nan,nan,-0.86175,-0.87159,-0.8560700000000001,nan,-0.8829299999999999,-0.8713799999999999,nan,-0.8709399999999999,-0.8670399999999999,-0.8713700000000001,-0.8712200000000001,nan,nan,-0.8591799999999999,nan,-0.88971,-0.86485,-0.8452700000000001,nan,nan,-0.84303,-0.86129,nan,-0.84136,-0.8614,-0.88445,-0.8718799999999999,nan,-0.8484799999999999,-0.82299,nan,-0.84316,-0.83814,-0.83305,-0.84752,-0.83783,nan,-0.8230700000000001,-0.83445,-0.8247399999999999,-0.8041699999999999,-0.81793,-0.83325,-0.82225,-0.8199299999999999,nan,-0.8076,nan,-0.7953100000000001,-0.8066300000000001,-0.8199700000000001,-0.8097,-0.81599,nan,-0.8023600000000001,nan,nan,nan,-0.80027,nan,-0.8071699999999999,-0.80172,-0.79161,-0.79874,-0.80809,-0.80196,-0.78728,-0.7840199999999999,-0.78528,-0.7804399999999999,-0.78986,-0.79497,-0.78568,-0.78268,nan,nan,nan,-0.75703,-0.72625,nan,-0.78559,-0.76417,-0.75749,nan,-0.76935,nan,-0.75527,-0.73245,-0.7228399999999999,nan,nan,-0.72034,-0.7397100000000001,nan,-0.73056,-0.70552,-0.69563,-0.71095,-0.72172,-0.71432,nan,-0.7107899999999999,-0.70107,-0.68476,-0.68793,-0.69801,-0.69682,-0.6964899999999999,-0.69368,-0.69858,-0.69967,nan,-0.67797,-0.69901,-0.68817,-0.6796800000000001,-0.68953,-0.6803899999999999,-0.67388,-0.69002,-0.69597,-0.67815,-0.6744899999999999,-0.67553,-0.65686,nan,-0.66275,-0.67347,-0.65976,-0.63736,-0.6382800000000001,-0.6481399999999999,nan,-0.63797,nan,-0.63845,-0.63238,-0.63705,nan,-0.63712,-0.63007,-0.61058,-0.61445,-0.62526,-0.60335,-0.59812,-0.61465,nan,-0.60753,nan,-0.6200100000000001,-0.6111800000000001,nan,-0.60169,-0.56992,-0.5645399999999999,-0.59468,nan,-0.5908100000000001,-0.58649,-0.58767,-0.5808,nan,-0.58158,-0.58975,nan,-0.5538,-0.59219,-0.56304,nan,-0.54518,-0.54638,-0.53815,-0.52658,-0.52212,nan,-0.53943,-0.5307,-0.5017,nan,nan,-0.5003,-0.50939,-0.50257,-0.48581,-0.49982,-0.49409,-0.4795,-0.49145,-0.50132,nan,-0.47847,-0.47475,-0.47718,-0.46671,nan,-0.46705,-0.46226000000000006,nan,nan,-0.44635,-0.43864,-0.45026000000000005,nan,-0.39732,-0.40621,-0.42683000000000004,-0.41863999999999996,nan,-0.39831,-0.3902,-0.38185,-0.36585,nan,-0.37894,-0.36526,-0.37404,-0.38909,-0.36398,-0.33999,nan,-0.336,nan,-0.35234,-0.34273000000000003,-0.34019,-0.35417,-0.35381,-0.34303,-0.33454,-0.34274,-0.35352,-0.33405999999999997,-0.32192,-0.32697,-0.31738,-0.30336,-0.30186,-0.30077,-0.29135,-0.28563,nan,-0.31417,nan,nan,-0.28471,-0.29667,-0.30213,nan,-0.29996999999999996,-0.29551,-0.29247,nan,-0.26911999999999997,-0.24896999999999997,nan,-0.25640999999999997,nan,-0.26861,-0.27569,-0.26774000000000003,-0.27316999999999997,-0.27703,nan,-0.2421,-0.24994,-0.25594,-0.25006,-0.25533,-0.25631,-0.24086,-0.24527,-0.25340999999999997,nan,-0.2477,-0.24861999999999998,-0.22330999999999998,-0.22693000000000002,-0.23723000000000002,-0.20434000000000002,nan,-0.22860999999999998,-0.22376,-0.21281999999999998,-0.23517,-0.22946,-0.2032,nan,-0.22666,nan,-0.21823,-0.20193,-0.18779,nan,-0.18085,-0.18742,nan,-0.21375999999999998,-0.19364,nan,-0.18648,-0.17815999999999999,-0.19113,-0.20418,-0.19689,-0.19146,-0.20538,-0.2161,-0.21103000000000002,-0.19977,-0.19277,-0.18972,-0.19807,-0.20503000000000002,-0.20486999999999997,-0.19514,nan,-0.17935,-0.17883,-0.18709,-0.21681999999999998,-0.19722,-0.16598,nan,nan,-0.18675,-0.19301,-0.19305,-0.19049000000000002,-0.19307,nan,nan,-0.20294,-0.17457999999999999,-0.1871,-0.21975,-0.23081,-0.21206999999999998,nan,-0.21971,-0.22866999999999998,-0.22159,-0.21226,-0.21959,-0.22925,-0.21841999999999998,-0.2217,-0.24525999999999998,-0.24345,-0.22696,-0.23389000000000001,-0.24065,-0.24204,-0.25861999999999996,-0.2705,-0.26113000000000003,-0.25489,-0.25317,-0.2524,-0.25277,-0.25475,nan,-0.27521999999999996,-0.27482,-0.27973000000000003,nan,nan,-0.29643,-0.30132,-0.29043,-0.30732,-0.3097,-0.28563,-0.30179,-0.32638,nan,nan,-0.31687,-0.32823,-0.31656999999999996,-0.31903000000000004,-0.3416,-0.35074,nan,-0.34939000000000003,-0.35375999999999996,-0.355,-0.33686,-0.35286999999999996,-0.3935,-0.39191,-0.37646999999999997,-0.3815,-0.40803,nan,-0.42172,-0.43943000000000004,nan,-0.42818,-0.44106000000000006,-0.45498999999999995,-0.44755,-0.4522,-0.45885,-0.47213,-0.47167,-0.46413000000000004,nan,nan,nan,-0.51588,-0.51407,-0.51562,-0.53062,-0.53906,-0.53961,-0.52525,nan,-0.5382100000000001,nan,-0.57913,nan,-0.57521,-0.59958,-0.6009899999999999,-0.59406,-0.5986100000000001,-0.5998,-0.61505,-0.64089,-0.6456,nan,-0.67842,-0.69438,-0.66976,-0.66274,-0.69288,-0.70144,-0.69042,nan,-0.71004,-0.71326,-0.73545,nan,-0.72415,-0.7377100000000001,-0.78698,nan,-0.7491800000000001,-0.79594,-0.80608,-0.79676,-0.8229200000000001,-0.8134100000000001,-0.79961,-0.8147,-0.8366600000000001,-0.8559,nan,-0.8418399999999999,nan,nan,nan,nan,-0.86606,-0.8694200000000001,nan,-0.89881,-0.9086200000000001,-0.90841,-0.8854,-0.8842899999999999,-0.8968299999999999,-0.89651,-0.90148,-0.9148299999999999,nan,-0.90612,-0.89486,-0.89997,-0.9065799999999999,-0.90709,-0.9166,-0.9290799999999999,-0.9268200000000001,-0.9169200000000001,-0.9080799999999999,nan,-0.9078,-0.90369,-0.90671,-0.92735,-0.9218700000000001,-0.9012700000000001,-0.90823,-0.9003899999999999,-0.88887,-0.91958,-0.93186,-0.8984200000000001,-0.90391,nan,nan,-0.91425,-0.9265,-0.90456,-0.89615,-0.90638,nan,-0.9109799999999999,-0.9179299999999999,-0.8984,-0.8747299999999999,nan,-0.87531,-0.89646,-0.87855,-0.85711,-0.85616,-0.84696,-0.82455,-0.81509,-0.8229700000000001,-0.8203299999999999,-0.79935,nan,-0.79555,-0.79725,-0.78867,-0.7562,-0.74654,nan,-0.73956,-0.71131,nan,nan,-0.6879,-0.67987,-0.68842,nan,-0.62525,-0.64174,-0.63627,-0.5978100000000001,-0.6005199999999999,-0.61269,nan,-0.56167,-0.54913,-0.5404,-0.5273800000000001,nan,-0.49417,nan,-0.46536000000000005,nan,-0.43878,nan,-0.42699,nan,-0.3988,-0.37961999999999996,-0.35917,-0.32914,nan,-0.29181999999999997,-0.2874,nan,-0.18673,nan,nan,-0.165,-0.1405,-0.11563,-0.09896100000000001,-0.060627999999999994,-0.03277,-0.013074,0.034976,0.06579,0.072007,nan,nan,0.15186,0.1605,0.18992,0.23785,0.28961,0.31888,0.33074000000000003,0.35122,nan,nan,0.4591,0.50127,0.52825,0.5663,0.59791,nan,0.67581,0.70385,0.72039,0.76993,0.81612,nan,nan,0.9188200000000001,0.9525899999999999,0.98606,1.0386,1.0739,nan,1.1265,1.1685,1.2041,1.2542,1.296,1.3095,1.3448,1.3903,1.4165,1.46,1.5030000000000001,nan,nan,1.6054,1.6409,1.6951,nan,nan,1.7924,1.8384,nan,1.9252,1.9505,1.9627,2.0165,2.056,2.0897,nan,2.1526,2.1902,nan,nan,2.3083,2.3653,2.3926,2.4012,2.4127,2.452,2.5269,2.5851,nan,2.6055,2.6431,nan,2.7041,2.7423,2.7706,2.7951,2.8071,2.8306,2.8806,2.8996,2.9103,2.943,nan,2.9966,3.0004,3.0205,3.0610000000000004,3.0533,3.0637,nan,nan,3.0933,3.1093,nan,3.1122,3.1224,3.1258,3.1235,3.1122,3.0985,3.1129,nan,3.0973,nan,3.0975,3.0697,3.0376,3.0485,3.0411,3.0148,3.0147,3.0048,2.9731,2.9619,2.9634,2.9416,2.9176,2.9138,2.8933,2.8664,nan,2.8567,2.8323,2.8164,2.8057,nan,2.7803,2.7529,2.7352,2.7002,nan,nan,2.6494,2.6201,nan,2.6287,2.5981,nan,2.5833,2.5610000000000004,2.5453,2.5439,2.5018,2.4855,2.496,2.4576,2.4425,2.4419999999999997,2.4068,2.3963,2.3987,nan,2.4096,2.4012,2.3826,nan,2.3315,2.3229,2.3198,2.2959,nan,2.2991,2.2838,2.2646,nan,2.2378,2.2151,2.2116,2.211,2.1986,2.1717,2.1445,2.1407,2.1505,2.1426,2.1333,2.1433,2.1199,nan,nan,2.0816,2.05,nan,2.0425,2.0209,nan,2.0158,2.0128,2.0137,nan,nan,nan,1.9471,1.9431,1.9532,1.9437,1.9428,1.9588,nan,1.8858,1.8803,1.8972,1.8737,1.8536,nan,nan,1.8587,1.8798,nan,1.8352,1.8437,1.8298,nan,1.8332,nan,1.7799,1.7990000000000002,1.8078,nan,1.7687,nan,1.7552,nan,1.7304,1.7303,nan,1.7234,nan,1.7057,nan,1.7,nan,nan,nan,1.6856,1.6905,nan,1.6462,nan,nan,1.6205,1.6342,nan,1.6053,1.6091,nan,1.5956,1.5744,nan,1.5829,1.5764,nan,1.5713,1.5708,1.5593,1.5258,1.5103,1.5209,1.5148,1.5047,1.4937,1.4973,1.5147,nan,1.4581,1.4597,nan,1.4433,1.4433,1.4213,1.4239,1.402,1.385,1.4164,1.4147,1.3796,1.3765,1.369,1.3494,nan,1.3742,1.3556,1.3369,nan,1.3182,nan,1.2990000000000002,nan,1.2695,nan,1.2851,1.2448,1.2403,1.2574,1.2492,1.24,nan,1.2319,1.2553,1.2425,1.2058,1.2045,1.195,1.1762,nan,nan,1.111,1.1269,1.1129,1.0895,1.0938,1.0898,1.0807,nan,1.0852,1.0896,nan,nan,1.0464,1.0263,1.0270000000000001,1.0398,1.0383,1.0257,1.0053,0.98492,0.9789899999999999,0.9794700000000001,0.96691,0.95599,nan,0.9341799999999999,0.91704,0.91071,nan,0.90105,0.90269,0.86251,nan,0.8501,nan,0.8518600000000001,nan,0.81416,0.82634,0.8552700000000001,0.84086,0.83011,0.84762,0.83235,0.80553,0.81996,0.81139,0.78072,0.7841199999999999,nan,0.74225,nan,nan,0.74224,0.73932,0.71991,0.72326,nan,0.68652,0.71038,0.68865,0.6660699999999999,nan,0.69508,nan,nan,nan,0.65855,0.64644,0.63153,0.64766,0.63736,0.6089,0.62188,0.60242,nan,0.61044,0.59349,0.5697300000000001,0.5767899999999999,0.56987,0.56099,0.55676,0.53952,0.53723,0.5478,0.53883,0.54099,0.54655,0.51351,0.48681,0.49673999999999996,0.5167,0.51066,0.48917,0.49251999999999996,0.49922,0.48465,nan,0.47247,0.47558999999999996,0.45841000000000004,0.42723,0.42633000000000004,0.41652,0.39998,0.42046000000000006,nan,0.41916000000000003,0.40956,0.39995,0.40797,0.41245,0.39571999999999996,0.38686,nan,0.36378,0.3689,0.38668,0.37129,0.35194000000000003,0.35204,0.33596,nan,0.32415,0.34784,nan,0.30396,0.30839,0.31164000000000003,0.28379,0.27460999999999997,0.2896,0.28439000000000003,0.27654,0.27637,0.26671999999999996,0.26693,0.25864000000000004,0.22678,0.2156,0.21505,nan,nan,0.20265999999999998,0.20706999999999998,0.19363,nan,nan,0.20418,0.20548000000000002,0.19835,0.16755,0.17837999999999998,0.19584000000000001,0.17272,0.16416,0.16989,0.15878,0.15339,0.1523,0.1439,nan,0.1389,0.12761,0.13022999999999998,0.1261,nan,0.13957,0.10947,0.10311,0.098999,0.07793,0.08872000000000001,0.097337,0.090312,0.093361,0.10196000000000001,0.10837000000000001,0.094287,0.078675,0.090224,nan,0.062572,0.057363,0.065964,0.056812,0.060599,0.068704,0.065943,nan,0.053066999999999996,0.042724,0.05439,0.054669,nan,nan,0.037016,0.027339,nan,0.050061,0.026823000000000003,0.028026,0.04251,0.037891,0.030425999999999998,0.039982,0.046745,0.033513999999999995,0.033916,0.040499,0.024709000000000002,0.014100999999999999,0.021153,0.016357,0.015479,0.028408999999999997,0.028961,nan,0.016424,0.021554,0.013578999999999999,0.0045561,0.014616999999999998,0.031408,0.023554,0.0016331,0.0029844000000000003,0.018208000000000002,0.013338,0.0053188,0.016123,0.022556,nan,0.0069405000000000005,0.0037255,-0.0069173,0.00085752,0.0057594,0.0049676,0.017909,0.0059287,-0.010820999999999999,-0.0073073999999999995,-0.0076929,0.00038744,0.0064493,-0.010971,-0.010642,0.014601,0.012457,nan,-0.009462200000000002,nan,-0.018115,-0.012388,0.0038864000000000004,-0.0054146,0.004088800000000001,nan,-0.010196,nan,-0.021247,-0.018930000000000002,-0.01865,-0.0074649,-0.018264,nan,nan,-0.0099604,-0.0025316999999999996,-0.015308,nan,-0.033414,nan,nan,nan,-0.032992,-0.019784,-0.024061000000000003,-0.052989999999999995,-0.057847,nan,-0.042482,nan,-0.05782,-0.06629700000000001,-0.06626900000000001,-0.070437,-0.066064,nan,-0.065102,-0.08156000000000001,-0.065846,-0.067422,-0.073999,nan,-0.09058,nan,nan,-0.094025,-0.061064999999999994,-0.081039,-0.098721,-0.07609500000000001,nan,nan,-0.096291,-0.10634,nan,-0.1151,-0.10192999999999999,-0.12322999999999999,nan,-0.12984,-0.13923,-0.15037,-0.11015,-0.17695999999999998,-0.1621,-0.053699000000000004,-0.23223000000000002
2.0,0.32201,0.31064,nan,0.29116,0.28311,0.30246999999999996,nan,0.29481999999999997,0.28060999999999997,0.30408,0.29629,nan,0.27105999999999997,0.26147,0.24652,0.25017,0.21514,0.21930999999999998,0.20840999999999998,0.19218,0.22535,0.19337000000000001,0.18924000000000002,nan,nan,0.14584,0.14227,0.12879000000000002,0.1426,0.11347,0.12175,0.11087999999999999,nan,0.053173000000000005,0.053551999999999995,nan,0.03961,0.029305,0.050283,0.021672999999999998,0.015104,-0.015147,-0.0030265,-0.009209,-0.039779,-0.016928,-0.03151,-0.043272000000000005,-0.047735,-0.079205,-0.063346,-0.05925,-0.088036,-0.090076,-0.10755,-0.088239,nan,nan,-0.14035,-0.1397,-0.14927,-0.14836,-0.15078,-0.1843,-0.14982,-0.15514,-0.19945,-0.19894,-0.20237,-0.20054,nan,-0.23617,-0.22436,-0.24184,nan,-0.24519000000000002,-0.25748000000000004,-0.25217,-0.27248,-0.26231,-0.30169,nan,-0.30119,-0.31961999999999996,nan,nan,nan,nan,-0.38095,-0.3923,-0.39178,-0.39176,-0.39269,nan,nan,nan,nan,-0.43968999999999997,-0.45053000000000004,-0.42748,-0.44938,nan,-0.46153999999999995,nan,-0.48758999999999997,nan,nan,nan,-0.5322899999999999,-0.52022,-0.54378,-0.53261,-0.55408,-0.54415,-0.57513,-0.57028,nan,-0.56966,-0.58407,-0.60292,-0.60185,-0.60135,-0.61173,-0.60738,-0.59745,-0.62058,-0.63459,nan,-0.64184,-0.64175,-0.6605800000000001,-0.6583899999999999,-0.67099,nan,-0.66509,nan,-0.6843,-0.69452,-0.72331,-0.7016,-0.70355,-0.7037399999999999,-0.73011,nan,-0.7147600000000001,-0.72102,-0.72511,nan,nan,-0.72959,-0.75516,nan,-0.7346199999999999,-0.7461800000000001,-0.74358,-0.74497,-0.7659999999999999,-0.75256,-0.73248,nan,-0.75053,nan,-0.73175,-0.74351,-0.7709600000000001,-0.74425,-0.755,-0.76071,-0.74784,-0.76877,nan,-0.75634,-0.75753,-0.7677,-0.75262,-0.75868,-0.76936,-0.76626,-0.77117,-0.77952,-0.78254,-0.775,-0.75952,-0.79374,nan,nan,-0.78142,-0.7790600000000001,-0.7557699999999999,-0.77076,-0.78115,-0.78117,-0.7812,-0.76839,-0.75754,-0.76949,-0.76973,-0.80466,-0.79414,-0.7812100000000001,nan,-0.7568600000000001,-0.78082,-0.75876,-0.75585,nan,-0.7558600000000001,-0.7670899999999999,-0.79001,-0.79525,-0.7795,-0.79301,-0.77178,-0.76662,-0.7772399999999999,nan,-0.77231,nan,-0.76764,-0.77686,-0.78141,-0.77154,-0.7562399999999999,-0.76405,-0.7683399999999999,-0.77444,-0.77691,-0.75054,nan,-0.7602300000000001,-0.77041,-0.7742,-0.77094,-0.78333,-0.77583,-0.78751,-0.78832,-0.7652899999999999,-0.78346,-0.78568,-0.77874,nan,-0.75349,nan,-0.7681600000000001,-0.77565,nan,nan,nan,nan,nan,-0.76427,-0.76722,-0.76841,nan,-0.7770199999999999,-0.76461,-0.74683,-0.77327,nan,-0.76699,-0.75043,nan,-0.77905,nan,-0.74942,-0.75413,-0.77925,nan,-0.7741399999999999,-0.74063,-0.7600899999999999,nan,-0.7569600000000001,-0.75517,-0.75484,-0.74263,-0.7478100000000001,-0.7554,-0.74327,-0.74679,-0.7429,-0.7339100000000001,-0.74666,-0.74538,-0.75902,-0.7680600000000001,-0.75564,-0.7449600000000001,-0.7472300000000001,-0.75642,nan,nan,-0.73482,-0.7573,-0.73432,-0.74669,-0.7346199999999999,nan,-0.7468899999999999,nan,-0.7228,-0.7209899999999999,-0.73407,-0.7328100000000001,nan,-0.73328,-0.75505,-0.73787,-0.72064,nan,-0.72024,nan,-0.72855,-0.7394,-0.69711,-0.7357,-0.73258,nan,-0.73277,nan,nan,-0.70754,nan,-0.7203,-0.72245,-0.70898,-0.71811,-0.71157,-0.70903,-0.70349,nan,-0.69219,-0.70633,nan,nan,-0.7217600000000001,nan,-0.68355,-0.69553,-0.6767,-0.65969,nan,-0.69858,-0.6846399999999999,-0.6676,-0.68081,-0.6844899999999999,-0.68621,-0.67904,-0.6712899999999999,nan,-0.6731699999999999,-0.67137,nan,nan,-0.66564,-0.6698,-0.65937,nan,-0.66622,-0.66943,-0.66288,nan,-0.6571100000000001,-0.6637,nan,-0.66432,-0.65412,-0.63807,-0.65317,-0.6635300000000001,-0.6561600000000001,-0.63768,-0.6514300000000001,-0.63279,-0.6292800000000001,-0.63874,-0.64005,-0.63515,-0.61468,-0.64345,-0.63502,-0.62952,nan,nan,-0.64225,-0.6373300000000001,-0.62825,-0.64002,nan,-0.6396,-0.62744,-0.6280399999999999,-0.603,-0.5812,nan,nan,-0.60401,-0.60313,-0.61639,nan,-0.61503,nan,nan,nan,-0.61453,nan,nan,-0.58119,-0.5976600000000001,-0.60731,nan,-0.59026,-0.59091,-0.60173,-0.5857,nan,-0.59975,-0.59573,-0.5805,nan,-0.586,-0.60241,-0.59299,nan,-0.5816899999999999,-0.57922,-0.57581,nan,nan,-0.58925,-0.58519,-0.57439,-0.59239,-0.60736,-0.58496,-0.58314,-0.5978399999999999,nan,-0.58809,-0.5805899999999999,nan,-0.56189,-0.58828,-0.5967399999999999,-0.59592,-0.59277,-0.57799,-0.59895,-0.60549,-0.61147,-0.57147,-0.58004,-0.60443,-0.5806899999999999,-0.58112,-0.5747,-0.58657,nan,-0.58363,-0.5864,-0.58299,-0.58518,-0.5644600000000001,-0.5664600000000001,-0.59195,-0.58846,-0.55894,-0.59237,-0.56403,-0.6010800000000001,-0.59751,-0.59218,nan,-0.5764,-0.56734,-0.5836,-0.59096,nan,-0.6008,-0.5777899999999999,-0.5806100000000001,-0.57992,-0.5797399999999999,-0.58096,-0.5786100000000001,-0.56942,-0.59309,-0.58004,-0.60531,-0.59049,-0.5697300000000001,-0.6037399999999999,nan,-0.6040300000000001,-0.58115,-0.59258,nan,-0.5929399999999999,-0.5808399999999999,-0.59197,-0.58192,-0.57895,nan,-0.5915199999999999,nan,-0.58417,-0.56617,-0.5896,-0.58394,-0.5665600000000001,nan,-0.58739,nan,-0.57213,-0.57518,-0.58082,-0.5795399999999999,-0.56933,-0.58181,-0.5989399999999999,nan,-0.5786600000000001,-0.56725,nan,-0.58392,-0.585,-0.5867399999999999,nan,-0.5898800000000001,-0.58334,nan,nan,-0.5848300000000001,-0.5849,-0.5865,nan,-0.58585,nan,nan,-0.58041,-0.58403,nan,-0.5847399999999999,-0.5714100000000001,nan,-0.6100300000000001,nan,-0.5919800000000001,-0.57835,-0.5727399999999999,nan,-0.58863,-0.58804,-0.5776600000000001,nan,-0.57949,-0.59038,-0.59404,-0.58109,-0.58797,-0.58175,-0.58787,-0.58201,nan,-0.58439,-0.59926,-0.57906,-0.6067600000000001,-0.5834600000000001,-0.5826399999999999,-0.5919800000000001,nan,nan,nan,-0.59907,nan,-0.5997,-0.68028,-0.55437,-0.5734899999999999,-0.56577,-0.5828800000000001,nan,-0.6156,-0.59021,-0.5935199999999999,nan,-0.5931,-0.59217,nan,-0.59335,-0.5927600000000001,-0.59321,-0.59328,-0.56857,-0.59304,-0.59127,-0.6403399999999999,-0.58263,nan,-0.5825,nan,-0.5963,-0.57824,-0.59282,-0.58041,nan,-0.58395,-0.56594,nan,-0.59273,-0.5912,-0.59187,nan,nan,-0.58594,nan,nan,nan,-0.57445,-0.57614,-0.60877,nan,-0.5866100000000001,nan,-0.59302,-0.5544100000000001,-0.57604,-0.60659,-0.58043,-0.60095,-0.56825,-0.57733,-0.57258,-0.5997,-0.57753,nan,-0.59511,-0.57325,-0.57913,-0.58231,-0.5614,-0.5712,-0.58616,-0.5584399999999999,-0.57476,-0.57968,-0.5756600000000001,-0.5866600000000001,-0.58419,-0.58381,nan,-0.58196,nan,nan,-0.5754600000000001,-0.56724,-0.58292,-0.57347,-0.56712,-0.5866100000000001,-0.58615,-0.58049,nan,-0.57201,-0.5736,-0.57586,-0.59887,-0.56307,-0.58363,-0.5784699999999999,-0.59422,-0.5726899999999999,nan,nan,-0.5703199999999999,-0.59217,-0.5632199999999999,-0.5716600000000001,-0.57807,-0.56858,-0.58086,-0.58012,-0.57998,-0.581,-0.57913,-0.5693699999999999,nan,-0.58033,-0.5805899999999999,-0.56879,nan,-0.58105,nan,-0.58081,-0.60328,-0.5823699999999999,-0.56757,-0.5916100000000001,-0.59329,-0.58102,-0.57985,-0.5806399999999999,-0.57939,nan,-0.56795,-0.5783699999999999,nan,-0.5898399999999999,-0.58421,-0.56648,nan,-0.57916,-0.58086,nan,-0.57572,-0.58045,-0.58573,-0.59663,-0.56962,nan,nan,-0.6010300000000001,-0.59782,-0.57202,nan,-0.5906899999999999,-0.5826399999999999,-0.57733,-0.58441,nan,nan,-0.56826,nan,-0.5915,-0.59341,-0.60598,-0.59621,nan,nan,-0.60096,nan,-0.60049,-0.61224,-0.60044,-0.59807,nan,-0.6373300000000001,-0.6425,-0.62336,-0.64752,-0.64573,nan,-0.6789,-0.66185,-0.64998,-0.66419,-0.65827,-0.66533,nan,-0.67377,-0.69352,-0.71015,nan,-0.69208,-0.70411,-0.7189399999999999,nan,-0.73783,-0.7278899999999999,-0.72312,nan,-0.75232,nan,nan,nan,-0.77413,-0.76283,-0.7470100000000001,-0.7710899999999999,-0.7813,nan,-0.78215,-0.79298,-0.79433,nan,-0.81665,-0.8416600000000001,-0.84005,-0.84135,-0.8638399999999999,-0.8408399999999999,-0.84073,-0.86379,-0.8517299999999999,-0.8630200000000001,-0.8638100000000001,-0.87374,-0.8990100000000001,-0.8991,-0.90974,-0.90069,-0.9066,-0.9334,nan,nan,-0.9496399999999999,-0.94199,-0.9677600000000001,nan,nan,-0.97988,-0.9808899999999999,-0.97211,-0.9647100000000001,-0.9804700000000001,-0.97636,-1.0074,nan,nan,-1.0132,nan,-1.0356,-1.0191,-1.0541,nan,-1.0396,-1.0495,-1.0775,-1.0587,-1.0882,nan,-1.0876,-1.1236,-1.1173,-1.1281,nan,-1.1283,-1.1481,-1.1463,-1.1351,-1.1768,nan,-1.1602,-1.1946,-1.1806,-1.1927,-1.1981,-1.197,-1.1981,nan,-1.1971,-1.2055,-1.2488,nan,-1.2446,-1.2334,nan,-1.2579,-1.2564,-1.275,-1.2613,-1.2806,nan,nan,-1.3193,-1.3085,-1.3111,-1.3102,-1.3273,-1.3144,-1.3059,-1.3509,-1.3294,-1.3248,-1.3522,-1.3543,nan,nan,-1.3455,-1.3741,-1.3684,-1.3725,-1.3689,nan,-1.406,-1.3959,nan,nan,-1.4191,-1.4064,nan,-1.4189,nan,-1.4302,-1.419,-1.4180000000000001,nan,nan,-1.4271,-1.4541,-1.4196,nan,-1.4184,-1.4374,-1.4438,-1.4394,-1.4432,-1.4388,-1.4448,-1.4263,nan,-1.4315,-1.4461,-1.4453,-1.4457,-1.455,-1.4479,-1.4554,-1.4392,-1.4506,nan,-1.4658,-1.4354,-1.4426,-1.4397,-1.4233,nan,-1.4342,nan,-1.4168,-1.4207,-1.4373,-1.4384,-1.4429,-1.4296,-1.4356,-1.4332,-1.4289,-1.4144,-1.4097,nan,-1.4126,-1.4053,-1.4218,-1.4018,-1.3967,-1.3984,-1.3676,-1.3506,-1.3449,-1.3448,-1.3497,-1.3537,-1.3194,-1.315,-1.3395,-1.325,-1.3051,-1.2951,-1.285,-1.2869,nan,-1.25,-1.2483,-1.2394,nan,-1.2087,-1.19,-1.1797,-1.1803,-1.1491,-1.1532,-1.1636,-1.1187,-1.1206,-1.0827,-1.0899,-1.0701,-1.0521,-1.0355,-1.0056,-1.028,-0.9920100000000001,-0.9935700000000001,-0.9688100000000001,nan,-0.9334399999999999,nan,-0.91095,-0.8880100000000001,-0.84106,-0.8514700000000001,-0.82991,-0.80433,-0.79523,-0.74795,nan,-0.73641,-0.70052,-0.6758,nan,nan,-0.60439,-0.59414,-0.5807,-0.57204,-0.52912,-0.48996000000000006,-0.46581999999999996,nan,-0.41862,-0.40362,-0.38695999999999997,-0.35017,-0.32759,-0.28423000000000004,-0.25278,-0.22587,-0.18439,-0.17117000000000002,-0.13103,nan,-0.064577,nan,-0.0036494999999999995,0.025829,0.07282999999999999,nan,nan,0.18783,0.22854000000000002,nan,0.30419,0.33296,0.39421999999999996,0.43737,0.44167,0.48573,0.53291,0.59673,0.6151300000000001,0.64658,0.68683,0.73587,0.77771,nan,0.8508600000000001,0.9005799999999999,0.95724,0.95847,1.0214,1.0749,1.0915,1.1464,nan,1.2514,1.2783,1.3352,1.3674,nan,1.4605,1.4956,1.5318,1.6015,1.6583,1.6664,1.7117,1.7690000000000001,nan,1.8475,1.8963,1.9406,1.9764,2.0264,2.082,2.1165,nan,2.2176,2.2353,2.3182,2.3497,2.3982,2.4448,2.4898,2.5019,2.5622,nan,2.6310000000000002,nan,2.7253,nan,2.772,2.8177,2.8651,2.9004,2.9132,2.9453,2.9633,2.9456,3.0137,nan,nan,3.045,3.049,nan,3.1042,3.1002,3.1125,3.1153,3.1044,3.1001,3.1121,3.1076,3.0887,3.1013,3.0854,3.0727,3.096,nan,nan,3.0528,3.0598,3.0302,3.0108,2.9981,nan,2.9632,2.9669,nan,2.9422,2.9269,2.9248,2.9175,2.8765,2.8999,2.8591,2.8045,2.7952,2.7882,2.7832,2.7739,2.7511,2.7438,nan,2.7157,2.6615,nan,2.65,2.6156,2.6012,2.5676,2.5649,2.5637,2.5196,2.4934,2.489,2.4822,2.4599,2.4478,2.421,2.4011,2.3925,2.3745,2.3569999999999998,2.3392,nan,2.3313,nan,nan,2.2334,2.2164,2.2186,2.2153,2.2056,nan,2.1661,nan,nan,2.1216,2.1216,2.1108,2.1111,2.0985,2.0995,2.0857,2.0515,2.0522,nan,nan,2.04,2.0176,2.0049,nan,1.97,1.9802,1.9808,1.9814,nan,nan,1.9746,nan,1.9135,1.8865,1.9168,1.9148,1.9087,1.9043,nan,1.8507,1.8623,1.8553,1.8419,1.8302,1.8124,1.7889,1.8142,nan,1.7919999999999998,1.7773,1.7665,1.7704,1.7701,1.7612,1.757,1.7513,1.7321,1.7022,1.706,1.6999,1.6737,1.6766,1.6665,nan,1.6583,nan,1.6421,1.6614,nan,nan,1.6042,1.5872,1.597,1.5764,1.5509,1.5593,1.5253,nan,1.5001,nan,1.5189,1.4965,1.4871,1.4754,1.4434,1.4584,1.4569,1.4301,1.4101,1.403,1.4017,1.3852,nan,1.3581,1.3493,nan,nan,nan,1.2933,1.284,1.2679,nan,1.2835,nan,1.2746,1.2578,1.2503,1.2332,1.2158,1.2236,1.1881,1.1772,1.1664,1.1643,nan,1.1316,1.1068,1.0962,1.1078,1.0957,1.1189,nan,1.0615,1.0375,1.0366,1.0259,nan,1.0026,1.0015,1.0021,0.9925200000000001,0.9677,0.9568200000000001,nan,0.95404,nan,0.9178700000000001,0.9131,nan,nan,0.87746,0.87256,0.8452700000000001,0.8406600000000001,nan,0.82705,0.83311,0.8322700000000001,nan,nan,0.80156,0.8035,nan,0.76586,0.76413,0.7237600000000001,0.70554,0.7354,0.71143,nan,0.70398,0.6977899999999999,0.6757,0.65865,0.65365,0.65189,0.62789,0.61944,0.64208,0.63147,0.61152,0.6048100000000001,0.60992,nan,0.59142,nan,nan,0.5935600000000001,0.57536,0.57102,0.5498,nan,0.5505899999999999,nan,0.54764,0.5283800000000001,0.51072,0.52991,0.49941,0.51355,0.49546,0.4696,0.48676,nan,0.46971999999999997,0.45361,0.43358,nan,0.43521000000000004,nan,0.43578999999999996,nan,0.42267,0.43828999999999996,0.43117,0.4105,0.40972,0.40014,0.39808000000000004,0.37517,0.38849,0.37429,0.37624,0.36144,0.32781,nan,nan,0.32835,0.32813000000000003,0.29338000000000003,0.29284,0.29373,0.29236999999999996,nan,0.25783,0.29246,0.27111,nan,0.27126,0.26952,nan,nan,nan,nan,0.20974,0.2031,0.18774000000000002,0.19730999999999999,0.20158,0.19012,0.1867,nan,0.16118,0.17831,nan,0.14833,0.1463,0.14579,0.15829000000000001,0.14176,0.14257999999999998,0.13859000000000002,0.14627,0.11685,nan,0.1221,0.10794000000000001,0.10704000000000001,0.10019,0.09045800000000001,0.099079,0.082493,0.092602,0.08025800000000001,nan,0.075676,0.047525,0.048449,nan,0.069211,0.060502999999999994,0.042268,0.051829999999999994,nan,0.041415,nan,0.031124000000000002,nan,0.037724,nan,nan,0.059015,0.026561,0.040768,0.0275,0.025988999999999998,0.038235000000000005,0.050306000000000003,0.039827,0.018638,0.0069472,0.018345,nan,nan,nan,nan,0.024772,nan,-0.0031742,0.0014179,0.010933,0.0092955,0.010870999999999999,0.007456100000000001,-0.015364,-0.011424,-0.00061819,-0.0016512999999999999,-0.00063318,0.010534,0.022044,0.0072052999999999996,-0.013397999999999998,nan,-0.013755000000000002,0.0096654,0.008751,-0.014086000000000001,-0.014147,nan,-0.014233,nan,-0.024312,-0.01546,-0.011804,-0.026412,-0.013183000000000002,-0.034848000000000004,-0.039826,-0.024571,-0.036887,-0.035973000000000005,-0.057497,-0.05242,-0.036319,nan,-0.033964999999999995,-0.049737,-0.026931999999999998,-0.041998,-0.043325999999999996,-0.024301,-0.025942000000000003,-0.023022,-0.026695,nan,-0.043243000000000004,-0.041088,-0.0351,-0.036412,nan,-0.026638,-0.031157999999999998,-0.042848000000000004,-0.052506,nan,-0.033624,-0.021534,-0.021147,nan,nan,-0.030119,-0.039538,-0.031658,nan,-0.033338,-0.028675,-0.036543,-0.039532,-0.024904,-0.041942,nan,-0.032224,-0.035699,-0.043597000000000004,-0.034365,nan,-0.029285000000000002,-0.021533,-0.023724000000000002,-0.0036224000000000004,-0.0064343000000000004,nan,-0.016621,-0.017297999999999997,-0.019696,0.0047166000000000005,nan,0.0035018999999999996,nan,-0.0081007,nan,-0.0086381,0.011304999999999999,nan,-0.00045789999999999996,0.0015497999999999998,0.008956299999999999,0.00035266,0.02678,0.034323,0.033036,0.020538999999999998,0.023272,nan,0.032075,nan,nan,nan,0.04567,0.019977,0.035533999999999996,0.044691,nan,0.045354000000000005,0.03317,0.057574,nan,0.032549,nan,0.04579,nan,0.070116,0.078078,0.094159,nan,0.11672,nan,0.10452,0.10315999999999999,0.12854000000000002,0.096572,0.12032999999999999,0.13377,0.11414,0.12879000000000002,0.11790999999999999,0.12443,0.13965999999999998,0.14140999999999998,0.13241,0.12516,0.14772000000000002,0.15528,0.15104,0.15545,0.14906,nan,nan,0.16154000000000002,0.16542,nan,0.18855999999999998,0.17909,0.18239,0.19094,0.18638,0.19005,0.19061,0.2141,0.19430999999999998,nan,0.21295999999999998,0.21745,0.22274000000000002,0.23515999999999998,0.2499,0.25474,0.28167,0.27785,0.26393,nan,0.27381,0.26979000000000003,0.29858,0.29531,0.26521,0.29848,0.30191999999999997,0.2949,0.28988,nan,0.31613,0.3124,0.30893000000000004,0.3179,nan,0.31411,0.31088000000000005,0.31446,nan,0.30945,0.33039,0.33383,0.33469,0.32333,0.35146,0.331,0.35154,0.33097,0.36558,0.3383,0.35604,0.36591999999999997,0.37394,0.3533,0.37687,0.36279,0.37709000000000004,0.37506999999999996,0.37576,0.37578,0.38800999999999997,nan,0.40021,0.43487,nan,0.42235,0.43468999999999997,0.42245,0.44576000000000005,0.45863000000000004,nan,0.45713000000000004,0.5031399999999999,0.51688,0.52845,0.51902,nan,0.5526800000000001,nan,0.5392100000000001,0.55371,0.55193,0.56483,0.56189,0.57887,nan,nan,0.55119,0.54548,0.56663,nan,0.56776,0.55507,0.56083,nan,0.58004,nan,0.56696,0.5553899999999999,0.5628,nan,0.56037,nan,0.56796,0.54967,0.55138,0.5724600000000001,0.5545399999999999,nan,nan,0.58663,0.5767399999999999,0.5968600000000001,0.57643,0.5617800000000001,nan,0.55479,0.56358,0.55613,nan,0.57102,0.57004,0.5554899999999999,nan,0.58078,0.58113,0.56591,0.56018,0.58017,0.57776,0.57196,nan,0.5737300000000001,0.56809,0.5743,0.5676899999999999,0.57327,nan,0.5674600000000001,nan,0.57792,0.5606300000000001,0.56948,nan,0.56479,nan,nan,0.58757,nan,0.57867,0.58913,0.5885699999999999,0.5888100000000001,nan,0.60946,0.5743199999999999,0.59118,0.59927,0.60232,0.6224,0.58773,0.60043,0.58802,0.6112,0.61111,0.60017,0.60031,nan,0.61054,0.62302,0.6235,0.62339,nan,0.62357,nan,0.6238,0.6233,0.62434,0.62232,0.6353800000000001,0.62603,0.62283,0.6248199999999999,0.6148899999999999,nan,0.6331100000000001,0.6284,0.61439,0.6022,0.6157,nan,0.60898,0.62675,0.60311,0.61964,0.6089399999999999,nan,0.60593,0.61342,0.61898,0.58163,0.61248,0.5876100000000001,nan,0.62158,0.60043,0.60531,0.5918,0.5954699999999999,0.6029100000000001,0.60502,nan,0.58768,0.60128,0.58621,0.59082,0.61535,0.5945,0.6075699999999999,0.59185,0.59606,0.5948899999999999,0.5706600000000001,0.58354,nan,0.57626,0.58372,0.5633199999999999,nan,nan,0.54694,0.55114,0.54305,0.55734,0.55084,0.53655,0.51295,0.52357,0.52673,0.51891,0.53154,0.52935,0.5285,nan,nan,0.53087,0.52733,0.50225,0.49556999999999995,0.49182,nan,0.493,0.46733,0.45871000000000006,0.44553999999999994,0.46183,0.44243000000000005,nan
5.0,-0.15159,-0.35862,nan,-0.24403000000000002,-0.25776,nan,-0.23117,-0.22758,-0.21598,-0.23446999999999998,nan,-0.22463000000000002,-0.24768,-0.24388,-0.23434000000000002,nan,nan,-0.21444000000000002,-0.23749,-0.23335999999999998,-0.23376,-0.20159000000000002,-0.21483000000000002,nan,-0.24786,-0.23003,nan,nan,-0.21986,-0.22252,-0.23048000000000002,-0.21688000000000002,-0.24656,-0.24228000000000002,-0.2334,nan,-0.24794000000000002,-0.23424,nan,nan,nan,-0.23496999999999998,-0.23344,-0.21669000000000002,-0.22505999999999998,-0.24163,-0.25661999999999996,-0.26578,-0.23644,-0.21356999999999998,-0.22168000000000002,-0.20248,-0.20318,-0.21616999999999997,-0.21161999999999997,-0.24771999999999997,-0.22953,-0.22544,-0.27014,-0.25258,nan,-0.23171999999999998,-0.21314,-0.23961,-0.23253000000000001,-0.21629,nan,-0.24051999999999998,-0.2219,-0.21921999999999997,-0.23442,nan,-0.23051999999999997,nan,-0.2008,-0.23535,-0.2202,-0.2106,-0.21866,-0.21344000000000002,-0.21718,-0.23333,-0.24068,-0.19596,-0.1887,-0.22407,nan,-0.24977,-0.24168,-0.22025,nan,-0.21706,-0.2169,-0.21141,nan,-0.24781,-0.22693000000000002,-0.2153,-0.2137,-0.24366,-0.23983000000000002,-0.20026,nan,-0.21666999999999997,-0.2153,-0.22436,-0.2385,-0.22657,-0.2163,-0.21731999999999999,-0.20106,-0.2043,-0.21718,-0.19095,nan,nan,nan,-0.16596,-0.18991,-0.19882,-0.18624000000000002,nan,-0.15332,-0.1662,nan,-0.13130999999999998,-0.14549,-0.15597,-0.17802,-0.17594,-0.14474,-0.13133,-0.12854000000000002,-0.13405999999999998,-0.1174,-0.09644900000000001,-0.13207,-0.15212,-0.12100999999999999,-0.11888,-0.13237000000000002,-0.13052,-0.13133,-0.11865999999999999,nan,nan,-0.05924,-0.063118,-0.050143,-0.048673,-0.080288,-0.068209,-0.046762,-0.062092999999999995,nan,-0.065898,-0.048241,-0.02732,-0.029524,nan,-0.024424,-0.016717,0.011437000000000001,-0.017579,-0.015056,0.023415000000000002,0.0026609999999999997,-0.013365,nan,-0.02972,-0.00064296,0.014247,-0.0076884,-0.007578699999999999,0.0076485,0.005928,-0.010067,-0.003913000000000001,0.015108000000000002,0.026423000000000002,0.038982,nan,0.026768,0.023178999999999998,0.022711000000000002,0.024521,nan,0.040818,0.030392000000000002,0.021949,nan,nan,0.056411,nan,0.066984,nan,0.07701799999999999,0.08982899999999999,0.11855999999999998,0.12853,nan,0.10111,0.10933,0.14194,nan,0.11399000000000001,0.12255999999999999,nan,0.12332,0.11277000000000001,0.10869000000000001,0.14205,0.13527,nan,0.14044,0.14129,0.14676,0.12939,0.10692,0.1405,0.149,0.11503,0.11039000000000002,0.13155999999999998,nan,0.14139000000000002,0.14297,0.13445,0.12247999999999999,0.15020999999999998,0.15858,0.12559,0.13935,0.12722999999999998,0.10882,nan,0.14351,nan,0.15366,0.16222,0.15614,0.141,0.15441,0.16601,nan,0.14577,nan,0.12829000000000002,0.11217,0.15762,0.13948,nan,0.14164000000000002,0.15737,0.17227,nan,0.15992,0.15654,0.14031,0.17059000000000002,0.15933,nan,0.1633,0.15828,0.14624,nan,0.14347000000000001,nan,0.14089000000000002,0.14254,0.11189,0.12309,nan,0.11767000000000001,0.12464000000000001,0.14174,0.13893,0.15606,0.18295,0.16997,0.14199,nan,0.13216,0.12554,0.15017,nan,0.17643,0.17905,0.21522,nan,0.13922,0.17185,0.19271,nan,0.21652,nan,0.21013,0.21245,0.20101,nan,0.258,0.22271,nan,nan,nan,0.25051999999999996,0.25009000000000003,0.20881999999999998,0.23861999999999997,0.2356,0.23444,nan,0.27371999999999996,0.24336,0.23606,0.2714,0.26688,0.23989000000000002,0.26227,nan,0.29786999999999997,nan,0.28911,0.26286,nan,nan,0.27914,0.32325,0.31728,0.29644000000000004,nan,0.30188000000000004,0.31601999999999997,0.35323000000000004,0.32171,0.32736,0.33482,nan,0.29422,0.29658,0.31561999999999996,0.34468000000000004,0.33391,0.33336,0.34953,nan,0.31193000000000004,0.33097,0.30406,0.30446999999999996,0.33576999999999996,0.32626,nan,0.33335,0.31635,0.31508,nan,0.29461,0.32056999999999997,0.34536,nan,0.34508,nan,0.32481,0.36107,0.34641,0.32361,nan,0.32781,0.32938,0.33118000000000003,nan,0.36623,0.32854,nan,nan,0.34483,nan,nan,0.38017,0.36596999999999996,0.36965,0.3912,0.36774,0.34596,0.37711999999999996,0.3992,0.38518,0.38142,nan,0.39707,0.41683000000000003,0.38694,nan,0.3942,0.40097,0.43123999999999996,0.4013,0.41473999999999994,0.43082,0.41302,0.43136,0.41718999999999995,0.4201,0.44018999999999997,0.42518,0.43506000000000006,0.44853999999999994,0.44559,nan,0.42518999999999996,0.39679000000000003,0.43275,nan,0.43577,0.46321,0.43001999999999996,0.41827,0.46273000000000003,0.45596000000000003,0.44327,nan,nan,0.44881000000000004,0.4495,0.44693999999999995,0.45193,0.44603000000000004,0.45078999999999997,0.44906999999999997,0.42973,0.45382,0.45815,nan,0.45186000000000004,0.46775,0.44472,0.46748999999999996,0.44298000000000004,nan,0.42941999999999997,0.45068,nan,nan,0.4479,0.4485,0.4481,0.45897,0.46958,0.45811999999999997,0.44792,0.44821000000000005,0.4484,0.45085,0.44183999999999996,0.43071000000000004,0.45128,0.46528,0.45068,0.45655,0.46436000000000005,0.44466000000000006,0.44805,nan,0.4298,0.44888,nan,0.42818,nan,0.44448999999999994,0.45969,0.46218000000000004,nan,0.43068999999999996,nan,nan,0.46643,0.46611,nan,nan,0.47516,0.47184,0.4376,0.45606,0.46366,0.43506000000000006,0.43701999999999996,nan,0.46071999999999996,0.44709,0.43287,0.41451000000000005,0.4294,0.45936000000000005,nan,0.44922,0.48428000000000004,nan,0.43605,0.44616000000000006,0.40886,nan,0.39361999999999997,0.41735,0.42891999999999997,0.38536,0.38099,0.39826,nan,0.36012,0.3623,0.34271,0.34415,0.35174,0.32898,0.33907,0.34071999999999997,0.31163,0.32479,nan,0.32826,0.32535,nan,0.31231,0.30053,0.2912,0.30018,0.28920999999999997,0.25845,0.25599,nan,nan,0.24263,0.22841999999999998,0.24222,0.23244,0.21645999999999999,0.20574,0.21544000000000002,0.22645,0.21193,nan,0.14029,0.13197,0.16165,0.15852,0.16426,0.12567,0.10794000000000001,nan,0.10453,nan,0.069123,0.042794,nan,0.040329000000000004,0.055340999999999994,0.03658,-0.010367,0.0053356,0.022708000000000002,nan,-0.008634200000000002,-0.031985,-0.005231899999999999,-0.0029658,nan,-0.012565999999999999,-0.038344,-0.051028,-0.048372000000000005,-0.06590499999999999,-0.062176999999999996,-0.062409000000000006,nan,-0.069839,-0.08471000000000001,-0.10255,-0.13104000000000002,nan,-0.12724000000000002,nan,-0.12593,-0.11460999999999999,nan,-0.14815,-0.13558,nan,-0.17329,-0.18361,nan,-0.17955,-0.22045,-0.23259000000000002,nan,-0.26397,-0.2817,nan,-0.25285,nan,-0.26713000000000003,-0.235,-0.25327,-0.26445,-0.24829,-0.2699,-0.28341,-0.29768,nan,-0.27328,-0.2666,nan,nan,-0.28565,-0.29185,-0.29827,-0.28365999999999997,-0.30023,-0.30412,-0.29694,-0.309,-0.34838,-0.38825,-0.38821,-0.37818,nan,-0.35913,-0.368,-0.36749,-0.40571999999999997,-0.36799,-0.36486999999999997,-0.40846,-0.38689,-0.39995,-0.41356000000000004,-0.43443000000000004,nan,-0.38661,nan,-0.45753,-0.45021000000000005,-0.45681000000000005,-0.45335,-0.45578,-0.45515,nan,nan,nan,-0.53737,nan,-0.49968999999999997,nan,-0.54496,-0.53672,nan,-0.5572699999999999,-0.56274,-0.59575,-0.60617,-0.61317,-0.64226,nan,-0.60321,-0.6076699999999999,-0.61315,nan,-0.63016,-0.62547,-0.66919,-0.6678,-0.66217,-0.69413,-0.6944600000000001,-0.70148,-0.70748,nan,-0.67645,-0.67499,-0.69876,-0.71516,-0.70336,-0.7146100000000001,-0.745,-0.74763,-0.73063,-0.72828,-0.75269,nan,-0.73096,-0.71995,nan,-0.76727,-0.7580600000000001,-0.76256,-0.81762,-0.8405799999999999,-0.8135100000000001,-0.81599,-0.81002,-0.77896,-0.79766,-0.8331700000000001,nan,nan,-0.89923,-0.86251,-0.87821,-0.86779,-0.8708299999999999,-0.89845,-0.8666299999999999,-0.86945,-0.8879799999999999,-0.8728899999999999,-0.8854799999999999,nan,-0.8844799999999999,-0.86613,nan,-0.8917200000000001,-0.9167,-0.9009,-0.8913200000000001,-0.9114899999999999,-0.9142299999999999,-0.93989,-0.94906,-0.91389,-0.9508,-0.95557,-0.92638,-0.9521799999999999,-0.9503799999999999,-0.9461,nan,-0.9524100000000001,-0.9680799999999999,-0.9669,-0.96573,nan,-0.9661700000000001,-0.96301,-0.96854,-0.9841200000000001,-0.96965,-0.9692299999999999,-0.99334,nan,nan,-1.0279,-1.0435,-1.0090000000000001,-1.0029,-1.0161,-1.0002,-1.0225,-1.0427,-1.0238,-1.0419,nan,-1.0331,-1.0493,nan,nan,-1.0487,-1.0176,-1.0629,-1.1115,-1.0803,nan,-1.105,nan,-1.0692,nan,-1.1307,-1.1142,-1.1187,-1.1539,-1.1263,-1.1302,-1.1525,nan,nan,nan,-1.195,nan,-1.1932,-1.2223,nan,-1.2238,-1.217,-1.1931,nan,nan,nan,nan,-1.2313,-1.2636,-1.2746,-1.2668,-1.2982,-1.2979,-1.2914,-1.3268,-1.3125,-1.2811,-1.3171,nan,-1.3592,-1.3584,-1.3377,-1.3659999999999999,-1.3634,-1.3634,-1.3927,-1.3754,-1.3869,-1.3907,-1.4386,nan,-1.4106,-1.4299,-1.4526,-1.4348,-1.4759,-1.4938,-1.4775,-1.4989,-1.5166,-1.5025,-1.5157,-1.5291,-1.5108,-1.5265,-1.5637,-1.5804,-1.5774,-1.5644,-1.5502,-1.5351,-1.5633,-1.5984,nan,nan,-1.5930000000000002,-1.5913,nan,-1.6347,-1.6484,-1.6573,nan,-1.6514,nan,-1.683,-1.6688,-1.6629,-1.7066,-1.7103,nan,-1.7665,nan,-1.7625,-1.7942,-1.8006,-1.8005,-1.7702,-1.7729,-1.7878,nan,-1.8244,-1.8218,-1.7774,-1.8293,nan,-1.7714,nan,nan,nan,-1.851,nan,-1.8396,-1.8692,-1.8489,-1.8848,nan,-1.8467,nan,-1.9047,-1.9069,-1.9308,-1.9048,-1.9080000000000001,-1.9227,-1.8845,-1.9162,-1.9346,-1.9195,-1.9393,-1.9359,-1.964,-1.9539,-1.9392,-1.9754,-1.9724,nan,nan,-2.0085,-2.0082,-2.0228,-2.0219,-2.021,-2.0175,-2.024,-2.0154,-1.9729,-1.9999,-2.0655,-2.0156,-1.9945,-2.0418,nan,-2.0452,-2.008,nan,-2.0496,-1.9901,-2.0398,-2.0578,-2.0256,-2.0432,nan,-2.0241,-2.0126,-2.0463,-2.0434,nan,-2.0405,nan,-2.0406,nan,-2.0346,-2.0602,-2.06,-2.037,-2.0425,-2.0269,nan,nan,-2.0348,-2.0647,-2.0604,-2.0329,-2.0392,-2.023,-2.0415,-2.0676,nan,-2.0218,-2.0406,-2.0398,-2.0441,-2.0651,-2.0413,-2.0227,-2.0398,nan,-1.9981,-2.0102,-2.0243,-2.0222,-1.9915,nan,-1.9092,-1.8901,-1.9208,-1.8884,-1.8935,nan,-1.8993,-1.9007,-1.8861,-1.8730000000000002,-1.8237,-1.7776,nan,-1.7985,-1.7854,-1.7942,-1.8025,-1.7953,nan,nan,-1.7168,-1.7309,-1.7076,-1.6714,-1.6608,nan,-1.6777,-1.6554,-1.6152,-1.61,-1.5964,nan,-1.5721,-1.5573,-1.5594,nan,-1.5458,-1.5468,-1.5352,-1.5135,-1.4874,-1.4776,-1.4637,-1.435,-1.4144,-1.4033,nan,nan,-1.3607,-1.345,-1.3311,-1.2902,-1.2552,nan,nan,nan,nan,-1.1844,-1.1719,-1.1408,-1.1422,-1.1531,-1.1241,nan,-1.0528,-1.0531,-1.0344,-1.0036,-0.9778100000000001,-0.96701,-0.9710200000000001,-0.93195,nan,-0.8882899999999999,nan,-0.8654,-0.81758,nan,nan,-0.7288600000000001,nan,nan,-0.66304,-0.63749,-0.62892,-0.55005,-0.52278,-0.5162899999999999,-0.47557,-0.44265,-0.43631000000000003,-0.40506,-0.35431,-0.35831,-0.3202,-0.27692,nan,-0.23936999999999997,-0.21269000000000002,-0.21015,-0.15225999999999998,-0.13209,nan,-0.071921,nan,nan,-0.00587,0.0095406,0.052887,0.068454,nan,0.13124,0.12694,0.19407,0.27161,nan,nan,0.32595,0.31275,0.32734,0.32519000000000003,0.36065,nan,0.4557,0.48223,0.49713,0.51041,0.52915,0.56514,0.5845899999999999,0.5826399999999999,nan,0.7134199999999999,0.72147,nan,0.7892,nan,0.82747,0.89386,nan,0.89113,0.92135,0.9607700000000001,0.9494,0.9872700000000001,nan,0.97596,1.0462,nan,1.1016,1.1512,1.1841,1.196,1.2229,nan,1.278,1.3069,1.298,1.2926,1.3624,1.4041,1.4334,1.4535,1.4686,1.5342,nan,1.5215,nan,1.5571,1.6175,nan,nan,nan,nan,1.7597,1.7506,1.7417,1.7854,1.8198,1.8463,nan,1.8719,1.8909,1.8983,nan,1.9641,1.9807,nan,nan,nan,2.0173,2.0483,2.0481,2.0624,2.0548,2.032,nan,nan,2.0792,2.11,2.0957,2.1021,2.1023,2.086,nan,2.1091,2.0932,2.0835,nan,2.0949,nan,2.103,2.1016,2.1180000000000003,2.0947,2.0744,2.0916,2.1021,2.1007,2.0719,2.0585,2.0737,nan,2.0331,nan,2.0732,2.0380000000000003,2.0001,nan,2.0152,1.9880000000000002,1.9753,1.9888,nan,1.9442,1.9306,nan,nan,nan,1.8725,1.8798,1.8826,nan,1.8646,1.8526,nan,1.8284,1.8083,nan,nan,1.7638,1.7413,1.7216,1.7478,1.7136,nan,1.7268,1.6947,1.6966,1.7221,1.6862,1.6792,nan,nan,1.6448,1.6245,nan,nan,1.6073,1.6059999999999999,nan,1.5724,nan,nan,1.5557,1.5444,1.5336,1.5463,1.5534,1.5393,1.5387,1.5373,nan,nan,1.5221,1.5389,1.5159,1.5023,nan,nan,1.505,1.4769,1.4635,1.4837,1.4793,1.4526,nan,1.4757,1.4559,1.4195,1.4036,1.4184,nan,nan,1.4307,1.415,1.4005,nan,1.4122,nan,1.4058,1.4184,1.4029,1.4038,1.3901,1.3874,nan,1.3694,1.3868,1.3547,1.3749,1.405,1.3578,1.3679,1.4041,1.3723,1.3372,1.3642,1.385,1.369,nan,1.3596,1.3474,1.3513,nan,1.3635,1.3745,nan,1.357,nan,1.3873,1.3697,1.3686,nan,1.3471,1.3508,nan,1.3416,nan,nan,nan,1.3841,1.3592,nan,1.3907,nan,nan,1.3278,1.3642,1.3508,nan,nan,1.3489,1.3833,1.3576,1.3298,1.3554,1.3503,nan,1.3623,1.3407,1.3609,nan,1.3505,1.3638,1.3639,1.3382,1.3341,1.3326,1.3313,1.3384,1.3191,1.3268,1.3524,nan,1.3546,nan,1.2962,1.3252,1.3154,1.2982,nan,1.3143,1.3253,1.33,nan,1.3116,1.315,1.2852,1.2865,1.3004,nan,1.2989,1.3016,1.2957,1.2798,1.2819,1.2986,1.2985,nan,1.2935,1.2832,1.2998,1.2865,1.2845,nan,1.2688,1.2996,1.2861,1.2906,nan,1.2775,1.2832,1.2689,nan,nan,nan,1.2835,1.2998,1.2874,1.2716,1.2545,1.2536,1.2637,1.2201,1.2031,1.2458,1.2686,1.2407,1.2144,1.2158,1.2019,1.2009,1.2208,1.2329,1.2332,nan,1.2164,1.2045,1.1781,1.1972,1.2162,1.2015,nan,1.1718,1.1662,1.1956,1.1874,1.1788,1.1784,1.1604,1.1639,1.1656,1.1613,1.1637,1.1315,1.1149,nan,1.1369,1.1225,nan,1.1483,1.146,1.1311,1.1206,1.1051,1.1248,1.1236,1.0792,1.1029,nan,1.1095,1.0862,1.0611,1.0926,1.0774,1.0524,1.0653,1.0596,1.0605,1.0618,1.0606,nan,1.0631,1.079,1.0809,nan,1.0559,1.0334,1.0312,1.0601,1.0503,nan,1.0211,nan,nan,0.99598,0.98835,0.9990700000000001,0.9844700000000001,0.9761700000000001,0.9761,0.94814,0.9399299999999999,0.94186,nan,0.97652,nan,0.92395,0.9857600000000001,0.9734200000000001,0.94515,0.97556,0.9321799999999999,0.94345,0.9534,nan,0.9434899999999999,nan,0.92189,0.92479,nan,0.94227,0.9418,nan,0.91112,0.92605,0.9357,nan,0.9407700000000001,0.90971,0.8887299999999999,0.9137,nan,0.8910399999999999,0.9005,nan,nan,0.8556600000000001,nan,nan,0.8104399999999999,0.79433,0.7921199999999999,0.80882,0.78871,0.7436,nan,0.73831,0.73857,nan,0.68512,nan,0.70882,0.67429,0.67006,0.66986,0.6731600000000001,0.65413,0.66446,nan,0.61368,0.61616,0.6117199999999999,0.59273,0.61337,0.58934,nan,0.5432899999999999,0.5513899999999999,0.50534,0.50775,0.51326,0.4675,0.45019,0.44563,0.4585,0.45955,0.43049,0.44528999999999996,0.44281000000000004,0.42046999999999995,0.40783,nan,0.36286,0.35566,nan,0.29246,0.32299999999999995,0.34528000000000003,0.32004,0.29316,0.30341,0.28198,0.26029,nan,0.21733000000000002,nan,0.27371999999999996,0.22459,nan,0.2104,nan,0.14146,0.14559,0.13943,0.1401,0.15989,0.14164000000000002,0.11394000000000001,0.10318,nan,0.054099,0.072572,0.066147,0.053016999999999995,nan,0.0055144,0.0075949,-0.008089399999999998,nan,0.026039,0.0031906999999999994,-0.011408,-0.012665000000000001,-0.0076933999999999995,-0.018765,-0.028791000000000004,nan,-0.058057000000000004,nan,-0.044138,-0.045107,-0.048748,-0.077649,nan,-0.08918,-0.095462,nan,-0.13083,-0.12836,nan,-0.12825,-0.092213,-0.11823,nan,-0.17583,-0.17121,-0.13792000000000001,-0.17851,-0.2168,-0.1875,-0.18757000000000001,-0.20621,nan,-0.23362,-0.23160999999999998,-0.25945999999999997,-0.26497,-0.27431,-0.28003,-0.2517,-0.27529000000000003,-0.29815,-0.304,-0.29396,-0.28608,-0.31706999999999996,-0.31799,-0.32929,-0.33011999999999997,-0.32056,-0.35301,-0.36711,-0.38211,-0.37921,-0.37306,nan,-0.44143999999999994,nan,-0.43033000000000005,-0.45808000000000004,-0.43168,nan,-0.5032300000000001,-0.49368,-0.48638000000000003,nan,-0.49113999999999997,-0.5216,nan,-0.52232,-0.51932,-0.52751,-0.54105,-0.5223899999999999,-0.55172,-0.58894,nan,-0.59109,-0.59065,-0.61593,-0.6328600000000001,nan,-0.61119,nan,-0.64683,-0.6275,-0.67583,-0.6825899999999999,-0.6387,-0.65809,-0.6491,-0.6461100000000001,-0.70368,-0.70025,nan,-0.70601,-0.70148,nan,-0.7410100000000001,-0.7189399999999999,-0.70731,-0.77128,-0.75016,-0.72336,-0.7488100000000001,-0.74517,-0.75977,nan,-0.73721,-0.7498100000000001,-0.76403,nan,nan,-0.7629199999999999,-0.77451,-0.73072,-0.7298100000000001,-0.76073,-0.75841,-0.77362,-0.76712,nan,-0.76244,-0.73839,nan,-0.7477699999999999,nan,-0.7257899999999999,-0.7379,-0.77778,-0.75174,-0.72091,-0.75195,-0.76344,-0.73242,-0.72165,nan,-0.77447,-0.79503,-0.76639,-0.7461,nan,-0.7467699999999999,-0.74055,-0.72785,-0.75605,-0.7489899999999999,-0.7091,nan,nan,-0.7126,nan,nan,-0.71186,-0.73783,-0.76318,-0.71686,nan,-0.72918,-0.69727,-0.69624,-0.69748,-0.6715800000000001,-0.69998,-0.69824,-0.6761199999999999,-0.69498,-0.6793,-0.67814,-0.6540699999999999,-0.62457,-0.68505,-0.69913,nan,-0.64405,-0.6262,-0.61152,-0.66054,nan,-0.63413,-0.61603,-0.60206,nan,-0.54093,-0.53595,-0.48084,-0.49012,-0.52072,-0.47231000000000006,-0.46968999999999994,-0.46401000000000003,-0.44976000000000005,-0.45307,-0.43517,-0.42232,-0.3833,nan,-0.35267,-0.32443,-0.28391,-0.28183,-0.29368,-0.31239,-0.31529,nan,-0.28613,-0.25684,-0.24699000000000002,nan,-0.25238,nan,nan,-0.22468000000000002,-0.20193,-0.16775,-0.14720999999999998,-0.14889000000000002,-0.13332,-0.12933,nan,-0.13309,-0.12965,-0.09932200000000001,-0.10052,-0.07216399999999999,nan,-0.064884,nan,-0.0030122,-0.049696,-0.049178,nan,nan,-0.031326,-0.01326,-0.014159999999999999,-0.0038811,0.004854,nan,0.046899,0.05600700000000001,0.024456,0.027906,0.038382,0.025849,nan,0.043720999999999996,nan,0.056562,nan,0.052437,0.074923,nan,-0.0045520000000000005,0.027795,0.058283,0.036137,0.061857,0.06957100000000001,0.057543,0.07308300000000001,nan,0.043639,0.063948,nan,0.056642,nan,0.06531100000000001,0.084261,0.055552,0.042470999999999995,0.072844,0.059145,0.049226,0.029044999999999998,0.07562200000000001,0.026157
2.0,-0.40287,-0.7478199999999999,-0.5274399999999999,nan,-0.59678,-0.58587,-0.62046,-0.5966,-0.62312,-0.65076,-0.6511899999999999,-0.6258600000000001,-0.6371899999999999,nan,-0.61758,nan,-0.62303,-0.6429699999999999,-0.66911,nan,-0.64968,-0.6571899999999999,-0.65096,-0.6583600000000001,-0.67109,-0.65605,-0.6624899999999999,-0.6687,-0.67155,-0.68577,-0.66978,-0.66622,-0.69491,-0.6933199999999999,nan,-0.6875100000000001,-0.6834399999999999,nan,nan,-0.69353,nan,-0.71386,-0.69577,-0.68672,-0.69789,-0.71294,nan,-0.68874,-0.6864,-0.70295,nan,-0.72901,-0.7312,-0.73034,-0.72742,-0.7147100000000001,-0.73392,-0.74867,nan,-0.7437,-0.7305,-0.7209899999999999,-0.76451,-0.73766,-0.71073,-0.7348,-0.74784,-0.74173,-0.74898,-0.7633800000000001,-0.7481899999999999,nan,-0.74341,-0.74668,nan,-0.73347,-0.74631,-0.73417,nan,nan,-0.76407,nan,nan,-0.77381,-0.7589899999999999,-0.74026,-0.77479,-0.77122,-0.76393,-0.80281,-0.80398,-0.76605,-0.7615,-0.75564,-0.74735,-0.77667,-0.7935800000000001,-0.7813,-0.76794,-0.7562399999999999,-0.76498,-0.77877,-0.76361,-0.76766,-0.78415,-0.7593,-0.74734,nan,-0.78056,-0.75737,-0.7834300000000001,nan,-0.79904,nan,-0.779,nan,-0.75625,-0.79066,-0.7909,-0.76251,nan,-0.79691,-0.7774399999999999,-0.77194,-0.7874899999999999,-0.78179,nan,-0.79447,-0.79199,-0.80529,nan,-0.77972,-0.78998,nan,-0.80657,-0.78437,-0.7801100000000001,-0.79057,-0.77277,-0.79799,-0.80878,-0.8036,-0.82,-0.80884,-0.78165,-0.77668,nan,-0.765,-0.75316,-0.7841,-0.78695,-0.8011,-0.8021199999999999,nan,-0.79042,-0.76756,-0.77957,-0.8012600000000001,-0.75459,-0.78,-0.78154,-0.76861,-0.7911699999999999,-0.78259,-0.77866,-0.7944100000000001,-0.79401,-0.7943899999999999,-0.77203,nan,-0.7901600000000001,nan,-0.77858,-0.77231,-0.79632,-0.76723,nan,-0.81038,-0.79155,nan,-0.78496,nan,-0.76922,-0.77489,-0.77987,-0.79474,-0.76747,-0.75353,-0.77244,nan,nan,-0.76371,nan,-0.7773,-0.76958,-0.74452,-0.72993,-0.74925,-0.7481300000000001,-0.73074,-0.7421,-0.73812,-0.72833,-0.73159,nan,nan,nan,-0.7236600000000001,-0.7375,nan,-0.72011,-0.74729,-0.73218,nan,-0.72973,-0.71609,-0.732,nan,nan,-0.72415,-0.70672,nan,-0.7055600000000001,-0.68503,nan,-0.68094,-0.6997800000000001,-0.68196,-0.67077,-0.68409,-0.67108,-0.6842199999999999,-0.67207,-0.67492,-0.6833199999999999,-0.68902,-0.7,-0.6711699999999999,-0.69187,-0.6906100000000001,-0.6471,-0.6671600000000001,nan,-0.6712899999999999,nan,nan,-0.65875,-0.6707,-0.66799,-0.67038,-0.6695399999999999,nan,-0.68509,nan,nan,-0.6390399999999999,-0.64152,-0.62516,-0.63194,-0.64084,-0.6349199999999999,-0.61765,-0.61043,-0.62536,-0.60007,-0.59683,-0.61027,-0.60833,-0.62676,-0.626,-0.6215,-0.6271399999999999,-0.61115,-0.61136,-0.62334,-0.59414,-0.57663,-0.60202,nan,nan,nan,-0.59553,-0.60954,nan,nan,-0.59231,-0.58329,-0.56074,-0.56477,-0.55067,-0.5426300000000001,nan,-0.53759,-0.53359,-0.53323,-0.53299,nan,-0.5173800000000001,nan,-0.5040100000000001,-0.52308,-0.53522,-0.49105,nan,-0.50126,nan,-0.51318,-0.4864,-0.5009600000000001,nan,-0.50635,-0.5223399999999999,-0.51067,nan,-0.48858999999999997,-0.4709,nan,-0.48766000000000004,-0.48323,nan,-0.50459,-0.5185,-0.49786,-0.46097,-0.45907,nan,-0.4888,-0.48873999999999995,-0.46071000000000006,-0.45366999999999996,-0.45513000000000003,-0.45911,-0.47246000000000005,-0.47212,-0.47147,nan,-0.45014,-0.46146000000000004,-0.44681000000000004,-0.42568,-0.44159,-0.44286000000000003,nan,-0.43649,-0.41721,nan,-0.44237,nan,-0.44145,-0.41928999999999994,nan,-0.42163,-0.41226999999999997,nan,-0.4164,-0.41448,-0.42251000000000005,-0.40462,nan,-0.39758000000000004,-0.39461,nan,-0.39297,-0.3951,nan,-0.41218999999999995,nan,-0.36375,-0.38431,-0.39014,-0.37975,nan,-0.39776,-0.37329,-0.33265,-0.35502,-0.34885,-0.31832,-0.35196,-0.35048,-0.35883000000000004,-0.36551,-0.36091999999999996,-0.33518000000000003,-0.32304,nan,-0.3439,-0.31782,nan,-0.3224,-0.33553,-0.31925,-0.29118,-0.29115,-0.3301,-0.31949,-0.30451,-0.31929,nan,nan,nan,-0.287,-0.29666,-0.32126,-0.30430999999999997,-0.2874,-0.30025999999999997,-0.29677,-0.27824,-0.27288,-0.27510999999999997,-0.28776,nan,-0.30063,-0.30658,-0.29299000000000003,-0.2723,-0.27571,-0.27234,nan,nan,nan,-0.29181999999999997,nan,-0.27432,nan,nan,-0.27589,-0.28864,-0.27026,-0.27554,-0.29057,-0.26455,-0.25634,-0.25169,-0.24305,nan,-0.24622,-0.23663,nan,-0.2497,-0.2428,-0.26136,-0.2604,-0.24352,-0.24352,-0.22854000000000002,-0.20147,-0.21927,-0.2443,-0.24225,-0.25626,-0.24814,-0.2412,-0.23811999999999997,-0.2275,-0.22914,-0.20171,-0.19582,-0.18855,-0.18057,-0.17877,-0.16779000000000002,-0.18206,nan,-0.14292,-0.15625999999999998,-0.16883,-0.16422,-0.13835,nan,nan,-0.13241,nan,-0.14129,-0.12287999999999999,nan,nan,-0.11722,-0.13568,-0.11655,-0.10307999999999999,-0.075695,-0.1131,-0.10494,-0.08719500000000001,nan,-0.084561,-0.07726799999999999,-0.075964,-0.08190599999999999,nan,-0.076762,-0.056483000000000005,-0.061850999999999996,-0.074849,nan,-0.088983,-0.08921699999999999,-0.084087,-0.055178,-0.045572,nan,nan,-0.017595,-0.041777,-0.059846,-0.04453,-0.043404000000000005,nan,-0.030266,-0.030202999999999997,-0.020579,0.0020580999999999998,-0.00050808,nan,0.043454,0.0077846,nan,0.010917,0.047268,0.036674,0.013916999999999999,0.037612,0.050568,nan,0.060848,0.033079000000000004,0.026197,0.056424,0.060226999999999996,0.043792000000000005,0.051502,0.060388,0.060303999999999996,0.06714099999999999,0.049373,0.061332000000000005,0.077468,0.060575,0.07522000000000001,0.078546,0.09284500000000001,0.12215,nan,0.07964600000000001,0.10715,nan,0.09816799999999999,0.09450800000000001,0.13122999999999999,0.15454,nan,0.13805,0.12616,0.12467,0.1194,0.1346,nan,0.12162,0.14568,0.16479000000000002,nan,0.12380999999999999,0.1466,0.16926,0.16923,0.1714,nan,0.14941,0.13253,0.12377,0.15158,nan,0.17018,0.16751,nan,0.14235,nan,0.17157999999999998,nan,0.16096,0.18044000000000002,nan,0.16801,nan,0.17075,nan,0.17265,0.1685,0.17227,0.18245,0.18272,nan,0.20874,nan,0.20847,0.20032,0.21475,nan,0.21671999999999997,0.19680999999999998,0.19587000000000002,0.23240999999999998,0.21343,nan,0.20965999999999999,0.20524,0.21434,0.19921,nan,0.20043,0.20631999999999998,nan,0.22345,nan,0.21518,0.2288,nan,0.22278,0.22119,0.23434000000000002,0.23196999999999998,0.24422,0.23281999999999997,0.21600000000000003,0.2232,0.23829,0.22144,0.19885999999999998,0.22796999999999998,0.24799000000000002,0.22430999999999998,nan,0.21735,0.21541,0.23069,0.2455,0.22344,0.21105,0.22361999999999999,0.23326999999999998,0.22871999999999998,0.21443,0.21366999999999997,0.21811999999999998,nan,nan,0.19308,0.19933,0.23340999999999998,0.19014,0.20995,0.22791999999999998,0.19566,0.21641,0.20057,0.19412000000000001,0.21486999999999998,0.21073000000000003,0.19528,0.20438,0.22919,0.20667,0.17975,0.21015,0.23714000000000002,0.20432999999999998,0.20110999999999998,0.2163,nan,0.20781,0.2006,0.16569,0.18650999999999998,0.16846,0.16521,0.1849,0.18143,0.19255,0.1973,0.16632,0.15252000000000002,0.16727,0.17206,nan,nan,0.15020999999999998,0.13697,0.15181,0.14935,0.12599000000000002,0.12939,0.13858,0.1205,0.10818,0.11807999999999999,0.13541,0.13757,0.11462,0.090691,0.091274,0.10736,0.10354000000000001,nan,0.082876,nan,0.075305,0.061286,0.065289,nan,nan,nan,0.044144,0.017063,0.011506,nan,0.044773,0.030497000000000003,0.031698000000000004,nan,0.002742,-0.016281,-0.047869999999999996,-0.062174,nan,-0.044173000000000004,nan,-0.056497000000000006,-0.067152,-0.08049500000000001,-0.0659,-0.0637,-0.091281,-0.078075,-0.081501,-0.09185900000000001,nan,-0.11112000000000001,-0.12188,-0.12102,-0.13175,-0.13858,-0.13434000000000001,-0.16099000000000002,-0.1627,-0.15156,-0.18095,-0.16462000000000002,-0.1938,-0.23098000000000002,-0.20720999999999998,-0.23031999999999997,-0.24385,-0.24093,-0.24228000000000002,-0.24115999999999999,-0.24168,nan,-0.24429,-0.25056,nan,-0.29980999999999997,-0.28181999999999996,-0.29036,-0.28901,nan,nan,-0.30506,nan,-0.3148,nan,-0.3221,-0.30926,-0.36543000000000003,-0.37046999999999997,-0.37342,-0.39346,nan,-0.39327,-0.37513,-0.36522,-0.38244,-0.38303000000000004,-0.41289,-0.41146000000000005,-0.4193,nan,-0.4433,-0.43341,-0.42723999999999995,-0.44306,-0.43938,-0.46195,-0.46653999999999995,-0.45038,-0.46088,-0.4903,-0.50489,-0.4733,-0.48563999999999996,-0.50569,-0.49983999999999995,-0.50205,-0.50357,-0.51713,nan,nan,-0.54184,-0.53706,-0.5824199999999999,-0.595,-0.60285,nan,-0.5794,nan,-0.61228,-0.6254,nan,-0.63084,-0.6403,-0.60561,-0.6201,-0.67123,-0.6433800000000001,nan,-0.64909,-0.6371899999999999,-0.66165,-0.6701,nan,-0.66689,-0.67979,-0.68175,nan,-0.69913,nan,-0.69875,nan,-0.68087,-0.72232,-0.74563,-0.73121,-0.73201,-0.7436699999999999,-0.7334,-0.69301,-0.7194,-0.76372,nan,-0.75865,-0.75308,-0.74351,-0.77345,-0.77212,-0.76251,nan,nan,-0.78047,-0.78655,-0.74628,nan,-0.77884,nan,-0.79564,-0.80999,-0.80035,-0.7883100000000001,-0.77842,-0.7916,-0.79502,nan,-0.7713,-0.78314,nan,-0.80913,-0.7820600000000001,-0.76971,nan,-0.78315,nan,nan,-0.77684,-0.7769,nan,-0.7773,nan,nan,-0.7457,-0.76443,-0.7365,-0.7374,-0.73798,nan,-0.73411,-0.73455,-0.71963,-0.6994600000000001,-0.67162,-0.67138,-0.68655,nan,-0.6514300000000001,-0.67625,-0.67435,-0.64723,-0.65756,nan,-0.60855,nan,-0.60935,-0.58633,nan,-0.59349,-0.56647,-0.54775,-0.5481699999999999,-0.53151,-0.48617,-0.4918,nan,-0.46141000000000004,-0.45698,-0.4383,-0.42601999999999995,-0.44018999999999997,-0.40857,-0.39621999999999996,-0.38777,-0.35848,-0.33575,-0.31182,nan,-0.32231,-0.25375,-0.23508,nan,nan,-0.2323,-0.22624,nan,-0.12022999999999999,-0.12397000000000001,-0.10703,-0.08319,-0.074883,-0.06213099999999999,-0.036632,-0.0035445999999999997,0.0010485,0.009629799999999999,0.038971,0.077765,0.12045,0.1209,0.13796,0.12852,0.13607,0.20478,nan,0.2338,0.27089,0.28233,0.30122,0.32639,nan,0.3895,0.4274,0.4253,0.44611000000000006,0.4826,nan,0.5342899999999999,nan,0.5745399999999999,0.60333,0.60128,0.65225,nan,0.73077,0.74141,0.77956,nan,0.8259799999999999,0.87703,nan,0.9517399999999999,1.0017,0.99093,0.9938299999999999,1.0582,1.0374,1.1057,nan,1.1551,1.1876,1.2691,1.2973,1.3093,1.3458,nan,nan,1.4919,1.5146,1.5265,1.5438,1.6143,1.6366,1.6463,nan,nan,1.7614,1.8203,1.8489,1.8793,1.8947,1.9138,1.9947,2.0352,2.0172,2.07,2.1159,nan,2.1981,nan,2.2089,2.2904,2.3528,2.3505,nan,2.412,2.4134,2.4817,nan,2.5598,2.6122,2.6096,nan,2.6897,2.7045,2.7454,2.7762,2.8437,2.8674,2.8947,2.8943,2.888,2.9315,2.9651,2.9769,2.9754,nan,3.0527,3.0715,nan,3.1302,nan,3.1147,3.1117,3.1206,nan,3.1553,nan,3.1106,3.1206,3.1469,3.1561,3.1219,nan,3.1458,nan,nan,3.1409,3.1229,3.0937,3.0531,3.0625,3.0652,3.0335,3.0180000000000002,3.003,2.9909,2.9806,2.9532,2.9424,nan,nan,2.9160000000000004,2.944,2.9402,2.8973,2.8847,2.9104,2.9112,nan,2.8702,2.8759,2.8958,2.8634,nan,2.8526,2.8122,2.8031,2.8079,2.773,2.7638,2.7607,nan,2.7601,2.7587,2.7273,2.7193,2.7343,2.7151,2.6864,2.7008,2.6808,2.6402,nan,2.6829,2.6421,2.6278,2.6135,2.6114,2.6032,2.5963,2.6094,2.571,2.5555,2.5766,2.5472,2.5603,2.5577,2.4895,2.5105,2.5169,2.4937,2.4773,2.4366,2.443,2.4459999999999997,2.4194,2.4065,2.4173,2.4036,nan,2.3822,2.358,nan,2.3806,2.3462,2.3226,2.3345,2.2953,nan,2.248,2.2293,2.2455,nan,2.2148,nan,2.1984,2.2164,2.1852,2.1657,nan,2.1387,nan,2.115,nan,2.0883,nan,2.0742,2.0723,2.0338,2.0426,2.0344,1.9993,2.0142,1.99,1.9921,2.0002,1.9743,1.9461,nan,1.9381,1.9083,1.8811,1.9111,nan,1.9055,1.8925,1.8934,nan,1.8597,1.8126,1.7851,nan,1.8057,nan,1.7645,1.7429,1.7217,nan,1.7080000000000002,1.7197,1.6636,1.6614,nan,1.6454,1.6325,1.6024,nan,1.6366,1.6143,1.5902,nan,1.5569,1.521,1.5190000000000001,1.5189,1.4938,1.5137,1.4955,1.4831,1.4713,1.4708,1.489,nan,1.4315,1.4168,1.4479,1.4317,1.3842,1.3730000000000002,1.3544,1.3435,1.3379,1.2830000000000001,1.2713,1.2848,1.2648,1.2846,1.2882,1.2445,1.237,1.2311,1.2208,1.2194,1.2064,nan,1.1858,1.1759,1.1692,1.1409,1.1126,nan,1.1022,1.0718,1.0582,nan,1.0361,1.0384,1.0026,0.9891399999999999,0.9903700000000001,0.97426,0.97803,0.97634,0.9796600000000001,0.94681,0.92909,0.9661700000000001,0.95019,nan,0.91699,0.88251,0.85844,0.84755,0.81447,nan,nan,0.7793800000000001,nan,0.76348,0.76494,0.74137,nan,0.70331,0.69927,0.7058300000000001,0.65947,0.64995,nan,0.61195,0.60578,0.61439,0.56489,0.5555899999999999,0.56671,0.54875,0.53604,0.5243399999999999,0.51368,nan,0.44286000000000003,nan,0.42658999999999997,0.4454,nan,0.43543999999999994,0.41506000000000004,0.37721,0.36624,0.33913000000000004,0.34583,0.34855,0.29413,0.27764,0.27292,nan,0.27821,nan,nan,0.1992,0.17953,0.16816,0.16813,0.18202000000000002,0.17962999999999998,0.16475,nan,0.13806,0.15223,0.15603,0.14207999999999998,0.10063,0.10027,0.08397,nan,nan,0.056196,0.022934,0.034669,0.012304,nan,nan,-0.022222,-0.039756,-0.042071,nan,-0.061019000000000004,-0.061397,-0.073021,-0.076402,-0.07283200000000001,-0.077435,-0.093291,-0.089314,-0.073741,-0.12005,-0.14539000000000002,-0.12644,-0.14598,nan,-0.16759000000000002,-0.16655999999999999,-0.16904,-0.2066,-0.22898000000000002,-0.22751999999999997,nan,-0.22414,-0.2553,-0.24378000000000002,-0.25566,-0.27011,nan,-0.30405,-0.26999,-0.26098000000000005,-0.31606,nan,-0.30649,nan,-0.31772,-0.34001,-0.35529,-0.3768,-0.39576999999999996,nan,nan,-0.37987,nan,-0.40314,-0.40846,-0.39169,nan,-0.45106999999999997,nan,-0.40852,nan,-0.4493,-0.42707,-0.4674,-0.47828000000000004,-0.45241000000000003,-0.46947,-0.48845,-0.48617,-0.48823,-0.48598,-0.49451000000000006,-0.50569,-0.49268999999999996,-0.48862,-0.52113,-0.5221399999999999,-0.49663,-0.52588,-0.51825,nan,nan,-0.55007,-0.53127,-0.5435800000000001,-0.54513,-0.54975,-0.56676,-0.58043,-0.5797899999999999,-0.57605,nan,-0.5920000000000001,-0.5709,-0.5837399999999999,nan,-0.59443,nan,-0.5937399999999999,-0.57824,-0.61625,-0.62538,-0.62247,-0.62789,-0.60834,-0.61743,-0.64172,nan,nan,-0.64188,-0.6221300000000001,-0.63837,-0.65069,-0.6189899999999999,-0.62605,-0.63872,-0.64786,nan,-0.64478,-0.64103,-0.65717,-0.65651,-0.6627,-0.68107,-0.68214,-0.68605,-0.68204,nan,-0.66305,nan,-0.6703899999999999,-0.67482,-0.6823,-0.67028,-0.67098,-0.66287,nan,-0.68901,-0.6935,-0.7135,-0.6582,-0.6613399999999999,-0.68307,-0.68429,-0.67981,-0.6905899999999999,-0.70062,-0.6579999999999999,-0.6741,-0.68707,-0.68424,-0.67828,-0.6721,-0.7015,-0.68679,-0.7008300000000001,-0.71655,-0.68793,-0.68582,-0.6864899999999999,-0.69713,-0.7079300000000001,nan,-0.68193,-0.7232,nan,-0.70225,-0.68862,-0.67878,-0.69242,-0.69992,nan,-0.7183,-0.7315699999999999,-0.7228,-0.69644,-0.68018,-0.7128800000000001,-0.7477600000000001,nan,nan,-0.7337199999999999,nan,-0.7125100000000001,-0.71831,-0.73365,-0.74407,-0.74126,-0.70686,-0.70905,-0.75579,-0.76115,nan,-0.7275,-0.7412,-0.7399399999999999,-0.72911,-0.75092,-0.76356,-0.74561,-0.75676,-0.75327,-0.74265,-0.7449100000000001,-0.74798,-0.76218,-0.7477199999999999,-0.7521399999999999,-0.75776,-0.7407699999999999,-0.74771,nan,nan,-0.74692,-0.7407600000000001,-0.74851,-0.7411300000000001,-0.73393,-0.75969,-0.7518,-0.74053,-0.74265,-0.72768,-0.75097,-0.76446,-0.72155,nan,-0.7844300000000001,-0.75644,-0.73329,-0.76367,-0.7628199999999999,-0.76102,nan,-0.7427199999999999,-0.7458899999999999,-0.76555,-0.7801,-0.7462300000000001,-0.76644,-0.76408,-0.74444,-0.76171,-0.73387,-0.7286600000000001,-0.74185,-0.74321,-0.71544,nan,-0.7451800000000001,nan,-0.7135600000000001,-0.69491,-0.69208,-0.71706,-0.69929,nan,-0.7175600000000001,-0.71511,-0.71128,-0.72108,-0.7064699999999999,nan,-0.7174,nan,nan,nan,-0.68603,-0.70173,-0.67281,-0.64952,-0.68043,-0.6695399999999999,-0.65086,-0.65377,-0.64086,-0.65275,-0.6584300000000001,-0.64851,-0.6619,-0.66825,-0.6702899999999999,-0.65852,nan,-0.63255,-0.63774,-0.6420899999999999,-0.63259,-0.5958100000000001,-0.63037,nan,-0.63794,-0.64647,nan,-0.63979,-0.64094,-0.62738,-0.6199899999999999,-0.6235,-0.62434,-0.64388,-0.6572,-0.64275,nan,-0.63874,nan,-0.60056,-0.62487,-0.6095,-0.61197,-0.59277,-0.64955,-0.67282,-0.60114,-0.6250600000000001,-0.62871,-0.6178600000000001,-0.6217199999999999,-0.5951,-0.5976100000000001,nan,-0.60846,-0.61127,-0.5875199999999999,-0.58096,-0.62005,-0.62069,-0.59624,nan,-0.59706,-0.62352,-0.6119399999999999,-0.61212,-0.59291,-0.5794199999999999,nan,-0.67795,-0.5844600000000001,-0.6094,-0.57744,-0.6083,-0.58786,-0.5724600000000001,-0.5715399999999999,-0.56597,-0.5990300000000001,-0.5957,nan,nan,-0.54384,-0.5546399999999999,-0.56145,-0.56542,-0.58006,-0.5554600000000001,nan,nan,-0.53258,-0.53267,-0.5353,-0.54673,nan,-0.54966,-0.5372399999999999,-0.53565,-0.53163,-0.50254,-0.52905,nan,-0.50278,-0.51702,-0.49967,-0.48857,-0.46816,-0.50402,nan,-0.5017,nan,-0.48481,-0.4703,nan,-0.46173000000000003,-0.48655,nan,-0.50502,-0.51966,-0.49045,-0.49313,-0.49846,-0.47931999999999997,-0.48901000000000006,-0.48736999999999997,-0.48589,-0.48086,-0.44343999999999995,-0.45178,-0.47153,-0.47303999999999996,-0.48817,nan,-0.461,nan,-0.46926999999999996,nan,-0.45826999999999996,-0.45828,-0.44251999999999997,-0.44785,-0.45301,-0.43706999999999996,nan,-0.44268,-0.4401,-0.44078999999999996,-0.43551000000000006,-0.41383000000000003,-0.39458000000000004,-0.41198,-0.42573999999999995,-0.4226,-0.43308,nan,-0.41838000000000003,-0.41113999999999995,-0.41162,nan,-0.42273999999999995,-0.41242,-0.39042,-0.39723,-0.39766,-0.40669,-0.41305,-0.40309,-0.4151,nan,nan,-0.40839000000000003,-0.41081000000000006,-0.40944,-0.40423000000000003,-0.41745,-0.42161000000000004,nan,-0.4022,nan,-0.40375,-0.41115,nan,-0.42785,-0.41611000000000004,-0.37803000000000003,-0.40608,-0.41868999999999995,nan,-0.38994,-0.42788999999999994,-0.39459,-0.42112,-0.39998,-0.38723,-0.42744,-0.37995999999999996,-0.38719000000000003,-0.42866000000000004,-0.4067,-0.42406000000000005,-0.43711000000000005,-0.40812,-0.41042,-0.41078000000000003,-0.40823000000000004,-0.40652,-0.41626,-0.44523999999999997,-0.4427,-0.43868,-0.4544,-0.45314,-0.45969,-0.44959,nan,-0.48493,-0.48873,nan,-0.48299,nan,nan,nan,-0.50037,-0.49899,-0.5167,-0.53497,-0.53447,-0.54905,-0.54771,-0.55966,-0.5602199999999999,-0.57004,-0.57417,-0.56438,-0.59527,nan,-0.6156699999999999,-0.63163,nan,-0.6353800000000001,-0.62532,-0.6257199999999999,-0.6177600000000001,-0.64536,nan,nan,-0.65604,-0.6559999999999999,-0.68307,-0.65687,nan,-0.6877800000000001,-0.67518,nan,-0.69729,nan,-0.67096,-0.66838,-0.69567,nan,nan,-0.73641,-0.7431399999999999,-0.72145,nan,-0.74539,nan,-0.75178,nan,-0.78023,-0.72569,-0.80323,-0.75721,-0.75356
2.0,-0.0049125,nan,-0.035154000000000005,-0.09727000000000001,nan,-0.068475,-0.07710499999999999,-0.093561,-0.09478099999999999,-0.10912000000000001,nan,-0.14744000000000002,-0.13777,-0.15094000000000002,-0.17257999999999998,-0.16922,nan,-0.17105,-0.18649000000000002,-0.21136999999999997,-0.22425,-0.23656,-0.25,-0.25103000000000003,-0.25798000000000004,-0.268,-0.24603000000000003,-0.27786,-0.28964,-0.29830999999999996,nan,nan,-0.31432,-0.30194,-0.32134,nan,-0.34333,-0.34481999999999996,-0.35769,-0.35788000000000003,nan,-0.37028,-0.38284,nan,nan,-0.40956,-0.40706,-0.42691,-0.44627,-0.44898999999999994,-0.44646,-0.45461,nan,-0.48257,nan,-0.49237,-0.5020399999999999,-0.50422,-0.51695,-0.5158,-0.51625,-0.53265,-0.5564899999999999,-0.5428,-0.55603,-0.5422,nan,-0.57006,-0.57711,-0.57667,-0.5606800000000001,-0.58191,-0.5702,nan,nan,nan,-0.59196,-0.61212,-0.62551,nan,-0.6358699999999999,-0.65042,nan,-0.63726,-0.66272,-0.66245,-0.67372,-0.67693,-0.6721699999999999,-0.6866300000000001,-0.68724,-0.68938,-0.6836399999999999,-0.69898,-0.69162,-0.6976399999999999,-0.71415,-0.69484,-0.7078899999999999,-0.71321,-0.71475,-0.71285,-0.7174699999999999,nan,-0.72607,nan,nan,-0.6891,-0.7005399999999999,-0.7036100000000001,-0.70741,-0.73012,nan,nan,-0.75695,-0.7588699999999999,-0.76745,-0.76776,-0.75877,-0.76167,-0.78263,-0.78392,-0.8138,-0.8220799999999999,-0.85311,-0.86044,-0.8493,-0.86285,-0.84885,-0.87095,nan,-0.8248,-0.81842,-0.8204899999999999,-0.8187800000000001,nan,-0.8231700000000001,nan,nan,-0.8578600000000001,-0.8639600000000001,-0.87729,-0.89007,-0.9027,-0.8981899999999999,-0.90415,-0.91369,-0.9023,-0.9297200000000001,-0.91666,-0.91294,nan,-0.91419,-0.9255700000000001,nan,nan,-0.93032,-0.93329,nan,-0.9278,-0.94437,-0.93361,-0.9473299999999999,-0.94825,-0.94119,-0.9550200000000001,-0.95362,-0.9535100000000001,-0.95586,nan,-0.95534,-0.96799,-0.95591,nan,-0.981,-0.97083,-0.96252,-0.9787899999999999,-0.97078,nan,-0.96257,-0.9792700000000001,-0.9901700000000001,nan,nan,-0.98254,-0.99418,nan,nan,-0.9951,-1.008,-0.99469,-0.9942200000000001,nan,-0.99261,-1.0042,-1.0087,nan,nan,-1.0089,-1.0129,-1.0148,-1.005,-1.0285,nan,nan,-1.0254,-1.0076,-1.018,-1.01,-1.0499,-1.0469,-1.0617,-1.0614,-1.0618,-1.0459,-1.0712,nan,-1.0684,-1.0734,-1.0745,-1.0601,-1.0735,-1.0831,-1.0683,-1.0702,nan,-1.0653,nan,nan,-1.0878,nan,-1.0619,-1.0745,-1.0615,-1.061,nan,-1.0721,-1.0648,-1.0531,-1.0842,-1.0685,nan,-1.0603,nan,-1.0785,-1.0612,-1.0653,-1.0684,-1.0599,-1.0758,-1.0716,nan,-1.0735,-1.0746,-1.0748,-1.075,-1.0747,-1.0734,nan,nan,nan,-1.0536,-1.0784,-1.0829,-1.0587,-1.0633,-1.0403,nan,-1.0227,nan,-1.0258,-1.0509,-1.06,-1.0608,nan,-1.0736,-1.0616,nan,-1.077,nan,nan,-1.0626,-1.0683,nan,-1.0815,-1.0798,nan,-1.0725,-1.073,nan,nan,-1.0793,-1.0581,-1.0764,-1.072,-1.0746,-1.0741,-1.075,-1.075,-1.0742,-1.0744,-1.0723,-1.0847,-1.0793,-1.0590000000000002,nan,-1.0739,-1.0708,nan,-1.0748,-1.0934,-1.0674,nan,-1.0201,-1.021,-1.0369,-1.0314,-1.0217,nan,-1.0221,nan,-1.0574,-1.0633,nan,-1.0859999999999999,-1.0651,-1.0659999999999998,-1.073,-1.0804,-1.0761,-1.0492,-1.0734,-1.0848,nan,-1.0809,-1.0797,-1.0595,-1.0744,-1.0582,-1.062,nan,-1.0751,-1.0616,-1.0596,-1.0612,-1.0483,-1.0521,-1.0669,-1.0345,-1.0507,-1.0468,-1.0324,-1.0505,nan,-1.0486,-1.0398,-1.0334,-1.0312,-1.0188,nan,-1.0205,nan,nan,-1.022,-1.0074,-1.02,-1.0091,-1.0064,-1.0034,nan,-0.96339,-0.93019,-0.94347,nan,-0.9405600000000001,-0.9377200000000001,-0.93963,-0.9389299999999999,-0.93965,-0.93985,-0.94019,nan,-0.94085,-0.92914,-0.9288,-0.9413600000000001,-0.9291200000000001,nan,-0.9160200000000001,-0.91406,-0.9102,-0.9311799999999999,-0.9395,-0.9463600000000001,-0.9483,-0.93553,nan,-0.9389,-0.9368,-0.9231299999999999,-0.9115700000000001,-0.9174100000000001,nan,-0.91432,-0.9155200000000001,-0.90246,nan,-0.87534,nan,-0.903,nan,-0.9008200000000001,-0.8787200000000001,-0.88139,nan,-0.8570700000000001,-0.85769,-0.87265,-0.8800899999999999,-0.85613,-0.8589,nan,-0.8646799999999999,-0.85861,-0.84765,-0.84915,-0.86298,-0.86315,-0.8368899999999999,-0.8319799999999999,-0.8480200000000001,-0.8360299999999999,-0.8336899999999999,-0.82395,-0.82383,-0.84059,-0.81409,-0.8123,-0.8163600000000001,-0.80409,nan,nan,nan,-0.79484,-0.77605,-0.76939,nan,-0.7680600000000001,-0.75679,nan,-0.74749,-0.6823100000000001,-0.6715800000000001,-0.67596,-0.67447,-0.66489,-0.66495,nan,-0.6631600000000001,-0.66186,-0.65315,-0.64915,-0.6639,-0.65675,nan,-0.63434,-0.6359600000000001,-0.6359600000000001,-0.63646,-0.63694,-0.63679,-0.63571,nan,-0.6303,-0.5936600000000001,-0.61556,nan,-0.5967600000000001,-0.59109,-0.59829,-0.57775,nan,-0.5784100000000001,-0.56828,-0.58594,nan,-0.5665600000000001,-0.57087,-0.5664,-0.55692,-0.55509,-0.50395,-0.50332,-0.4792,-0.48522,-0.49058,nan,-0.4883,-0.48868,nan,-0.4789,nan,-0.47858,-0.47717,nan,-0.46456000000000003,-0.47771,-0.47568,nan,-0.46146000000000004,nan,-0.46353999999999995,nan,-0.46403,-0.45171000000000006,-0.43604,nan,nan,-0.4223,-0.41834,-0.4237,-0.35825,nan,-0.35611,-0.34962,-0.33553,-0.32816,-0.32561999999999997,nan,-0.31624,-0.31581,nan,-0.30336,-0.30509000000000003,-0.30514,-0.2909,-0.29152,-0.2871,-0.30628,-0.27008000000000004,-0.26955,-0.26984,-0.26425,-0.28313,-0.2632,-0.26582,-0.2495,nan,-0.2536,-0.24774000000000002,-0.25183,-0.24916,-0.25206999999999996,-0.24956,nan,-0.23820999999999998,-0.21170999999999998,-0.20923000000000003,-0.22196,-0.22593000000000002,-0.20990999999999999,-0.21251,-0.19493,-0.20879,nan,-0.19574,-0.20511,-0.19815,-0.20720999999999998,-0.19501,-0.21361999999999998,-0.20683,nan,-0.20790999999999998,-0.1953,-0.19767,-0.19683,-0.18503,-0.18598,-0.15894,-0.15712,nan,-0.17998,-0.16648,-0.15149,nan,-0.16005,-0.17540999999999998,nan,-0.13790999999999998,-0.14603,nan,-0.1319,-0.12508,-0.10113,nan,nan,-0.11869,-0.10489000000000001,-0.090626,-0.092477,-0.076544,-0.09211,-0.065762,nan,-0.074602,nan,nan,nan,-0.046686,-0.04535,-0.063715,-0.045813,nan,nan,-0.06461599999999999,-0.047632,-0.053052999999999996,nan,-0.024315,-0.037622,-0.05083,-0.05224500000000001,nan,-0.037224,-0.034468,-0.048426,-0.041086000000000004,-0.036378,-0.028007,-0.027162000000000002,nan,-0.012112999999999999,-0.017688,-0.042939,-0.027449,-0.010695999999999999,nan,0.0013437999999999998,-0.012223000000000001,-0.012541,-0.024683,0.00036613,0.0025762,0.012325,0.019837999999999998,0.0022558000000000005,0.013643,0.015784,0.030763,nan,0.030708999999999997,0.042494,0.060316999999999996,0.053875,0.058370000000000005,nan,nan,0.043008,0.040822000000000004,0.042383,0.04002,0.028720999999999997,nan,0.055994,nan,0.041187,nan,nan,0.053588,0.049194999999999996,0.03864,nan,0.057826,0.0551,0.058137,0.051108,nan,nan,0.06713200000000001,0.053967999999999995,0.055796000000000005,nan,0.05474400000000001,0.054310000000000004,0.041595,0.040389,0.053454999999999996,0.057114,nan,0.068143,0.061279999999999994,0.05424400000000001,nan,nan,0.051753,0.038452999999999994,0.047059,nan,0.036539,0.057153999999999996,nan,0.044343,0.038903,0.029595999999999997,0.040688,0.028662,0.040549,0.031183,0.037148,0.047572,0.018997,0.026343000000000002,0.018097,-0.008525,0.031291,0.037413999999999996,0.034562,0.041022,0.027166000000000003,nan,0.029794,0.028243,0.013847,0.017004,0.014178999999999999,0.0012537000000000002,0.0012272000000000001,0.0014305,0.0027289000000000002,-0.009929899999999998,nan,-0.019312,-0.025493000000000002,-0.019584,-0.032601,nan,nan,-0.07266,-0.049201,-0.066018,-0.08945,-0.076812,-0.09276000000000001,-0.088887,-0.090337,nan,-0.10530999999999999,-0.11874000000000001,nan,nan,-0.1552,-0.14645999999999998,-0.14983,-0.16303,nan,-0.1635,-0.16138,-0.16146,nan,-0.1783,-0.20065,-0.19189,-0.19972,-0.21327,-0.22434,-0.22365,-0.24108000000000002,nan,-0.25076,nan,-0.2772,-0.26404,-0.27421,-0.27688,-0.28529,-0.28584,-0.24679,-0.23146,-0.24031999999999998,-0.22951,nan,-0.25964,-0.27337,-0.28679,-0.27881,-0.30848000000000003,nan,-0.3215,-0.34452,-0.34375,-0.34445,-0.35714,-0.36919,-0.36906,-0.37915,-0.38561999999999996,-0.37634,-0.40471999999999997,-0.3999,-0.40141,-0.40922,-0.42231,-0.46088,-0.43206000000000006,-0.45093,-0.44635,nan,-0.419,nan,-0.4124,-0.43763,-0.43646999999999997,nan,nan,-0.47571,-0.49868,-0.50417,-0.49951999999999996,-0.51054,-0.53046,-0.5534100000000001,-0.55125,-0.56333,-0.56237,-0.55506,-0.5763699999999999,-0.58123,-0.58231,-0.58229,nan,-0.62442,-0.6380100000000001,nan,-0.60936,-0.59506,-0.60944,-0.60593,-0.63302,nan,-0.64777,-0.6268,-0.63439,-0.65041,-0.6499,-0.66875,-0.67656,-0.66605,-0.66676,-0.69296,nan,-0.69171,nan,-0.7331,-0.74057,nan,nan,-0.75688,nan,-0.7671600000000001,-0.78787,-0.7981699999999999,nan,-0.80493,-0.8065100000000001,-0.8083899999999999,-0.80404,-0.8144,-0.81771,-0.8257899999999999,-0.82937,-0.82258,-0.85311,-0.84439,-0.86885,-0.88526,-0.86303,-0.90249,-0.90212,-0.92501,-0.9418200000000001,-0.9374600000000001,-0.9521,-0.95201,-0.9613799999999999,-0.9744299999999999,-0.9890100000000001,-0.98662,nan,-1.0032,-0.99916,-0.99425,-1.0109,-1.0219,-1.0177,-1.0237,-1.0153,nan,-0.99574,-1.0084,-1.0074,nan,nan,-1.016,-1.0390000000000001,nan,-1.0653,-1.0838,-1.0832,-1.0948,-1.0934,-1.0877,nan,-1.1161,-1.1258,-1.1077,-1.1176,-1.1247,nan,-1.1279,-1.1283,-1.1415,nan,-1.1393,-1.1287,-1.1352,nan,-1.1188,-1.1396,nan,-1.1119,-1.1379,-1.1313,-1.1254,-1.1232,-1.1309,-1.1371,nan,nan,-1.124,nan,-1.1553,-1.1420000000000001,-1.1285,-1.1247,nan,-1.1164,-1.1135,nan,-1.1186,-1.112,-1.1002,-1.1166,nan,-1.0925,-1.0859,-1.0818,-1.0722,-1.0704,-1.0592,nan,nan,-1.0359,-1.0358,-1.0218,-1.0215,-1.0096,nan,-0.98382,-0.9698,-0.9642299999999999,-0.96915,-0.95683,nan,-0.92696,-0.9338200000000001,-0.90399,-0.8711200000000001,-0.88708,-0.86977,nan,nan,-0.8612799999999999,-0.83214,-0.80953,-0.79684,-0.75856,-0.7319,-0.70496,-0.6926800000000001,-0.67333,-0.68808,-0.6625300000000001,-0.6362399999999999,nan,-0.59709,-0.58545,-0.55375,-0.5352399999999999,-0.52537,-0.50849,nan,-0.4585,nan,nan,-0.39615,nan,-0.3587,-0.34554,-0.31940999999999997,-0.30649,nan,-0.27346,-0.27126,-0.24363,-0.22376,-0.19007000000000002,nan,-0.12527,-0.10564000000000001,-0.082789,-0.027573,-0.015462,nan,0.0013819000000000001,0.034855000000000004,nan,nan,nan,0.18417,0.1901,0.20618000000000003,0.24786999999999998,nan,0.31498000000000004,nan,0.33973000000000003,0.3703,0.39819,0.40909,nan,0.48028999999999994,nan,0.5521699999999999,0.58565,0.63189,0.64294,0.6991,nan,0.7451399999999999,0.80953,0.8365299999999999,0.8615799999999999,0.8940799999999999,0.95965,0.98364,nan,1.0456,1.0751,1.1429,nan,1.1955,1.2619,1.3054,1.3396,1.3669,1.4214,1.4533,1.4965,1.5301,1.5575,nan,1.6438,1.7538,1.8188,1.8411,1.8666,1.9099,1.9621,nan,nan,2.0658,2.1194,2.1362,2.1653,nan,2.2901,2.2965,2.3052,nan,2.3839,2.4344,2.4598,2.4964,2.5477,nan,nan,nan,2.653,nan,2.7247,nan,2.7233,2.7732,2.8099,nan,2.8321,2.8154,2.8364,2.8275,2.8352,2.8436,2.8316,2.8314,2.8176,2.8321,nan,2.8166,2.7982,2.7903,2.7762,2.7573,2.7722,2.7418,2.7154,2.7065,2.6892,2.6597,2.6417,2.6249,2.6038,2.6034,nan,nan,2.5662,2.553,2.5381,2.5536,2.5278,2.5265,2.5112,nan,2.5742,2.5542,2.5466,nan,2.5471,2.5495,2.5312,2.5232,2.506,2.5024,2.5121,2.498,2.4993,2.4848,2.4723,2.485,2.4886,2.4593,nan,2.4667,2.4577,2.4525,nan,nan,nan,nan,2.4182,2.4202,2.4153,2.4046,nan,2.4041,2.3921,2.3933,2.3775,2.3536,2.3539,2.3418,2.3271,nan,2.2976,2.3136,2.2937,2.2871,2.2774,2.2809,2.282,2.2761,2.2880000000000003,2.2657,2.2833,2.2797,2.2584,2.2575,2.231,2.2357,2.2331,2.2069,2.1936,2.1832,2.167,2.171,2.1436,nan,2.1275,nan,nan,2.1116,2.124,nan,2.0898,2.0858,nan,2.0678,2.0623,2.0593,2.0468,2.0322,2.0081,2.0085,1.995,2.0069,1.9991,nan,1.989,2.0215,2.0438,nan,nan,nan,1.9751,nan,nan,1.9781,nan,1.9681,nan,1.9508,1.9276,1.9275,nan,nan,1.9154,nan,1.8931,1.8793,nan,1.8757,1.855,1.8573,1.8475,nan,nan,1.8467,1.8659999999999999,1.8346,1.8262,1.8522,1.8438,nan,1.8078,1.8085,nan,1.7949,nan,1.7826,1.7942,1.777,1.7649,1.7729,1.7602,1.749,1.7339,1.7292,1.7298,nan,1.7076,1.7069999999999999,1.7139,1.7021,1.7004,1.6894,1.702,1.6764,nan,nan,1.6509,nan,1.6449,1.6459,1.6125,1.6191,1.6161,1.6094,1.6049,1.5944,1.5947,1.5741,1.5486,1.5247,1.515,1.5163,nan,1.4912,nan,1.4766,1.4892,1.4788,nan,1.4585,1.4341,1.4499,1.4402,nan,1.4280000000000002,nan,1.4308,1.3983,nan,1.3918,1.3840000000000001,1.3815,nan,nan,nan,1.3301,nan,1.3181,1.3164,nan,1.306,1.3030000000000002,nan,1.2685,nan,nan,nan,nan,nan,1.2106,1.2083,1.1963,1.197,1.1802,1.1692,nan,nan,nan,nan,1.1461,1.1185,nan,1.113,1.0859,1.0563,1.0613,1.0578,1.0543,1.0417,1.0584,1.104,1.0792,1.0609,1.0503,1.0544,1.0496,1.0382,nan,nan,1.011,0.9978,0.99829,0.9769700000000001,nan,0.94514,0.8962399999999999,0.90356,nan,0.87845,0.8734799999999999,0.86703,0.85613,0.83591,0.83741,0.8245100000000001,0.8271700000000001,0.82811,nan,0.8238,0.8122,nan,0.78489,0.79895,0.77689,0.74873,0.74473,nan,0.72759,0.71118,0.69814,0.6945600000000001,0.6834399999999999,0.65609,0.65638,0.64974,0.63662,0.6239899999999999,0.62985,0.62145,0.5986,0.5976199999999999,0.5724,0.57285,0.54761,0.53428,nan,0.50958,0.49603,0.49393000000000004,nan,nan,0.44136000000000003,0.43543000000000004,0.4232,0.40706,0.40256,0.3963,0.38815,0.38261,0.35898,0.36117,0.34536999999999995,0.33291,0.31956,0.31972,0.31011,0.28367,nan,0.25795999999999997,0.24738000000000002,0.22344,0.20529,0.20202,0.20471,0.20058,0.20783000000000001,0.1902,nan,0.18736,0.151,0.13518,0.13507,0.11865,nan,0.10680999999999999,0.081666,0.09360399999999999,0.084252,0.071572,nan,0.039747000000000005,0.044361000000000005,0.035368000000000004,0.020362,0.017188,nan,0.00055473,0.0054585,nan,nan,-0.0061088,nan,nan,-0.016208,nan,nan,nan,-0.037955,nan,-0.066639,-0.062166,-0.066005,-0.06805499999999999,-0.10161,-0.085393,nan,-0.11184000000000001,nan,nan,-0.12317,-0.12219000000000001,-0.1237,-0.10495,-0.1549,nan,-0.17243,-0.18514,nan,nan,nan,-0.19795,-0.19319,-0.22039,-0.20595,-0.18702,-0.21891,-0.2137,-0.21354,-0.2306,-0.23922,-0.2279,nan,-0.25581,-0.24593,-0.2541,-0.24541999999999997,-0.24039000000000002,-0.26369000000000004,-0.2513,-0.26419000000000004,nan,nan,-0.25187,-0.24909,nan,-0.26431,-0.25892,-0.27302,-0.26864,nan,-0.26269000000000003,-0.26471999999999996,-0.28126999999999996,-0.26705,-0.26697,-0.27360999999999996,-0.26305,-0.27763000000000004,-0.26048000000000004,-0.26532,-0.27744,-0.27726,-0.29117,-0.27710999999999997,-0.28873000000000004,-0.27983,-0.27465,-0.27513000000000004,nan,nan,-0.27037,nan,nan,nan,-0.28481,nan,-0.27929,-0.28924,-0.29312,-0.28281999999999996,nan,nan,-0.23831,-0.22458000000000003,-0.22315,-0.23639000000000002,-0.22678,-0.22027,-0.23335,-0.23851,nan,-0.22048,-0.22389,-0.22055,-0.22466,nan,-0.22983,-0.23239,-0.22339,-0.2193,-0.21278000000000002,-0.23826999999999998,-0.22321999999999997,-0.22455,-0.22421999999999997,-0.23801999999999998,-0.2238,-0.23661,-0.22425,-0.23475,-0.22526,-0.23321999999999998,-0.22050999999999998,-0.21193,nan,-0.20179,-0.21785,-0.21919,-0.20531999999999997,-0.21444000000000002,-0.22157,nan,-0.21081999999999998,-0.20997,-0.21097,-0.21111999999999997,-0.19766,-0.1958,-0.20828000000000002,-0.21156,-0.19832,-0.19493,nan,-0.17097,nan,-0.1897,nan,-0.2071,-0.1886,-0.20501999999999998,-0.20127,-0.18398,-0.19638,-0.18206,-0.18503,nan,-0.18499000000000002,-0.17177,-0.1706,-0.17125,-0.17012,-0.16203,-0.14177,-0.15422,nan,-0.14176,nan,-0.12909,nan,-0.090264,nan,nan,-0.087373,nan,nan,nan,-0.07975700000000001,-0.07775800000000001,-0.065355,-0.080149,-0.017737,-0.0067488,nan,-0.013961000000000001,0.00018365,-0.0029096,-0.016472,0.0026566,-0.005998300000000001,-0.0037743000000000004,0.00027061,-0.015297,-0.029363,-0.033119,nan,-0.038350999999999996,-0.038185000000000004,-0.052063,-0.05140700000000001,-0.051635,-0.038181,nan,-0.052204999999999994,-0.049361,nan,-0.047688,nan,-0.035719,-0.053742,-0.059115999999999995,-0.046839,-0.049769,-0.054559,-0.064851,-0.06437899999999999,-0.059911,-0.051562000000000004,-0.064978,-0.048326,-0.053047000000000004,nan,-0.051945000000000005,-0.050878,nan,nan,-0.052362,-0.049815,-0.050039,-0.051058,-0.042069999999999996,-0.032874,-0.043561,nan,-0.043512,nan,-0.057119,-0.035973000000000005,0.0098441,nan,-0.0098531,0.00237,-0.013396000000000002,-0.011944,0.014927000000000001,0.0026075,0.0026099,-0.0097861,nan,nan,nan,-0.0019730999999999998,-0.022038,-0.018868,-0.036239,-0.053225,-0.048249,-0.050419,nan,-0.047688,-0.034662,-0.039129000000000004,nan,-0.05036,-0.05231,-0.06551,nan,-0.064117,-0.052996,-0.050526999999999996,-0.039853,nan,nan,-0.038182,-0.042456,-0.053634,-0.041631,-0.03875,-0.055163,-0.042203,nan,nan,-0.035407999999999995,-0.037245,nan,nan,nan,-0.05205,-0.037709,-0.049605,nan,nan,-0.036635,-0.048555,-0.039234,-0.041530000000000004,-0.0064643999999999995,nan,nan,0.02426,0.0087509,0.0036111,0.0016982,0.005028800000000001,0.017478,0.014902,nan,0.01462,0.0013402000000000002,0.013985,0.017624,0.0019069000000000002,0.014406,0.0077876,-0.00096669,0.013937,0.017092,0.017238999999999997,0.016125999999999998,nan,0.011343,nan,0.0039431,0.0025115,0.0027871,0.0026184999999999997,nan,0.0022982,0.0012015999999999997,0.0012904000000000001,0.0023238000000000004,-0.012994,0.014091,nan,0.0037821999999999995,nan,0.0082701,0.011970999999999999,nan,0.004605399999999999,0.0045286,-0.0061346000000000005,-0.028189999999999996,nan,-0.01011,-0.010805,-0.011851,-0.027205,-0.036731,-0.023323,-0.024636,-0.024633000000000002,-0.023691999999999998,-0.035693,-0.049167,nan,-0.04855,-0.053163999999999996,-0.038175,-0.044059,-0.05049,-0.055032000000000005,-0.066121,-0.064319,-0.086687,-0.084051,-0.07979299999999999,nan,-0.091639,-0.105,nan,-0.1189,-0.11852,-0.11773,nan,-0.12138,-0.10244,nan,-0.11435999999999999,-0.12921,-0.11940999999999999,nan,-0.12297000000000001,-0.12082999999999999,-0.13068,-0.13764,-0.16055,-0.154,-0.15722,nan,-0.15729,-0.1744,-0.19716,nan,-0.19685,-0.198,-0.2045,-0.25815,-0.25489,-0.2546,-0.27678,-0.26595,nan,-0.26741,nan,-0.27731999999999996,-0.29036,-0.27821,-0.33261,-0.26626
4.0,-0.52856,-0.70811,-0.57293,-0.67361,nan,-0.6147600000000001,nan,-0.64446,nan,-0.62737,-0.6280600000000001,-0.6126199999999999,-0.62498,-0.61063,-0.5958100000000001,-0.62185,-0.6221899999999999,-0.60674,-0.61534,-0.62521,-0.6361,-0.62569,-0.6406,-0.65446,nan,-0.64541,-0.61288,-0.6140800000000001,-0.61187,-0.61233,nan,nan,nan,-0.62266,-0.62508,-0.64853,-0.62932,-0.63845,-0.61674,-0.61273,-0.63275,-0.6344,-0.6687,nan,-0.62708,-0.62834,-0.6170899999999999,nan,-0.63995,nan,-0.6211399999999999,-0.61648,-0.65246,-0.6352800000000001,-0.6142,nan,-0.6163,-0.6134,-0.63174,nan,nan,nan,-0.6431899999999999,-0.65267,-0.6182300000000001,nan,nan,-0.6453,-0.6461,-0.62151,-0.6328199999999999,-0.6499199999999999,nan,-0.6392,-0.65661,-0.62776,nan,-0.64476,-0.62228,-0.6332300000000001,-0.64154,-0.6292,-0.65141,-0.65391,-0.64388,-0.64448,-0.64473,-0.63489,nan,nan,-0.6473300000000001,-0.6584899999999999,-0.6534,-0.63274,nan,-0.64227,-0.64371,nan,nan,nan,-0.6532,-0.6590199999999999,-0.67009,-0.6459699999999999,-0.65059,-0.6651100000000001,nan,-0.6606,-0.65704,-0.6524800000000001,nan,-0.65759,-0.6421600000000001,nan,-0.64495,-0.64063,-0.67888,nan,-0.6582600000000001,-0.67005,nan,-0.65745,-0.6682600000000001,-0.69214,nan,-0.66986,-0.68839,nan,-0.68252,nan,-0.6693100000000001,-0.66156,-0.65022,-0.66523,-0.68694,nan,-0.6673899999999999,nan,nan,-0.65661,-0.67777,nan,nan,nan,-0.65746,nan,-0.7054600000000001,-0.6964600000000001,-0.68112,nan,nan,-0.6906100000000001,nan,-0.69257,-0.69389,-0.69399,-0.68879,-0.71057,-0.70922,nan,-0.68808,-0.70627,-0.69152,-0.6923,-0.7177,-0.69852,-0.69488,-0.70998,-0.6952,nan,-0.6853100000000001,-0.7065,-0.70565,nan,-0.69267,-0.7004100000000001,-0.69815,-0.6967300000000001,-0.72055,-0.70206,-0.69388,-0.69433,-0.68833,-0.7105899999999999,-0.71307,-0.70065,-0.70497,nan,-0.68305,-0.69377,-0.68206,-0.68865,-0.69235,-0.69607,-0.70731,-0.7017899999999999,-0.6904100000000001,-0.6823899999999999,nan,-0.69417,nan,-0.67742,-0.6868,-0.69001,-0.67856,-0.68316,-0.69388,nan,nan,-0.69314,-0.68194,nan,-0.67942,-0.68993,-0.68352,-0.71782,-0.69934,-0.68479,nan,-0.69182,-0.6774,-0.68224,-0.68075,-0.6825399999999999,-0.6825399999999999,-0.6791,-0.69111,nan,-0.66094,-0.67557,-0.67945,-0.68375,nan,-0.6711699999999999,-0.66806,-0.66555,-0.67769,-0.67345,-0.6724399999999999,-0.67888,-0.6703600000000001,-0.68292,-0.65665,-0.6774,-0.6584800000000001,-0.6472399999999999,-0.67266,nan,-0.6604,-0.66951,-0.65758,-0.65518,-0.6572100000000001,-0.6482100000000001,-0.63995,-0.6469699999999999,-0.6577,-0.65556,nan,-0.63359,nan,-0.6621,-0.66525,-0.64485,-0.62556,-0.62151,-0.6463899999999999,-0.6459,-0.6210100000000001,-0.62179,-0.60253,-0.59578,-0.60849,-0.58646,nan,-0.58367,-0.57023,nan,nan,-0.57316,-0.58295,-0.56388,-0.57509,nan,-0.53582,-0.54287,nan,-0.5494600000000001,nan,nan,-0.54108,-0.53491,-0.5473899999999999,-0.5472100000000001,nan,-0.53286,-0.5353100000000001,-0.5310199999999999,-0.5374800000000001,-0.52718,-0.5079600000000001,nan,-0.48372,-0.49892,-0.4797,-0.51181,-0.50152,nan,nan,-0.49693000000000004,-0.49818,-0.46321,nan,-0.50588,-0.48643000000000003,-0.50668,-0.48023000000000005,-0.46308999999999995,-0.47212,-0.44833999999999996,-0.48126,-0.46693999999999997,nan,-0.46178,-0.45043,-0.47607,-0.4573,-0.46201000000000003,-0.4731,-0.4666,-0.4371,-0.44032,-0.41131999999999996,-0.38372,nan,nan,-0.4251,-0.40571999999999997,-0.37987,-0.41503999999999996,-0.4151,-0.38763000000000003,-0.38702,nan,-0.38747,-0.38764,-0.3769,-0.37301999999999996,-0.37694,nan,-0.36115,nan,-0.36408,-0.3764,-0.37635,-0.36554000000000003,-0.3574,-0.37796,-0.38005,-0.35416,-0.36971,-0.38688,-0.37639,-0.35493,-0.3252,-0.3456,nan,-0.37233,-0.37494,nan,-0.3377,-0.3385,-0.32718,-0.3231,-0.32081,-0.30578,-0.32506999999999997,nan,-0.32445999999999997,-0.32574000000000003,-0.32405,nan,-0.33519,nan,-0.32931,-0.31806999999999996,-0.31417,nan,-0.31466,-0.31654,-0.29852,-0.31561999999999996,-0.28938,-0.28236999999999995,-0.30069,-0.28796,nan,-0.26524000000000003,-0.29661,-0.29363,nan,-0.2751,-0.26716,nan,-0.25178,-0.26578,-0.25340999999999997,-0.262,-0.26332,-0.27371,nan,-0.23559000000000002,-0.2572,nan,-0.22826999999999997,-0.22559,-0.2393,-0.22486,nan,-0.23925,nan,nan,-0.23085999999999998,-0.24172,-0.21591,nan,-0.23554,-0.21769000000000002,-0.21649000000000002,nan,-0.22146999999999997,-0.19153,-0.21445999999999998,-0.2081,nan,-0.21070999999999998,-0.21481999999999998,-0.1918,-0.19801,nan,-0.16821,-0.17446,-0.18258,nan,nan,-0.16442,nan,-0.16710999999999998,-0.15405,-0.16605999999999999,-0.18114,-0.15068,-0.13574,-0.14909,-0.15411,-0.15528,-0.16905,nan,-0.12850999999999999,-0.15350999999999998,-0.12912,-0.11110999999999999,nan,nan,-0.1441,-0.12661,-0.11763,nan,-0.11534000000000001,nan,-0.1096,-0.10325999999999999,-0.1055,-0.1052,-0.10599000000000001,-0.10595999999999998,-0.1144,-0.11954000000000001,-0.10639000000000001,-0.10984000000000001,-0.11517000000000001,-0.10119,-0.10892,-0.13043,-0.11989000000000001,-0.09462899999999999,-0.099123,-0.10849,-0.10091,-0.10898,-0.09989400000000001,-0.095329,-0.11763,-0.09641,-0.090188,-0.09308,-0.09668600000000001,nan,-0.10087,-0.092181,-0.10800000000000001,-0.1185,-0.084188,-0.093049,-0.11485999999999999,nan,nan,-0.11162000000000001,-0.092653,-0.10640999999999999,-0.094414,-0.10096000000000001,-0.10865999999999999,-0.096852,nan,-0.098044,nan,nan,-0.10619,-0.10699000000000002,-0.095958,-0.082518,-0.08340499999999999,-0.09689099999999999,nan,-0.081298,-0.094409,-0.10554000000000001,-0.10799,-0.085547,-0.082643,-0.098781,-0.083393,-0.08373799999999999,nan,-0.080941,-0.081137,-0.06917000000000001,-0.080052,-0.10689000000000001,-0.092948,nan,-0.09809,-0.089438,-0.068591,-0.09098200000000001,-0.09201000000000001,-0.10255,-0.093503,-0.07548200000000001,-0.080849,nan,-0.094043,-0.09350399999999999,-0.10328,-0.099995,-0.079639,-0.08257,-0.076757,-0.10647000000000001,nan,-0.093237,nan,nan,-0.090838,nan,-0.10292000000000001,nan,-0.08819600000000001,-0.10976,nan,nan,nan,-0.083758,-0.10227,-0.13058,-0.09510199999999999,-0.11067,-0.1038,-0.092502,-0.10795999999999999,-0.081957,nan,nan,-0.10107999999999999,-0.12328,-0.11175999999999998,nan,-0.10565,-0.095123,nan,nan,-0.11595,nan,-0.11703,-0.1163,nan,-0.10512,-0.10583,-0.10371,nan,-0.12295,-0.12747,-0.11400999999999999,-0.11872,-0.14185,-0.12475,-0.098048,-0.12805999999999998,-0.11125,-0.12007999999999999,nan,-0.14034000000000002,-0.15563,-0.14475,-0.12975,-0.12718,-0.13676,nan,-0.12661,nan,-0.12987,-0.13024000000000002,-0.13792000000000001,-0.15855999999999998,nan,-0.154,-0.17663,-0.14694000000000002,-0.15697,-0.15438,-0.1548,-0.1543,-0.16186,nan,nan,-0.15197,-0.15633,-0.16888,-0.16727,nan,-0.14767,-0.17462,-0.16757,-0.14534,-0.16502,-0.17567,-0.15264,-0.15512,-0.15583,-0.15847999999999998,-0.18808,-0.18081,nan,-0.18503,-0.16587000000000002,-0.17956,-0.17879,nan,-0.18279,-0.17455,-0.18208,-0.19729000000000002,-0.20134000000000002,-0.20686999999999997,-0.22795,-0.19514,-0.18477000000000002,-0.20465,-0.19236,-0.1952,-0.2032,-0.20590999999999998,-0.22956,-0.21731999999999999,-0.20083,-0.22555999999999998,nan,-0.20856999999999998,-0.23536999999999997,-0.21809,nan,-0.24063,nan,nan,nan,-0.22441,nan,nan,nan,-0.25161999999999995,nan,-0.22755,-0.2365,nan,nan,-0.2593,nan,-0.26834,-0.26314,-0.25317,nan,nan,-0.27021999999999996,-0.26958000000000004,-0.26734,-0.27436,-0.26439,-0.27753,-0.27708,nan,nan,-0.2961,-0.26494,nan,-0.29172,nan,-0.26694,-0.30191999999999997,-0.27939,-0.28273000000000004,-0.28434,nan,-0.27967,-0.29155,nan,-0.30211,-0.30272,-0.28909,-0.29603,-0.30011,nan,nan,-0.31499,-0.31315,-0.30108,-0.32414,-0.30673,-0.30537,-0.31664000000000003,-0.33494,-0.32566999999999996,-0.28813,nan,-0.33846,-0.33776,-0.33346,-0.34969,-0.33203,-0.31551999999999997,-0.33995,-0.32332,-0.32578,-0.33597,-0.34846,nan,-0.36252,nan,nan,-0.35015,-0.36518,-0.38716,nan,-0.3571,nan,-0.38704,nan,nan,-0.41472,-0.39939,-0.39751,-0.41158999999999996,-0.40289,-0.39478,nan,-0.4113,-0.41281,nan,-0.42536999999999997,-0.41281999999999996,-0.41056000000000004,nan,-0.40988,nan,-0.42721000000000003,-0.42133000000000004,-0.42658,-0.44885,nan,-0.42888000000000004,nan,-0.43595,nan,nan,-0.45386000000000004,-0.48545,-0.46341000000000004,-0.4579,-0.46725,-0.48277,-0.47292,-0.46001000000000003,-0.47526,-0.47312,-0.47415,-0.47181000000000006,-0.49151000000000006,-0.49276000000000003,nan,-0.47635,nan,-0.48301000000000005,-0.48611000000000004,-0.50915,-0.50274,-0.48017,nan,-0.50326,-0.49821000000000004,-0.50962,-0.49472,-0.49823,-0.49883999999999995,-0.48498,nan,-0.48986,-0.5327,-0.53817,-0.5223899999999999,-0.5348,-0.52304,-0.54315,-0.54592,-0.55366,-0.5517,-0.54732,-0.55957,nan,-0.55825,nan,-0.56758,nan,-0.57875,-0.5765399999999999,-0.5746,-0.60004,-0.60892,nan,-0.6199600000000001,nan,nan,-0.6338600000000001,-0.62315,-0.62508,-0.64589,-0.64408,-0.64495,-0.64149,-0.6654100000000001,-0.65971,nan,-0.6463800000000001,-0.65113,nan,nan,-0.6798,-0.69267,-0.6947,nan,nan,-0.69491,-0.69372,-0.70607,-0.7065600000000001,-0.7287,-0.73907,-0.7608699999999999,-0.75651,-0.7319100000000001,nan,-0.74805,-0.75283,-0.74361,-0.7769199999999999,-0.76252,nan,nan,-0.7742899999999999,-0.7954399999999999,-0.78974,-0.79327,nan,-0.7883899999999999,-0.81095,-0.81299,-0.8261799999999999,nan,-0.8234100000000001,-0.8308399999999999,-0.84201,-0.8510200000000001,-0.8547899999999999,-0.84526,-0.86498,-0.85159,nan,-0.87124,-0.85462,-0.8907700000000001,-0.85645,-0.8667299999999999,-0.88003,-0.88346,-0.9060299999999999,nan,-0.9011,nan,-0.8999299999999999,-0.9156700000000001,-0.8990100000000001,-0.91607,nan,-0.93491,-0.96783,-0.96045,-0.9640000000000001,nan,-0.97435,-0.9804700000000001,-0.9964799999999999,-0.9945299999999999,-0.9843200000000001,-0.9882200000000001,-0.98793,-1.0008,-1.0231,-1.0146,nan,-1.0343,-1.0318,-1.043,-1.0607,-1.0493,-1.0597,-1.0731,-1.0699,nan,-1.0842,nan,nan,-1.0971,-1.0994,-1.1092,nan,nan,-1.1078,-1.1086,-1.1056,-1.0954,-1.1001,-1.1226,-1.1244,-1.1152,-1.1477,-1.1559,-1.1417,-1.1478,-1.1469,-1.1615,-1.1618,-1.1365,-1.1398,-1.1552,nan,nan,-1.1659,nan,-1.1605,-1.1368,-1.1397,nan,-1.1656,-1.1507,-1.1471,-1.1628,-1.1574,nan,-1.1454,-1.1397,nan,-1.1397,nan,-1.1104,-1.1211,-1.0974,-1.1076,-1.1265,-1.09,-1.0923,-1.0874,-1.0678,nan,-1.0589,-1.0617,-1.0516,-1.0376,nan,-1.0138,-1.0098,nan,-0.99616,nan,-0.97667,-0.95373,-0.9489799999999999,-0.9466100000000001,nan,nan,-0.89592,-0.86387,nan,-0.8658100000000001,-0.867,-0.8367399999999999,-0.8260299999999999,-0.81402,nan,-0.7762899999999999,nan,nan,-0.7452300000000001,-0.71444,-0.6779,nan,-0.65645,-0.65052,-0.6247699999999999,nan,nan,-0.5784600000000001,-0.51154,-0.48963,-0.49546999999999997,nan,-0.47236000000000006,-0.45475,nan,-0.40096,-0.3803,-0.35501,-0.34248,-0.32606,-0.30408,-0.28236,-0.27666,-0.26507,-0.22931999999999997,-0.22196,-0.17426,nan,-0.1179,-0.10145,-0.08564400000000001,-0.05508,-0.045408,nan,0.024668,0.053940999999999996,nan,0.088241,nan,0.10349000000000001,0.12997,0.17347,0.20870999999999998,0.22930999999999999,0.26304,0.27843,0.27796,0.3128,0.35347,0.37221,0.39354,0.42875,0.44188999999999995,0.46887,0.52242,0.5514899999999999,nan,nan,0.60534,0.61242,0.66264,nan,0.70292,0.70941,0.74278,0.79927,0.82595,0.84744,0.8932899999999999,0.9095700000000001,nan,0.9472700000000001,0.9767399999999999,1.0205,1.0349,nan,1.1145,nan,nan,1.2025,nan,1.2539,1.3084,1.3694,nan,1.3843,1.4282,1.4651,1.5262,1.554,1.574,1.631,1.6483,1.6918,1.7408,1.7594,1.7881,1.8012,1.8636,1.9054,nan,1.9676,2.0035,1.9971,2.0396,nan,2.0918,2.0991,2.165,2.1997,2.2106,nan,2.2367,2.2708,2.2599,2.279,2.3331,2.3319,2.3343,nan,2.3412,2.3619,2.3856,2.3994,nan,nan,nan,2.4442,2.4198,2.4445,2.4654,2.4345,2.4385,2.4398,2.4334,nan,2.4561,2.4538,2.4589,nan,2.4281,2.4356,2.4465,nan,2.4576,2.4702,2.4327,2.4514,2.4349,2.4219999999999997,2.4519,2.4401,nan,2.4443,nan,nan,2.4103,2.403,2.408,nan,2.3426,2.3591,nan,2.322,2.3287,nan,2.3224,2.3293,2.3463,2.3299,2.3211,2.3101,2.2967,2.2908,2.2717,nan,2.2774,2.2557,2.2441,nan,nan,nan,nan,2.2167,nan,2.2049,2.2096,2.1959999999999997,2.1630000000000003,nan,nan,2.169,2.154,2.1436,nan,2.1359,2.1249,2.125,2.127,2.1159,2.1061,nan,2.1078,2.1094,2.1008,2.1003,2.0864,2.1117,2.089,2.0769,nan,2.0677,nan,2.026,nan,2.0298,2.0154,nan,nan,2.0127,2.0072,1.9909,nan,nan,2.0146,2.0079,1.9938,1.9841,1.9731,nan,1.9684,1.9773,nan,1.9359,1.9541,1.9413,1.9193,1.9179,1.9166,1.9307,1.9295,nan,nan,1.9209,1.9027,1.9213,1.8947,1.8952,nan,1.8926,1.8917,nan,1.8986,1.9073,nan,1.8871,1.8657,1.8685,1.8802,nan,nan,1.8798,1.8812,nan,1.8542,1.8698,1.8568,1.8398,1.867,1.8516,1.8462,1.8576,1.8564,1.8523,nan,1.8309,nan,1.8273,nan,1.8169,nan,1.7905,1.8118,1.8306,1.8191,1.8102,nan,1.8202,1.8029,1.8019999999999998,1.815,1.7945,nan,1.7882,1.7688,nan,1.7829,1.7918,1.7819999999999998,nan,1.7943,nan,1.7717,nan,nan,1.7697,1.7790000000000001,1.7703,1.7813,nan,1.7919999999999998,1.7792,nan,1.7736,1.78,1.7627,1.7583,1.7569,1.7454,nan,1.7619,1.7509,1.7718,1.7519,1.7359,nan,1.7447,1.7565,nan,1.7579,1.7508,1.7438,1.7444,1.7482,nan,nan,nan,1.7627,1.7383,1.7272,nan,1.7494,1.7487,1.722,1.7685,nan,1.7033,1.7143,1.7067,1.7329,nan,nan,1.7081,1.6956,1.7183,nan,1.6991,1.71,1.6869,1.6852,1.6822,1.6711,1.6708,1.672,1.6699,1.6733,1.6655,1.6609,1.6738,1.6699,1.66,1.651,1.6259,1.6280000000000001,1.6346,1.6116,1.6143,1.6211,nan,nan,1.6247,1.6123,nan,nan,1.608,nan,1.5933,1.5733,1.5839,1.5972,1.5935,1.5705,1.5577,1.5630000000000002,1.5575,1.5349,1.5362,1.5511,1.5292,1.5248,1.514,1.4967,1.5008,1.4842,1.4754,1.4758,1.4657,1.4542,1.4457,1.4313,1.4249,1.4057,1.3749,1.3776,1.3789,1.3668,1.3647,1.3609,1.3495,1.3782,1.3681,1.3419999999999999,nan,1.3071,1.3155,nan,1.2631,nan,1.2273,1.2446,1.2023,1.1802,1.1963,nan,1.1793,1.1712,1.1557,1.1515,1.1165,1.1075,1.0864,nan,1.0802,1.0564,1.04,1.0314,1.0183,0.99495,0.97383,0.97136,0.97946,nan,nan,0.9511799999999999,0.92515,0.89544,nan,0.88751,0.8684299999999999,0.84585,0.8225399999999999,nan,0.8305100000000001,0.80027,0.7471300000000001,0.7270800000000001,0.72595,0.7407199999999999,0.72548,0.70931,0.69691,0.69328,0.68567,0.65274,0.65428,0.64563,0.6254,0.59345,0.5769,0.58212,0.55792,nan,0.53242,0.54471,0.51712,0.48561000000000004,0.48086999999999996,nan,0.45006,0.43725,0.39393,0.39711,0.39814,nan,0.36012,0.34189,0.32619000000000004,0.30766,0.29495,0.27389,0.28638,0.26868000000000003,0.24023000000000003,0.23517,0.21348000000000003,0.2227,nan,0.18508,0.16187,0.1281,nan,0.12994,nan,0.14617,0.12211,0.10927,nan,0.078221,nan,nan,nan,0.031791,0.033875999999999996,0.02306,nan,-0.010202,-0.04375,-0.046522,-0.039776,-0.053709,-0.05429400000000001,nan,-0.08637,-0.093917,-0.11932000000000001,-0.13168,-0.11152999999999999,nan,-0.17697000000000002,-0.16512000000000002,nan,-0.19576,-0.23201999999999998,-0.24065,nan,nan,-0.27494,-0.27318000000000003,-0.28123000000000004,-0.28859,-0.28975,-0.30296999999999996,-0.3142,-0.32375,-0.33211999999999997,-0.35334,-0.36479,-0.36196999999999996,-0.38328,-0.39997,-0.40003,-0.41105,-0.42207,-0.43138000000000004,-0.44113,-0.45441000000000004,nan,-0.46299999999999997,-0.48833999999999994,-0.498,-0.48516000000000004,-0.49261000000000005,-0.49975,nan,-0.51008,nan,-0.55985,-0.5583600000000001,-0.55885,nan,-0.5857899999999999,nan,nan,nan,nan,-0.63517,-0.6332899999999999,-0.6339899999999999,-0.61842,-0.6452600000000001,-0.65315,-0.6412399999999999,nan,-0.64932,-0.6459199999999999,nan,-0.65493,nan,nan,-0.67083,-0.67812,-0.69085,-0.70033,-0.68413,-0.74237,-0.72578,nan,-0.7367,-0.74638,-0.75668,nan,nan,-0.75568,nan,-0.74269,-0.75636,-0.7739,-0.74934,-0.7478199999999999,-0.77027,-0.78204,-0.8044100000000001,-0.78384,-0.77153,-0.80677,-0.8112,-0.7974899999999999,-0.80699,-0.81722,nan,-0.8298200000000001,-0.81508,-0.83257,-0.8497299999999999,nan,nan,-0.83252,-0.85411,-0.85295,-0.86405,-0.86644,-0.86067,nan,-0.8760100000000001,-0.8790399999999999,-0.8908200000000001,nan,-0.86598,-0.8890100000000001,-0.8874299999999999,-0.90009,-0.88931,-0.90089,nan,-0.89064,-0.9153600000000001,-0.9143100000000001,-0.9269700000000001,nan,nan,nan,nan,-0.93906,-0.9259799999999999,-0.93939,-0.90455,-0.90553,nan,-0.90846,-0.89994,-0.92205,-0.9204899999999999,-0.9002100000000001,-0.91494,nan,nan,-0.9266,-0.91874,-0.9063899999999999,nan,-0.9202899999999999,-0.93881,nan,-0.9019799999999999,-0.8921899999999999,nan,-0.89692,-0.9242799999999999,-0.9173399999999999,-0.9022700000000001,-0.9279,-0.9272600000000001,nan,-0.9159200000000001,-0.9169700000000001,-0.92856,-0.92263,-0.92738,nan,-0.9148200000000001,nan,nan,-0.93027,-0.9000100000000001,-0.8988799999999999,-0.9315899999999999,-0.92395,-0.92666,nan,-0.91264,-0.9134899999999999,-0.9129299999999999,-0.90697,-0.89728,-0.90165,nan,-0.9156799999999999,nan,nan,-0.90044,-0.89249,-0.8893,-0.88515,-0.89538,-0.8972899999999999,-0.8659,-0.8889100000000001,-0.86198,-0.85067,-0.8775299999999999,-0.8695799999999999,nan,nan,-0.8779899999999999,-0.8662700000000001,-0.8628,-0.86064,nan,nan,-0.86156,-0.8224,-0.8447399999999999,-0.84091,-0.82936,-0.82626,-0.8383200000000001,-0.83254,-0.82745,-0.8182699999999999,-0.78657,-0.8242,-0.8533,-0.8075,nan,nan,-0.81293,-0.84209,-0.8268200000000001,-0.8024600000000001,-0.81686,-0.81618,-0.8466,-0.8503299999999999,-0.8185399999999999,-0.8157300000000001,-0.8096800000000001,-0.8025399999999999,-0.8188,-0.81553,nan,-0.79311,-0.77396,-0.76118,-0.7719699999999999,-0.78103,-0.77427,-0.75202,nan,-0.73222,nan,-0.73302,nan,-0.69643,-0.691,-0.69257,-0.67971,nan,nan,-0.65356,-0.66602,nan,nan,-0.66165,-0.65225,-0.6450600000000001,nan,-0.61107,-0.6251800000000001,nan,nan,-0.63469,nan,-0.60835,-0.62111,-0.59702,nan,-0.60041,-0.59606,-0.6088,-0.5828399999999999,nan,-0.58492,nan,nan,-0.5552600000000001,nan,-0.56519,-0.56616,-0.5572600000000001,-0.5574600000000001,-0.55993,-0.5613600000000001,-0.53962,-0.58806,-0.56622,-0.54911,-0.57217,-0.55702,-0.5716,nan,nan,nan,-0.5567300000000001,nan,-0.57444,-0.57216,-0.56626,-0.5462,-0.57052,nan,nan,nan,-0.58225,-0.58078,-0.56587,-0.57604,-0.5701,-0.5774600000000001,-0.59975,-0.50962
1.0,-1.2173,nan,-1.6138,-1.4752,nan,-1.5475,-1.5197,-1.5838,-1.56,-1.5701,-1.5352,-1.5027,-1.5241,-1.5451,-1.5237,nan,nan,-1.5153,nan,-1.5036,nan,-1.4555,-1.4675,nan,-1.4626,-1.4595,-1.4055,-1.3897,-1.4338,-1.4182,-1.3656,-1.3347,-1.3175,nan,-1.4095,-1.3424,-1.2999,-1.3132,-1.3065,-1.285,-1.2732,-1.2888,-1.3107,-1.2745,nan,-1.2347,-1.2568,-1.2226,-1.1912,-1.2082,-1.2267,-1.2177,nan,-1.2068,-1.263,-1.2834,-1.2403,-1.2061,-1.213,-1.2352,-1.2253,-1.2035,-1.2082,-1.1911,-1.1799,-1.2154,nan,nan,-1.2036,-1.2049,-1.2047,-1.232,-1.2171,nan,-1.1566,-1.1797,-1.1537,-1.1584,-1.1754,nan,nan,-1.1429,-1.1482,-1.1234,-1.137,-1.1504,-1.153,-1.1387,-1.0904,-1.117,nan,-1.1229,-1.104,nan,-1.1327,-1.1059999999999999,nan,-1.1028,-1.1523,-1.1005,-1.0428,nan,-1.0802,-1.0211,-1.0547,-1.078,-1.0475,-1.0499,-1.0482,-1.0149,-1.0463,-1.0684,nan,-0.96301,-0.97625,-0.99923,-1.0023,-0.95683,-0.9466600000000001,-0.99851,-1.0033,-0.9776799999999999,-0.96436,-0.94532,-0.93524,nan,-0.94016,-0.9175700000000001,-0.92133,-0.9509,-0.9436700000000001,-0.89559,-0.8913,-0.9226200000000001,-0.94219,-0.9438200000000001,-0.9353899999999999,nan,-0.94883,-0.90328,-0.8931600000000001,-0.94515,-0.9498,-0.9305700000000001,-0.9454799999999999,-0.9226,-0.87692,-0.91622,-0.9395,-0.8927200000000001,-0.9033100000000001,-0.9012100000000001,-0.8391799999999999,-0.8469399999999999,-0.8714200000000001,-0.81927,-0.7853,-0.8023,-0.80177,-0.75335,-0.7470100000000001,-0.8165100000000001,nan,-0.78601,-0.7831100000000001,-0.76458,-0.72549,-0.73298,-0.73668,-0.73258,-0.7666,-0.76986,-0.71772,-0.7114199999999999,-0.73582,-0.7132,nan,nan,nan,-0.6929,-0.70627,-0.6756300000000001,-0.67251,-0.7047800000000001,-0.69548,-0.6824899999999999,-0.70206,-0.69589,-0.6766800000000001,-0.6812699999999999,-0.67628,-0.68498,-0.6754600000000001,-0.63212,-0.64999,-0.68875,-0.68175,-0.6611199999999999,-0.64571,-0.6644899999999999,-0.6834600000000001,nan,nan,-0.71567,-0.69726,-0.6277699999999999,nan,-0.68224,-0.6441100000000001,-0.6154,-0.6359600000000001,-0.65601,nan,-0.67818,-0.65108,-0.62842,-0.64307,-0.65717,-0.6582899999999999,-0.67195,-0.67971,-0.64102,-0.60485,-0.61553,-0.6339199999999999,-0.62922,nan,-0.67235,nan,nan,nan,-0.68204,-0.6448699999999999,-0.63097,-0.62697,-0.63007,-0.62837,nan,-0.6504300000000001,-0.6459,-0.63179,-0.66759,-0.67652,nan,nan,-0.68143,-0.61746,-0.60819,-0.6524,-0.6413399999999999,nan,nan,-0.6400100000000001,nan,-0.66925,-0.6633399999999999,nan,-0.58799,-0.63349,-0.61137,-0.58737,-0.61752,nan,nan,-0.63275,nan,nan,-0.63439,-0.63521,nan,-0.6146,-0.5823,-0.62245,-0.65852,-0.65585,-0.64957,-0.61619,-0.60149,-0.65476,-0.68752,nan,-0.66297,-0.62763,-0.6410399999999999,-0.65705,-0.60624,-0.63073,nan,-0.66093,-0.64661,-0.6541899999999999,-0.62536,-0.6428,-0.70128,nan,-0.6577,-0.67207,nan,-0.68074,-0.6832600000000001,-0.64349,-0.62649,nan,nan,nan,-0.6754100000000001,-0.65718,nan,-0.6630199999999999,-0.64846,-0.65409,-0.70033,-0.68716,-0.6554399999999999,-0.67699,-0.66827,-0.6544399999999999,-0.68308,nan,-0.6754100000000001,nan,nan,-0.69703,-0.70372,-0.6747,nan,nan,-0.68692,-0.7095899999999999,nan,-0.6874600000000001,-0.68208,-0.7068800000000001,-0.70904,-0.70321,-0.7069300000000001,-0.6865399999999999,-0.66579,-0.69753,-0.7358899999999999,-0.7009,-0.64012,nan,-0.65637,-0.65698,-0.65708,-0.6856899999999999,-0.68711,-0.65091,-0.67185,-0.70914,nan,-0.72616,-0.7249399999999999,nan,-0.73697,-0.70031,-0.68855,-0.75872,nan,-0.65091,-0.711,-0.71028,nan,-0.73087,-0.70862,-0.7284,-0.70849,-0.6510100000000001,-0.6724600000000001,-0.68758,-0.67748,-0.7105199999999999,-0.71601,-0.68186,-0.68567,nan,-0.68889,-0.67372,-0.68155,nan,nan,-0.67648,nan,-0.68557,-0.65771,-0.66479,-0.7075,-0.67881,-0.63837,nan,-0.6814899999999999,-0.6723,-0.68918,-0.7087100000000001,-0.68829,-0.66304,nan,nan,-0.65977,nan,nan,-0.69248,-0.732,-0.67347,-0.66037,nan,-0.70319,-0.64548,-0.67808,-0.70739,-0.6964,-0.67582,nan,-0.68066,-0.7126399999999999,-0.67865,-0.6302,nan,-0.68891,-0.68396,-0.6542100000000001,-0.66587,-0.67907,-0.6398199999999999,-0.59959,-0.6107600000000001,nan,nan,-0.59073,-0.6108,-0.6312,-0.6109600000000001,nan,-0.60343,-0.5835899999999999,-0.54884,nan,-0.57792,-0.5584399999999999,-0.53081,nan,nan,nan,-0.50878,-0.49115,-0.4673,-0.51161,-0.50775,-0.44413,-0.45535,nan,nan,-0.47112,-0.48668999999999996,-0.4371,-0.42567,-0.44966999999999996,-0.39277,nan,-0.42477,nan,-0.37006999999999995,nan,-0.36871,-0.37287,-0.34436,-0.31475,-0.31821,-0.29734,-0.29311,-0.31895999999999997,-0.29983000000000004,-0.27119,nan,-0.26371,-0.28565,-0.27975,-0.26113000000000003,-0.24391999999999997,-0.19768,-0.18608,-0.18545,nan,-0.14912999999999998,nan,-0.16376,nan,-0.13567,nan,-0.13009,-0.13996,-0.11415,nan,-0.09654700000000001,-0.10563,-0.068897,-0.080513,-0.10298,nan,-0.0092443,nan,nan,0.013869,-0.0033762,0.032643,0.0672,0.041045,0.045933,nan,0.067483,0.047541,0.067262,nan,0.17302,0.17795999999999998,nan,nan,0.15617,0.17654,0.22149000000000002,0.2344,0.23268000000000003,nan,0.26118,nan,0.2843,0.27139,0.2399,0.27753,0.31044,0.27189,0.26385,nan,0.26225,0.25366,0.25693,0.22793000000000002,0.2407,0.30685999999999997,0.34457,0.33703,nan,0.34260999999999997,0.33575,0.33458000000000004,0.36557,0.40664,0.41326,0.3932,nan,0.42953,0.46353999999999995,0.47233,0.46097,0.47053999999999996,0.49183999999999994,0.48018,0.46503,nan,0.5393,0.55852,0.57918,0.59544,0.5967100000000001,nan,0.5936100000000001,nan,0.63689,nan,0.6222300000000001,0.6443,0.64704,nan,0.62107,0.65892,0.6897399999999999,0.6658,nan,0.69233,nan,0.6756,0.74058,nan,0.7221,0.7264,0.7248,0.7507699999999999,0.7832399999999999,0.75855,0.76186,0.79477,0.7773800000000001,0.73747,0.71888,0.7420399999999999,nan,nan,0.7728,0.7594,nan,nan,nan,0.8064,nan,0.79372,nan,nan,0.81984,0.8386399999999999,nan,0.83155,nan,0.88365,0.9082100000000001,0.8874299999999999,nan,0.9062899999999999,0.8842200000000001,0.9188799999999999,0.9469,0.93516,0.9571,0.9745799999999999,0.95504,0.9643,0.9727299999999999,0.93535,nan,1.0118,nan,0.95611,1.0009,1.0172,0.9916799999999999,nan,nan,1.0475,1.0296,1.0554,1.0921,1.0946,nan,1.123,1.1205,1.1334,nan,nan,1.0899,1.1233,1.1474,1.1207,1.112,1.1395,1.1407,1.1008,nan,1.0825,1.1505,1.1828,1.1311,nan,nan,1.0793,1.0935,1.1496,1.124,nan,nan,1.1199,1.1596,1.1733,1.1342,1.1425,nan,1.1197,1.0926,1.1146,1.1439,1.1399,1.1184,1.1174,1.129,1.1123,1.0927,1.1134,1.1244,1.1219,1.1411,1.1515,1.1378,1.1186,1.1173,1.1298,1.111,1.0923,1.1307,1.1479,1.1136,1.1158,1.1344,1.1068,1.1254,1.1765,1.1182,nan,1.1173,nan,1.1393,nan,1.1267,1.0937,1.1091,1.1466,1.1492,1.1479,nan,1.1464,1.0646,1.1165,nan,1.1254,1.1318,nan,1.1203,1.1612,1.1691,nan,1.1691,1.1824,1.161,nan,nan,1.1312,1.1287,1.1440000000000001,1.1402,nan,1.159,1.1193,1.1735,1.2071,1.1607,1.1436,1.1469,1.1492,1.1737,1.196,1.2007,1.1978,1.1969,nan,nan,1.1694,1.1909999999999998,1.2289,1.2112,1.1995,1.2415,1.2456,1.2185,1.2233,1.242,1.2648,1.2736,1.2319,1.2089,nan,nan,1.2006,nan,1.2557,1.2478,1.2674,1.2749,1.2424,1.2449,1.2607,nan,1.2264,1.2668,1.2839,1.2729,1.2743,1.2771,1.2824,nan,1.3063,1.2770000000000001,nan,1.3009,nan,1.2881,1.3033,1.2749,nan,1.3359999999999999,1.3507,1.3089,nan,1.3299,1.3509,nan,1.2982,1.3029,1.3009,1.3389,1.3583,nan,1.3,1.3237,1.3258,1.2992,nan,nan,1.3325,1.3514,1.3819,1.3609,1.3242,1.3275,1.3209,1.2864,nan,1.3144,1.368,1.3753,1.3286,1.3011,1.315,1.3326,1.3494,1.3743,1.3812,1.3803,nan,1.405,1.3647,1.3517,1.3782,1.3763,nan,1.3846,1.3455,1.3883,1.4312,nan,1.358,1.3825,1.3522,1.3684,nan,nan,nan,1.3625,1.3453,1.3559,nan,1.3656,1.3528,1.3521,1.3327,1.3445,nan,nan,1.3449,1.3236,1.3305,1.3502,1.3564,1.3525,1.3519,1.3701,1.3924,1.3702,1.3305,1.3409,nan,nan,1.3525,1.347,1.3214,1.3276,1.3546,1.341,1.3311,1.3517,nan,nan,nan,nan,1.2943,1.2795,1.301,1.2999,1.3201,1.3239,1.2793,1.2725,1.2751,1.2776,1.3048,nan,1.1773,nan,1.2334,nan,1.2072,nan,1.2217,1.1898,1.1989,1.1992,1.2009,1.1926,1.1701,1.1732,nan,1.1447,1.1675,1.1793,1.1667,1.1726,1.1762,1.1532,1.1489,1.17,1.1773,1.1555,1.1091,nan,1.1202,nan,nan,1.138,1.1396,1.1166,nan,nan,1.0979999999999999,nan,nan,1.0996,nan,1.0929,1.0926,1.1002,1.0842,1.0391,1.0168,nan,0.98344,0.98485,1.0303,1.034,0.98283,0.9615799999999999,0.96957,0.9585600000000001,nan,0.97383,nan,nan,0.9342299999999999,nan,0.9058200000000001,0.90815,0.8718,0.8416100000000001,nan,0.8839299999999999,0.8411700000000001,0.84035,0.86215,0.85805,0.87602,0.88239,0.82289,nan,0.8251299999999999,nan,0.78013,0.8589399999999999,nan,0.75372,nan,nan,0.7604,0.80887,0.7904899999999999,0.77549,0.78022,nan,0.75361,0.75321,0.76042,0.78089,0.76327,nan,0.75065,nan,0.76212,0.77698,0.72605,0.72388,0.72313,nan,0.74487,0.8073899999999999,0.7833399999999999,nan,0.71946,nan,0.74639,0.7264,0.74927,0.75189,0.7185199999999999,0.6783600000000001,0.64978,nan,0.67235,nan,0.65573,0.64294,0.64942,0.71963,0.70338,0.6419600000000001,0.6685399999999999,0.68857,0.66068,nan,nan,0.65296,0.6469699999999999,0.6218,0.60248,0.59434,0.6011,0.62088,nan,0.61503,0.59399,nan,nan,nan,nan,nan,0.52345,0.5272100000000001,0.56666,0.56577,0.52912,nan,0.52376,0.49248000000000003,nan,0.46474,0.47444,0.44798000000000004,nan,0.51226,0.52782,nan,0.41758999999999996,0.46146000000000004,0.45653,0.44222,0.44006999999999996,0.41558999999999996,0.44166000000000005,0.46282,0.39511,0.3713,0.41162,nan,0.37046,nan,0.41648,nan,0.41371,0.43886000000000003,0.43126000000000003,0.38714,nan,0.41858999999999996,0.32914,0.36634,0.4363,0.38678,0.336,0.3555,0.37189,0.39902,0.4165,0.37696999999999997,0.36799,nan,0.3657,0.38129,0.43263999999999997,0.41271,0.38451,0.41052,0.40855,0.36418,nan,0.37201,0.3912,0.39501,0.36214,nan,0.44105,0.41308,nan,0.40092,0.39328,0.34948,0.4036,0.43826000000000004,0.37255,nan,nan,nan,nan,0.40105999999999997,nan,0.38615,0.39553,0.37889,nan,0.37863,0.42756000000000005,nan,0.41306000000000004,nan,0.4254,0.40967,0.41141000000000005,0.43317,0.38288,0.36653,0.41506000000000004,0.38076,nan,0.44148000000000004,0.42863999999999997,0.41158999999999996,0.4119,0.38734,nan,0.44371000000000005,0.41198999999999997,nan,0.45485,0.43488000000000004,0.44123999999999997,0.4664,0.45671999999999996,0.44125,0.46141000000000004,0.50522,0.5251100000000001,0.48373999999999995,0.45916,0.5084,0.51179,0.4918,0.53699,0.54572,0.55703,0.59636,0.54861,0.52064,0.57752,0.56057,nan,0.5815899999999999,0.62188,0.5805899999999999,0.57898,nan,nan,nan,0.60552,0.5605100000000001,0.53882,nan,nan,nan,0.64562,nan,0.62829,0.6503,0.61258,0.6090300000000001,0.6540100000000001,0.63213,nan,nan,0.64963,nan,0.62967,0.63294,nan,0.65937,0.6624399999999999,0.70552,0.68581,0.64676,0.6630699999999999,0.67272,0.6540600000000001,0.6593100000000001,nan,0.67453,0.67074,0.68574,nan,0.70443,nan,0.68108,0.7285699999999999,0.7442300000000001,nan,0.72148,0.78084,0.71617,0.66461,0.74439,0.8055,0.78109,0.7418899999999999,0.7265199999999999,0.72948,0.72577,nan,0.75256,0.7581899999999999,0.74978,0.7228399999999999,0.7206,0.75915,nan,0.69993,0.72651,0.71162,nan,0.77679,0.77522,0.74065,0.72387,0.70057,0.73078,nan,nan,0.68582,0.6621100000000001,nan,0.7509399999999999,0.74731,nan,0.69876,0.67802,0.68079,0.71602,0.6977,0.6515,nan,0.74059,0.73033,nan,0.62042,0.59812,0.6401100000000001,0.67472,0.67374,nan,nan,0.66675,nan,0.64782,0.66137,0.63218,0.62744,0.65266,0.6168399999999999,0.60448,0.65065,nan,0.60169,0.59895,nan,0.58255,0.56186,0.5747,0.57876,0.52732,nan,0.5685600000000001,nan,0.5383899999999999,0.5737800000000001,0.52362,0.4771,0.45619,nan,0.46198,0.46356,0.42781,0.41412,0.41936999999999997,0.40337,0.3844,0.36258,0.35286999999999996,0.379,0.34974,0.28584,0.31918,0.3284,0.25313,0.2458,nan,0.3205,nan,nan,0.23584000000000002,0.25927,nan,nan,0.27413000000000004,0.22830999999999999,0.24652,nan,0.254,0.25608000000000003,nan,0.17198,nan,nan,0.10415,nan,nan,0.05078,0.068485,0.066612,0.00065341,-0.0086707,0.0036832,-0.0015253,0.0022559999999999998,-0.0432,-0.095118,-0.08164500000000001,-0.07274299999999999,nan,-0.10246,-0.10565,-0.12796,-0.12655999999999998,-0.13782,nan,-0.12474,nan,-0.1355,-0.15048,-0.1864,-0.21286999999999998,-0.18849000000000002,-0.20675,-0.26373,-0.25761999999999996,-0.23434000000000002,-0.2666,-0.29531,-0.29125,-0.28889000000000004,-0.28658,-0.29391,-0.31706999999999996,-0.3305,-0.34951,-0.33337,-0.29091,nan,-0.38766,-0.3953,nan,nan,-0.42548,-0.42404,-0.3957,-0.4015,-0.42303,-0.42021000000000003,nan,-0.48407,-0.47088,-0.42632,-0.42391,nan,nan,-0.48565,-0.51183,-0.5261100000000001,-0.52503,-0.52677,-0.5160899999999999,-0.49937,-0.49573,-0.50446,-0.53718,-0.57636,-0.57725,-0.5737399999999999,-0.57567,-0.5743199999999999,-0.59063,-0.60677,-0.63337,-0.65874,-0.62547,-0.60335,-0.65456,-0.67072,-0.62588,nan,-0.62279,-0.66138,-0.68162,-0.6552899999999999,-0.64271,-0.69348,-0.69425,-0.63332,-0.6475,-0.7096,-0.6994199999999999,nan,-0.65242,nan,-0.6846300000000001,-0.72588,-0.7326699999999999,-0.7371,-0.7613300000000001,-0.7591399999999999,-0.76625,-0.78599,nan,nan,-0.77172,-0.78575,nan,-0.7985399999999999,-0.81279,-0.8374799999999999,nan,-0.79573,-0.79625,-0.88275,nan,-0.8013100000000001,-0.8721,-0.91514,-0.90948,-0.91481,-0.89245,-0.8733,-0.91599,nan,-0.9176,-0.9348,-0.9884,-0.9958299999999999,-0.97157,nan,-0.97096,-0.9958899999999999,-1.0053,-0.96615,-0.94314,-0.98626,-1.0194,-1.0131,-1.0226,-1.041,nan,-1.082,-1.1019,-1.0794,-1.0729,nan,-1.1246,-1.1186,-1.1265,-1.124,-1.1005,nan,nan,-1.1258,-1.135,-1.1664,nan,-1.1555,-1.1291,-1.1229,-1.1552,-1.1787,nan,-1.153,-1.1785,-1.1756,-1.1839,-1.2066,-1.2047,-1.2128,-1.2329,-1.2283,-1.2076,-1.1958,-1.2118,-1.255,-1.2646,-1.2276,-1.2027,nan,-1.2355,-1.2174,-1.2319,-1.2396,-1.1769,-1.1547,-1.2268,-1.2444,-1.2004,-1.2107,-1.2309,-1.2039,-1.2124,-1.2287,-1.2037,nan,nan,-1.1799,-1.2039,-1.2395,-1.2249,-1.2473,-1.2719,-1.2262,-1.2067,-1.2276,nan,-1.2474,-1.3097,-1.271,-1.2583,-1.3185,-1.3152,-1.2824,-1.2766,nan,-1.2446,-1.2859,nan,nan,-1.2896,-1.3226,-1.2975,-1.2563,-1.2688,-1.28,nan,-1.3207,-1.3394,-1.3246,-1.3109,nan,-1.3277,-1.3618,-1.3395,-1.3065,-1.3129,-1.3351,nan,-1.3157,-1.3054,nan,-1.3063,-1.3066,-1.3085,-1.3269,-1.3577,nan,-1.308,nan,-1.3029,nan,-1.3601,-1.348,-1.3138,nan,-1.3632,nan,nan,-1.3355,-1.3495,-1.3888,-1.4116,-1.3889,-1.3655,-1.3455,nan,-1.4136,-1.3651,nan,-1.3651,-1.3868,nan,-1.3881,-1.3885,-1.3636,nan,-1.3948,-1.4153,-1.3878,-1.3918,-1.4144,nan,-1.4179,-1.3997,-1.3872,nan,-1.3811,-1.365,-1.4331,-1.4177,-1.3712,-1.4193,-1.4271,-1.3657,-1.3683,-1.4139,-1.4124,-1.4176,-1.4426,nan,nan,-1.4368,-1.4415,-1.4578,-1.4646,-1.4603,-1.4654,-1.4626,-1.4599,nan,-1.4635,nan,nan,-1.4589,-1.4272,-1.4903,-1.5047,-1.4425,-1.4614,-1.5085,-1.4798,-1.4621,-1.4697,-1.4471,-1.4415,-1.4442,-1.4207,-1.4594,-1.4931,-1.4242,-1.4271,nan,-1.4396,-1.4719,-1.4768,nan,-1.4606,-1.435,-1.4124,-1.4414,-1.4140000000000001,nan,-1.4631,-1.4402,-1.4592,-1.4377,-1.3857,nan,-1.4359,nan,-1.4404,-1.4501,-1.4163,nan,-1.4156,nan,-1.3785,-1.3565,-1.3279,-1.3686,-1.4213,nan,nan,-1.3316,-1.3299,nan,-1.3519,-1.3504,nan,nan,-1.3588,-1.3099,nan,nan,-1.2988,-1.2765,-1.2591,-1.2309,-1.2292,-1.2264,-1.1828,-1.1894,-1.2442,-1.2575,-1.2199,-1.1798,-1.1815,-1.2048,-1.1759,-1.1288,nan,nan,-1.1548,-1.14,nan,-1.0725,nan,-1.0659,-1.0069,-0.9457,-0.95244,nan,-1.0053,-0.94991,-0.9030299999999999,-0.91712,-0.92745,-0.87085,nan,-0.7834800000000001,-0.78969,-0.7719,-0.7602899999999999,-0.72533,-0.64846,-0.63561,nan,-0.65093,-0.61521,-0.67177,-0.6700699999999999,-0.54374,-0.48891999999999997,-0.52913,-0.49365,nan,-0.43658,-0.5000899999999999,-0.48065,-0.37356,nan,-0.31684,-0.31349,-0.31887,-0.28186,-0.17835,-0.13684000000000002,nan,-0.083955,nan,-0.02099,-0.005287,-0.031246,0.022765999999999998,0.058807000000000005,0.082597,0.1856,0.2297,0.24281,0.28238,0.28153,0.3115,0.33831999999999995,0.33259,0.39446,nan,0.42048,0.50558,0.5204300000000001,0.54314,0.6480100000000001,0.66396,0.65303,0.72072,0.77641,nan,0.81117,0.8366600000000001,0.89491,0.95037,1.0171,1.0657,1.0804,1.1337,1.1756,1.17,1.1914,1.1992,1.2335,nan,1.3719999999999999,1.3978,1.4559,nan,nan,1.5205,1.5755,1.6745,1.6802,nan,1.7964,1.8451,1.8189,1.8489,1.8701,1.9113,2.0018,2.0324,2.0339,nan,2.1671,nan,2.1724,2.2559,2.37,2.4282,nan,2.3703,2.4145,2.4935,nan,2.6116,2.6505,2.6879,2.7219,2.7367,2.7515,2.7945,2.8586,2.9351,3.0065,3.0222,2.9972,3.0292,nan,nan,nan,3.3076,3.2865,3.2629,3.3489,3.4276
4.0,-0.55743,-0.71612,-0.5838800000000001,-0.70705,-0.62775,-0.66377,-0.68089,-0.66035,-0.65738,-0.66857,nan,-0.69535,nan,nan,nan,-0.70652,-0.7053699999999999,-0.7166899999999999,-0.70623,-0.7117100000000001,-0.71126,nan,-0.7044199999999999,-0.72183,-0.75379,-0.73025,-0.74564,-0.74798,nan,-0.7592399999999999,nan,-0.74503,-0.7783399999999999,-0.7884800000000001,-0.77746,-0.77195,nan,-0.76242,-0.7752399999999999,-0.80077,-0.78535,nan,-0.82219,-0.81463,-0.7968,nan,nan,-0.80619,-0.8211200000000001,-0.81048,-0.8234299999999999,-0.8116899999999999,-0.8175600000000001,-0.8229299999999999,-0.82521,nan,-0.8146,-0.8294,-0.8594,-0.8364799999999999,-0.8380700000000001,-0.8800399999999999,-0.8573200000000001,-0.84672,-0.8574700000000001,-0.84249,-0.86375,nan,-0.8810100000000001,-0.89135,-0.8861600000000001,-0.87413,-0.8921,-0.90628,nan,-0.90591,-0.9170799999999999,-0.92809,-0.91837,-0.9129299999999999,nan,-0.9158,-0.9356700000000001,nan,-0.9519700000000001,-0.9414100000000001,-0.9370299999999999,-0.95194,-0.94431,-0.97206,-0.9791200000000001,-0.96255,-0.9904299999999999,nan,-0.98685,nan,-0.9686299999999999,-0.98844,-1.0008,nan,nan,-0.9877799999999999,nan,-1.0003,-0.9949399999999999,nan,-0.98216,-1.006,nan,-1.0208,-1.0343,-1.0115,-1.0159,-1.035,nan,-1.05,nan,-1.0638,nan,-1.0587,-1.0587,-1.0543,-1.0744,-1.0747,nan,-1.0688,nan,-1.0684,-1.0588,nan,-1.0911,-1.0811,-1.0863,-1.0864,-1.0813,-1.0919,-1.0804,nan,-1.1031,-1.1059999999999999,-1.0929,-1.0974,-1.0998,-1.092,-1.1059999999999999,-1.1052,-1.1049,-1.1037,-1.099,-1.0764,-1.0939,-1.0959,-1.0813,-1.1063,-1.0937,nan,nan,-1.0959,-1.1087,-1.0967,nan,-1.0955,-1.0834,-1.1164,-1.0822,-1.1055,-1.1037,nan,-1.0844,-1.088,-1.1139,nan,nan,-1.0979,nan,-1.1002,-1.1013,-1.0819,-1.0859,-1.1033,-1.0697,-1.0862,-1.1098,-1.0801,-1.0972,-1.113,nan,-1.1,-1.1144,-1.0934,-1.1038,-1.0867,-1.0809,-1.0977,-1.0828,nan,-1.0927,-1.0805,nan,nan,-1.0803,-1.0749,-1.0546,nan,-1.0445,-1.047,-1.0588,-1.0477,-1.0359,nan,-1.0216,-1.0115,-0.9960100000000001,-1.0129,nan,-0.99908,-1.0187,-1.0162,-0.99113,-0.98703,-1.0059,-1.0038,nan,-1.0006,-1.011,-0.9905700000000001,-0.98198,-0.9946200000000001,-0.9914200000000001,-0.96111,-0.95295,-0.9633700000000001,-0.9639,-0.96419,nan,-0.9596600000000001,nan,-0.95494,-0.95829,-0.9356,-0.92768,-0.91691,-0.9167200000000001,-0.9108299999999999,nan,-0.9283600000000001,-0.9107299999999999,-0.8967,-0.88203,nan,-0.86072,nan,nan,-0.87329,-0.88707,nan,-0.85919,nan,nan,nan,-0.83295,-0.84715,-0.82139,-0.8211299999999999,-0.8443,-0.8199700000000001,-0.83521,-0.81234,nan,-0.80977,-0.8164600000000001,nan,nan,-0.80891,-0.79707,-0.78806,-0.78697,-0.79856,-0.7902399999999999,-0.78975,nan,-0.79205,-0.78852,nan,-0.78874,-0.76515,nan,-0.7683800000000001,-0.78428,-0.77677,nan,-0.74541,-0.76405,-0.7538,-0.75251,-0.7506,-0.75553,nan,-0.73215,-0.7569,-0.7502,-0.74121,-0.73016,-0.71897,-0.70641,-0.70931,nan,-0.71187,-0.7027800000000001,-0.6934100000000001,-0.70673,-0.71016,nan,-0.6773600000000001,-0.67343,nan,-0.6946,-0.67779,nan,nan,-0.68299,-0.66214,-0.66499,-0.65969,-0.64279,-0.64499,-0.63442,-0.64837,nan,-0.64562,nan,nan,-0.6292800000000001,nan,nan,nan,-0.58918,-0.6091,-0.60385,nan,-0.59504,-0.58133,-0.57105,nan,nan,nan,nan,-0.57994,-0.5647300000000001,-0.56738,-0.57872,nan,-0.56472,-0.5773699999999999,-0.5774100000000001,-0.5664,nan,nan,nan,-0.55193,-0.5524600000000001,-0.53909,-0.5302899999999999,-0.54155,-0.5239,-0.5109899999999999,-0.52213,-0.50676,-0.5129199999999999,-0.52863,-0.5050100000000001,-0.49515,nan,-0.48713999999999996,-0.46598999999999996,-0.45923,-0.47745,-0.47983000000000003,nan,nan,-0.49646999999999997,nan,-0.45516999999999996,-0.46536000000000005,-0.47243999999999997,-0.46426000000000006,-0.46065,-0.45758999999999994,nan,-0.43742,-0.41426999999999997,-0.42391999999999996,-0.43926000000000004,-0.43054,nan,-0.41425,nan,-0.40175,-0.41986999999999997,nan,nan,-0.41357,nan,-0.41578999999999994,-0.38806,-0.41321,nan,-0.39687,-0.41065,-0.40528000000000003,-0.3988,-0.4229,-0.43255,-0.40979,nan,-0.38926,-0.4041,-0.41686000000000006,-0.40071999999999997,-0.40281999999999996,nan,-0.39129,-0.41313,-0.40264,-0.39765,-0.41241000000000005,-0.39734,-0.38045999999999996,-0.37379,-0.37863,-0.37471,-0.37856999999999996,-0.40203,-0.37055,-0.3692,-0.37418,nan,-0.36789,-0.36096,-0.35429,nan,-0.35374,-0.35474,-0.35531999999999997,-0.37837,nan,-0.34247,-0.35255,-0.32943,-0.34148,-0.35345,nan,-0.33939,-0.32442,-0.33402,-0.345,-0.35431,-0.34223000000000003,-0.33037,-0.33914,-0.3382,-0.31498000000000004,-0.32725,-0.32195,nan,-0.34114,-0.319,-0.34015,-0.3256,-0.31343000000000004,-0.31454,-0.30305,-0.30899,-0.32079,-0.31659,-0.29555,-0.31628,-0.30811,-0.32029,-0.32314,nan,-0.30809000000000003,-0.29193,-0.29683000000000004,-0.31803000000000003,-0.30983,nan,-0.28961,-0.30426,-0.29849000000000003,-0.2821,-0.28206,-0.27202,-0.29404,-0.28505,nan,-0.28776,-0.28941,-0.30714,-0.2761,-0.27289,-0.28384000000000004,nan,-0.27699,-0.26216999999999996,-0.28911,-0.28203,-0.25756,-0.27155,-0.24846,-0.25654,nan,-0.25383,-0.24475,-0.24965,-0.24541,-0.25104,-0.25958000000000003,-0.26004,-0.27084,nan,-0.23922,nan,-0.24372,-0.24309,-0.25667,nan,-0.27021999999999996,-0.26515,-0.23978000000000002,-0.22687,-0.22716,nan,-0.2349,nan,-0.23722,-0.2373,-0.22653,-0.22183000000000003,-0.22926999999999997,nan,-0.24838000000000002,nan,-0.23418000000000003,-0.22514,nan,-0.24088,-0.23223000000000002,-0.23858000000000001,-0.23025,-0.2219,-0.22626999999999997,-0.23744,-0.23736999999999997,-0.22680999999999998,-0.2201,-0.23501999999999998,nan,-0.21028000000000002,nan,-0.23542,nan,-0.22399000000000002,-0.22695,nan,-0.19851,-0.20122,nan,-0.21431,-0.21179,-0.21316,-0.21441,nan,-0.2161,-0.21866999999999998,-0.18732000000000001,-0.19705999999999999,-0.21284,-0.21352,-0.2249,-0.21498,-0.20428,-0.19147999999999998,nan,-0.20024,nan,-0.19282,-0.21353000000000003,-0.20478,-0.17881,-0.18473,-0.18980999999999998,-0.18911,-0.18733,-0.19169,-0.1872,nan,-0.1867,-0.19105999999999998,nan,-0.17861,-0.15862,-0.17065,-0.17745,nan,-0.16745,-0.1529,-0.17273,-0.1717,nan,-0.16524,-0.16708,-0.1785,-0.16564,nan,-0.14077,nan,nan,-0.1356,-0.15057,-0.14937999999999999,-0.13086,-0.14354,-0.13294,-0.12937,-0.12409,-0.1182,-0.13817000000000002,-0.12075,-0.12437999999999999,-0.14244,nan,-0.13972,-0.12828,-0.11219000000000001,nan,-0.11840999999999999,nan,-0.11268,-0.097139,-0.1187,-0.10892,-0.11072,-0.08955199999999999,-0.095013,-0.12355999999999999,-0.11748,-0.1179,-0.096952,-0.11391,-0.12608,-0.091698,-0.081317,-0.085189,-0.10296,-0.1038,-0.084505,-0.10722999999999999,-0.11015,-0.09916900000000001,-0.085149,nan,nan,-0.087501,-0.086118,-0.08404099999999999,-0.070251,-0.10399000000000001,-0.093163,-0.080059,-0.079302,nan,-0.10162,nan,-0.07283099999999999,nan,-0.08738,-0.07131,-0.082837,-0.097103,-0.07350599999999999,-0.059869000000000006,-0.073473,-0.073403,-0.05970399999999999,-0.06893300000000001,-0.066235,-0.055005,-0.064861,-0.07107999999999999,-0.057559000000000006,-0.061232,-0.07345,-0.051203,-0.06185,-0.072212,-0.046863,nan,-0.056621000000000005,-0.050281,-0.060784000000000005,-0.049651999999999995,-0.057747,-0.052623,-0.05205599999999999,-0.058642999999999994,nan,-0.051503,-0.060658000000000004,-0.050976,-0.035919,-0.048141,-0.039452999999999995,-0.042242,-0.045426999999999995,-0.037307,-0.050118,-0.037343,-0.025861000000000002,-0.023544,-0.038959,-0.059187000000000003,nan,nan,-0.034227,-0.039341,-0.050052,-0.037091000000000006,-0.053896000000000006,-0.057817999999999994,nan,-0.022972,nan,-0.056887,nan,-0.049456,-0.030549,-0.018979,nan,-0.052443,-0.04376,-0.056225,-0.070938,-0.049483,nan,nan,nan,-0.037088,-0.039298,-0.052506,-0.045094,-0.037826,-0.04975,-0.050457,-0.039557999999999996,-0.033679,nan,-0.048783,-0.050472,-0.061534000000000005,nan,-0.060096000000000004,nan,-0.06257599999999999,-0.09278,-0.082324,-0.075602,-0.099837,-0.09538200000000001,-0.10919000000000001,-0.10945999999999999,-0.11945,-0.15859,-0.12724000000000002,-0.12880999999999998,-0.13843,-0.13502999999999998,-0.15405,-0.13149,-0.17227,-0.16571,-0.14562999999999998,-0.16376,-0.16632,-0.18287,-0.18947999999999998,-0.19042,-0.20109000000000002,-0.22096999999999997,-0.22755999999999998,-0.21349,-0.2164,-0.2255,-0.22333000000000003,-0.22463000000000002,nan,-0.23510999999999999,-0.2467,-0.25408000000000003,-0.2589,-0.23362,nan,-0.25393000000000004,-0.23851,nan,-0.2852,nan,-0.2978,-0.29588000000000003,-0.3128,-0.29941,-0.29839,nan,-0.31863,nan,-0.33787,-0.35002,-0.35216,-0.35779,-0.36379,nan,-0.38997,-0.37903000000000003,-0.37378,nan,nan,nan,-0.39138,nan,-0.41075,-0.4124,nan,-0.40763,-0.42228000000000004,nan,-0.43801999999999996,-0.46028,-0.44514,nan,-0.45913000000000004,-0.48028000000000004,-0.48057,-0.49606000000000006,-0.50125,nan,-0.49222,nan,-0.49566000000000004,-0.51646,-0.51532,-0.54008,-0.55413,nan,nan,-0.57076,-0.5749,nan,-0.5758300000000001,-0.57322,-0.58686,-0.5768800000000001,nan,nan,nan,-0.6129399999999999,-0.63371,-0.66643,-0.6625,-0.66137,-0.67204,-0.66502,-0.65645,-0.67577,nan,-0.69442,-0.71118,-0.71225,-0.70305,-0.73033,nan,-0.7417699999999999,-0.75432,nan,nan,-0.77664,-0.7710899999999999,-0.7861100000000001,-0.80308,-0.7936,-0.78797,-0.80088,-0.80071,-0.7971199999999999,-0.80871,-0.80648,-0.81762,nan,-0.7985399999999999,-0.8272700000000001,-0.83495,-0.8220299999999999,nan,-0.8797299999999999,nan,-0.8695700000000001,nan,nan,-0.8957299999999999,nan,nan,nan,-0.8931100000000001,nan,-0.9162899999999999,-0.91779,nan,-0.9162600000000001,-0.9275,nan,-0.9420700000000001,nan,-0.9378,-0.95044,-0.9374299999999999,-0.95554,-0.9636100000000001,-0.95294,-0.9508700000000001,-0.95155,nan,-0.9576899999999999,-0.98213,-0.9835299999999999,nan,-0.9759700000000001,-0.9628399999999999,-0.9786100000000001,-0.99098,nan,-0.9971,-1.0066,nan,-0.97604,-0.9871200000000001,nan,-0.99334,-1.0012,nan,-0.9857100000000001,-0.9837299999999999,-0.9742299999999999,-0.98821,-0.98906,-0.98082,-1.003,-0.97098,-0.97464,-0.9990399999999999,-0.98546,-0.9998,-0.98808,-0.98677,-0.9764700000000001,nan,-0.9830200000000001,-0.96905,-0.97652,-0.9727299999999999,nan,-0.98788,nan,-0.93491,-0.95995,-0.97616,-0.9480700000000001,-0.9397399999999999,-0.9225399999999999,-0.90651,nan,-0.89776,-0.9004700000000001,nan,-0.8671399999999999,nan,-0.88244,-0.8584700000000001,-0.86995,-0.86129,-0.84629,-0.84616,-0.84011,-0.82484,-0.80232,nan,-0.8236899999999999,-0.8127300000000001,-0.78943,-0.77975,-0.75952,-0.7488100000000001,-0.7511899999999999,-0.73293,-0.71504,-0.70649,-0.68433,-0.6784899999999999,-0.6856,-0.6692600000000001,-0.67671,nan,nan,-0.6115,-0.60173,-0.5773199999999999,-0.57729,-0.56185,-0.53751,nan,-0.48402,-0.47603999999999996,-0.44832,nan,-0.41923,-0.40836999999999996,nan,-0.38761,-0.40110999999999997,-0.36404000000000003,-0.35620999999999997,-0.35431,-0.31090999999999996,nan,-0.27802,-0.26854,nan,-0.23806999999999998,-0.21977,nan,-0.1791,nan,-0.14006,-0.14043,-0.10289000000000001,-0.051123,-0.054876999999999995,nan,0.010545,0.0086922,0.038123000000000004,nan,0.075843,0.10163,0.10928,0.1347,0.15303,0.17372,nan,0.17979,nan,nan,0.27592,nan,0.33115,0.32614,nan,nan,0.40456,0.41426,0.43838999999999995,0.46134,0.45277,0.4755,0.5285,0.55912,0.57934,0.59788,0.5887899999999999,nan,nan,nan,0.6793100000000001,0.67806,0.71888,nan,0.7676,0.7825300000000001,nan,0.83775,0.8424,0.8558100000000001,0.8882200000000001,0.92107,0.934,0.9434,nan,0.9911200000000001,1.0252,1.0314,1.0548,1.0964,1.1319,1.1427,1.1598,1.1844,1.2224,1.2429999999999999,1.2573,1.3116,nan,nan,1.365,1.359,1.4132,nan,1.4741,nan,1.556,1.5897,1.5884,1.6252,1.6736,nan,1.7452,nan,1.7698,1.8113,1.8572,1.8688,1.8936,1.9206,1.9445,1.9731,1.9811,2.0152,2.048,2.0556,2.0808,2.0855,2.1182,nan,2.1468,2.1813,2.1791,2.1958,2.2232,2.2252,nan,2.2421,2.2333,2.2582,nan,2.2731,2.2907,2.2902,2.2854,nan,2.2886,2.2852,2.2971,2.2951,2.273,2.2880000000000003,2.3072,2.3008,2.2913,2.3002,nan,nan,2.2953,2.295,nan,2.2874,2.2836,2.2829,2.2874,2.2952,2.2958,2.3074,2.2894,2.279,2.2947,2.286,2.2646,2.2597,2.2442,2.2134,2.202,2.2008,2.2027,2.1982,2.2088,2.2085,2.1873,nan,2.1797,2.1563,2.1473,2.1312,nan,2.1346,2.1176,2.1183,nan,2.0853,2.0766,2.0617,2.0663,nan,2.0641,2.0464,nan,2.0381,nan,2.0051,1.9927,nan,nan,1.9722,1.9774,1.9675,1.9680000000000002,nan,nan,1.9139,1.8938,1.9161,1.902,1.8974,1.896,1.8753,1.8706,1.8857,1.8778,1.8739,1.8696,1.8623,1.8747,1.8492,1.8254,nan,1.8344,1.8294,1.8433,nan,nan,1.7792,1.7906,nan,1.7969,1.8052,1.7641,1.7679,1.7933,1.7778,1.7802,1.7586,nan,1.7551,1.7543,1.7602,1.7463,1.7351,nan,nan,nan,1.7286,nan,nan,1.7141,nan,1.7349,1.7451,nan,1.7344,1.7382,1.7571,1.744,1.7313,1.7329,1.7351,nan,nan,1.7415,1.7459,1.7432,1.7416,1.7272,1.7206,1.722,1.7336,1.7443,1.7358,nan,1.7301,nan,1.7296,nan,1.7097,1.7329,1.725,1.7167,nan,1.7281,1.7184,1.7235,1.7201,1.7353,1.7466,1.7009999999999998,1.7135,1.7172,1.7115,1.7213,1.7075,1.7241,1.7212,1.7192,nan,1.7109,nan,1.6918,nan,1.6964,nan,nan,nan,nan,nan,1.7019,1.7006,1.7098,1.6932,nan,nan,nan,1.6755,1.6832,1.6775,1.6602,1.6809,1.6855,nan,1.6634,nan,1.6632,1.6619,nan,1.6619,1.6633,1.6615,1.6404,nan,nan,1.6175,1.6327,nan,1.6514,1.6463,1.6147,1.6154,1.6144,1.6269999999999998,1.6184,1.6234,1.6197,1.6056,1.629,1.6033,1.6007,1.6179,1.5991,1.5884,1.5944,1.589,1.595,1.6033,1.5919999999999999,1.5916,nan,1.5773,1.5881,1.5918,1.5923,1.591,1.5921,1.5929,nan,1.5753,1.5884,1.5946,1.5859,1.5826,1.5776,1.5569,1.5882,1.588,1.5679,1.5759999999999998,nan,nan,nan,1.5894,1.557,1.5866,1.5884,1.5714,1.5588,1.5396,1.5491,1.5581,1.5563,1.5452,1.5381,1.5199,1.5386,nan,1.5384,nan,nan,1.545,nan,1.5318,nan,nan,1.5367,1.55,1.5385,1.5228,1.5344,nan,1.52,1.5090000000000001,1.4949,1.4957,1.4873,1.4999,1.4977,1.4886,nan,1.4628,1.4574,1.4493,1.4502,1.4373,1.4422,1.4402,1.4176,nan,1.4324,1.421,1.41,1.3826,nan,1.3903,1.3694,1.3831,1.3529,nan,1.3522,1.3545,1.3888,nan,1.3563,1.3447,1.3594,1.3376,1.3496,nan,1.3331,1.3299,1.2951,1.2878,1.2767,1.2775,1.2653,1.2734,1.2645,1.2341,1.2271,1.2169,nan,1.2044,1.2253,1.2128,1.1786,nan,1.1744,1.1581,1.171,1.1714,1.1514,1.1289,1.1212,1.126,nan,nan,1.1204,1.0883,1.0872,1.0846,1.0544,1.0661,1.0769,1.0589,1.0513,1.0396,1.0402,nan,1.0245,1.0087,0.9992,nan,0.98006,0.9916299999999999,0.9705299999999999,0.9719,0.94936,0.9567100000000001,0.9479200000000001,0.9340299999999999,0.9337200000000001,0.9240799999999999,0.92185,0.88895,0.89707,0.8995799999999999,0.85874,0.8612200000000001,0.8617799999999999,0.8518700000000001,0.83519,0.81925,0.83081,nan,0.79509,0.77564,0.7540899999999999,0.7610899999999999,nan,0.73774,0.7365,nan,0.73045,nan,0.70418,0.6864399999999999,0.66317,0.68478,0.6731600000000001,0.63068,0.6089399999999999,0.59792,0.58935,0.57765,nan,0.55453,0.55079,nan,0.54855,0.54109,nan,0.46548,0.44666999999999996,nan,0.43878,0.41635,nan,0.37353000000000003,nan,0.35158,0.32161999999999996,nan,0.31906,0.30738000000000004,nan,0.26695,0.24566999999999997,nan,0.21089000000000002,0.18679,0.18542,nan,nan,0.14712999999999998,0.12675999999999998,0.12961,nan,0.093823,nan,0.057429999999999995,nan,nan,0.033145,0.035559,-0.01685,-0.014399,-0.0021813,-0.047077,-0.039861,-0.043479000000000004,nan,-0.060632000000000005,-0.056965999999999996,-0.082049,-0.080345,-0.097061,-0.11069000000000001,-0.12668,-0.14388,-0.15825999999999998,-0.19011,-0.17751,nan,nan,-0.21538000000000002,-0.22265,-0.21124,-0.24453000000000003,-0.27218000000000003,-0.26102,-0.25606,-0.27008000000000004,-0.26685,nan,-0.29586,nan,nan,-0.30824,nan,-0.34009,-0.34886,-0.35802,nan,-0.3936,nan,-0.40054,-0.40099,nan,-0.4148,-0.40968999999999994,nan,-0.4389,-0.4594,-0.44678999999999996,-0.46125,-0.47015,-0.48967,-0.49745,-0.48958,-0.5002300000000001,-0.50947,-0.53952,-0.56442,-0.5422600000000001,-0.54907,-0.57652,-0.55895,-0.55407,-0.57287,-0.59344,-0.58103,nan,-0.58862,-0.58645,-0.60728,-0.60091,-0.6148600000000001,-0.6356,-0.6187,-0.62354,-0.62416,-0.6458699999999999,-0.6483899999999999,-0.6509199999999999,-0.66842,nan,-0.67402,-0.6813899999999999,-0.6827,nan,-0.66015,-0.68114,-0.7114,-0.68498,-0.69272,-0.72163,-0.71294,-0.70623,-0.71662,nan,-0.73988,-0.74648,nan,-0.75371,nan,-0.76208,-0.76474,nan,-0.77558,-0.77395,-0.77895,nan,-0.79487,nan,-0.80214,-0.8114,-0.80147,-0.78779,-0.7973,-0.8233600000000001,-0.80891,-0.80184,nan,-0.82168,-0.82262,-0.83383,nan,-0.8112199999999999,nan,-0.8278200000000001,-0.83368,-0.83449,nan,nan,-0.83625,-0.82157,-0.8337100000000001,nan,-0.84277,-0.8471299999999999,-0.8458100000000001,-0.84745,-0.8373,nan,-0.85026,-0.8232299999999999,nan,-0.86475,-0.8296,-0.8488100000000001,-0.84765,-0.8452200000000001,-0.84552,-0.8521200000000001,-0.85454,-0.84264,-0.8654299999999999,-0.8505,nan,-0.8568100000000001,-0.85106,-0.8351200000000001,-0.8297200000000001,nan,-0.85393,-0.8285399999999999,-0.8368,-0.84745,-0.8463700000000001,-0.85305,nan,-0.8560700000000001,-0.83896,nan,-0.82265,-0.83557,-0.83519,nan,nan,-0.81722,-0.83742,nan,-0.82216,-0.8505799999999999,-0.8461200000000001,-0.8345899999999999,-0.83534,-0.82986,-0.8478100000000001,-0.85685,nan,-0.83496,-0.83288,-0.8234299999999999,-0.84286,-0.8519399999999999,nan,-0.8284600000000001,-0.83116,-0.83952,-0.84188,-0.8227,-0.83519,nan,-0.81601,nan,nan,-0.81615,-0.80987,-0.80781,-0.80082,-0.82215,-0.81177,-0.8176899999999999,-0.81182,-0.79161,-0.80279,-0.79552,-0.8025399999999999,nan,-0.81267,-0.80045,-0.79127,-0.78294,-0.7892899999999999,nan,nan,nan,nan,-0.79933,-0.7903399999999999,nan,-0.80572,-0.7833399999999999,-0.7612899999999999,-0.7951199999999999,-0.8103100000000001,-0.7882899999999999,-0.7975,-0.79701,-0.8077,-0.79851,-0.78719,-0.80053,-0.8003600000000001,-0.81143,nan,-0.81514,-0.82134,-0.78593,-0.77384,-0.79567,-0.8104,nan,-0.78851,-0.7781600000000001,nan,-0.7927,-0.7933,-0.7877,nan,-0.78246,-0.76379,-0.75379,-0.75884,-0.76299,-0.7380800000000001,-0.81716,-0.84093,-0.72621,nan,-0.76458,nan,-0.7479399999999999,-0.73887,nan,-0.769,nan,nan,nan,-0.75393,-0.74155,-0.7335699999999999,nan,-0.71032,nan,-0.71107,-0.70048,-0.71596,nan,-0.75855,nan
4.0,0.068578,-0.14215999999999998,nan,-0.040609,-0.15398,-0.14028,-0.14568,-0.17659,-0.15508,nan,-0.17382999999999998,-0.18131,-0.17606,-0.16243,-0.15967,-0.15957000000000002,nan,-0.17278,-0.1788,-0.1772,-0.17794000000000001,-0.17637,-0.17765,-0.17829,-0.17559,-0.18081,-0.17206,-0.16124000000000002,-0.18223,-0.20176,-0.19508,nan,nan,-0.21993000000000001,-0.23456,nan,-0.19885999999999998,nan,-0.22880999999999999,-0.24777,-0.24798,-0.25124,-0.25134,-0.24491999999999997,-0.25427,-0.26899,-0.26593,nan,-0.28826999999999997,-0.28669,-0.28872,-0.28228000000000003,nan,-0.31661,-0.31781,-0.32854,-0.35934,-0.3357,-0.32466,-0.3623,-0.36384,nan,nan,-0.35969,-0.3784,nan,-0.39119,-0.3627,-0.36207,-0.38461,-0.3796,-0.36634,-0.40219,-0.40786,nan,nan,-0.43367,-0.41312,-0.4118,-0.40326999999999996,nan,nan,-0.43796,-0.42483999999999994,-0.43432,nan,-0.45202,nan,-0.45132,-0.46562,-0.46531999999999996,-0.47289,-0.50113,-0.4993,nan,-0.47028000000000003,nan,-0.49258,-0.5081399999999999,-0.52247,nan,nan,-0.5030100000000001,-0.50044,-0.5214,-0.5473100000000001,-0.54294,-0.5206,-0.5380199999999999,-0.58501,nan,-0.57791,nan,-0.59645,-0.5945600000000001,-0.59942,-0.6171300000000001,nan,-0.59797,nan,-0.5964,nan,-0.65947,-0.6592399999999999,-0.6318199999999999,-0.63855,-0.6532399999999999,-0.64698,-0.64742,-0.65723,nan,nan,-0.64654,-0.66452,-0.68863,nan,-0.68709,nan,-0.66906,nan,-0.7004199999999999,-0.67784,-0.6863600000000001,nan,-0.72485,-0.71826,-0.70415,-0.70009,nan,-0.7038800000000001,-0.7146,-0.72592,-0.7155600000000001,-0.7032,-0.71141,-0.72723,-0.74163,nan,-0.7179800000000001,-0.6974199999999999,-0.7035100000000001,-0.7026399999999999,-0.70429,nan,-0.72521,-0.70102,-0.7115100000000001,-0.74131,-0.72821,-0.71636,-0.7509100000000001,-0.77763,-0.75415,-0.7298600000000001,-0.74239,-0.74485,nan,-0.73063,-0.7767,-0.78284,nan,-0.7805,-0.79333,-0.79004,nan,nan,-0.77672,-0.78285,nan,-0.77871,-0.78092,-0.7974100000000001,-0.7726,-0.75085,-0.79648,-0.83547,nan,-0.79191,-0.79418,-0.79242,-0.792,-0.80166,-0.8176,-0.8319,-0.8201700000000001,-0.79457,-0.79682,-0.81274,-0.79099,nan,-0.79879,-0.8296,-0.81261,-0.78762,-0.8113199999999999,-0.8363299999999999,-0.80475,-0.7749699999999999,nan,-0.7960699999999999,-0.79055,-0.7947,-0.79159,-0.79969,nan,-0.7969,-0.78352,-0.80416,-0.81135,nan,-0.8074600000000001,-0.8350700000000001,nan,-0.7789,-0.77798,-0.77386,-0.75784,nan,-0.79916,-0.7943,-0.78851,nan,-0.78784,-0.77652,-0.78856,nan,nan,-0.76386,-0.73958,nan,nan,nan,-0.7248600000000001,-0.73869,-0.708,-0.70328,nan,nan,-0.70458,-0.69862,-0.70407,-0.70472,-0.6871,-0.6872699999999999,-0.68477,-0.66556,-0.68506,-0.7006399999999999,-0.6701199999999999,-0.65846,-0.6735300000000001,nan,-0.64917,-0.649,-0.64537,-0.65027,-0.6544,nan,-0.5905600000000001,-0.60941,-0.6315,nan,-0.61421,nan,-0.60285,-0.59209,-0.59573,nan,-0.59306,-0.59478,-0.58127,-0.55965,-0.55861,-0.55894,-0.53222,-0.50844,-0.5040899999999999,-0.51923,nan,-0.5522,-0.52015,nan,-0.5080600000000001,-0.49615,-0.47096000000000005,-0.46411,nan,nan,-0.46657,-0.47976,-0.48091999999999996,-0.45111,nan,nan,-0.46991000000000005,-0.45378999999999997,nan,-0.45557,-0.44868,-0.40631,-0.38001,-0.40602,-0.43258,-0.41821,-0.41092,-0.41286999999999996,-0.41066,-0.42728,nan,-0.39579000000000003,-0.39185,nan,-0.37508,-0.37719,-0.38525,-0.40334000000000003,-0.41329,-0.38661999999999996,-0.36252,-0.35964,-0.37719,-0.38804,-0.35409,-0.34426999999999996,-0.37606,-0.35812,nan,-0.36084,-0.34844,-0.33846,-0.36611,-0.37858,-0.37594,-0.37544,-0.35819,nan,-0.34912,-0.36048,-0.36036,-0.35939,-0.35614,-0.36128000000000005,-0.36345,-0.33403,nan,-0.36085,-0.35646,-0.31606999999999996,nan,-0.36072,-0.33304,-0.32426,-0.3417,-0.31498000000000004,-0.29645,nan,-0.32232,-0.32721,-0.30873,-0.30942,nan,-0.32177,-0.30537,-0.34219,-0.34949,-0.32153000000000004,nan,-0.28891999999999995,-0.2833,nan,-0.3076,-0.30987,-0.29006,-0.29146,-0.32149,-0.31815,nan,-0.31158,nan,-0.32123,-0.30119,-0.30696999999999997,-0.29311,-0.28165999999999997,-0.2884,-0.28804,nan,-0.28636,-0.28808,-0.28762,-0.28304,-0.29085,-0.30614,nan,-0.28014,-0.28985,-0.3038,-0.30566,-0.30468,-0.30696,nan,-0.27274,nan,-0.28570999999999996,-0.28726999999999997,-0.28870999999999997,-0.30776,-0.31033,-0.29058,-0.28941999999999996,-0.30561,-0.30568,-0.30532,nan,-0.29043,-0.2766,-0.26277,nan,-0.28826,-0.27254,-0.27351,nan,-0.28458,-0.26553000000000004,-0.2893,-0.28972,-0.2844,-0.28503,-0.27051,-0.26588,-0.26461,-0.24811,-0.24603000000000003,-0.26292,-0.26550999999999997,-0.25146999999999997,-0.24516999999999997,-0.25853000000000004,-0.26811999999999997,-0.24105,-0.20717,-0.22999,-0.25032,-0.21996999999999997,-0.21971,-0.23293000000000003,-0.21656,nan,nan,-0.21136999999999997,-0.19597,-0.19641,nan,-0.21549000000000001,-0.22371,nan,-0.18041,-0.21138,-0.2097,-0.18603,-0.17815999999999999,-0.16369,-0.16295,-0.18191,nan,-0.16946,nan,-0.21633000000000002,-0.20251,-0.18016,nan,-0.19697,-0.20229,-0.18095,-0.18107,-0.19748,nan,-0.15702,-0.16188,-0.15658,-0.17929,-0.19449,-0.16466,nan,nan,-0.16122999999999998,nan,-0.17870999999999998,-0.14695,-0.14278,-0.18436,-0.19329000000000002,-0.17537,-0.17759,-0.16869,-0.15735,-0.16211,-0.15946,-0.16768,-0.17862,-0.17815999999999999,-0.18033,-0.16525,-0.14097,-0.13985999999999998,-0.14923,-0.16797,-0.17911,-0.15257,nan,-0.14488,-0.15798,-0.17437,-0.17235999999999999,-0.16187,-0.16246,-0.14918,-0.14382999999999999,-0.16052,-0.16037,-0.16261,-0.15961,-0.14185,-0.15455,nan,-0.12555,-0.13192,nan,-0.14134000000000002,-0.14263,-0.13284,-0.12070999999999998,-0.14499,nan,-0.16713,-0.13179000000000002,-0.10689000000000001,-0.11174,-0.13413,-0.14251,nan,-0.11334000000000001,-0.09780599999999999,-0.072108,-0.061446,-0.08654400000000001,-0.10636,-0.091186,-0.078207,-0.095019,-0.10625,-0.09093899999999999,-0.082998,-0.087512,-0.087614,-0.086086,-0.083064,-0.068539,-0.052530999999999994,nan,-0.077,-0.088005,nan,-0.06644299999999999,-0.071175,nan,nan,-0.046137,-0.05311799999999999,nan,nan,-0.040434,-0.084315,nan,-0.034894,-0.056829,nan,-0.033002,-0.017215,-0.051583000000000004,nan,nan,nan,-0.036001,-0.025328,nan,-0.05262000000000001,nan,-0.05694400000000001,nan,-0.016502,nan,-0.0050142,-0.00034897,-0.041589,-0.046859,0.0020998,nan,nan,-0.027523000000000002,nan,nan,-0.043848000000000005,-0.0011297,-0.01642,nan,-0.021465,nan,nan,-0.011073000000000001,-0.02034,-0.034012,-0.020284,nan,-0.020853999999999998,-0.033973,-0.030128,-0.037063,-0.029019,-0.00021675,-0.0098144,-0.045155,-0.052436,nan,-0.0012111,-0.023206,-0.036876,0.00067736,nan,nan,-0.022724,-0.015427000000000001,-0.035475,-0.016777,-0.008253,-0.017431,-0.014341999999999999,-0.027729000000000004,nan,-0.049738,-0.052860000000000004,nan,-0.039024,-0.035493000000000004,-0.06626599999999999,-0.079324,-0.056435,-0.053819000000000006,nan,nan,-0.082748,-0.071741,-0.064572,-0.078947,-0.086413,-0.08362699999999999,-0.10865999999999999,-0.12515,-0.12529,-0.15924000000000002,-0.19614,-0.19245,nan,nan,-0.18453,nan,-0.23669,-0.21088,-0.19660999999999998,-0.23156,-0.25445,-0.23315999999999998,-0.21453000000000003,-0.23998000000000003,-0.27935,nan,-0.28861,-0.31501999999999997,-0.32171,-0.32589,-0.35616,nan,nan,-0.36096,-0.36114,-0.35438000000000003,-0.36341999999999997,-0.37851999999999997,-0.36889,-0.34867,nan,-0.40673000000000004,-0.4182,-0.40885,-0.41463999999999995,-0.426,-0.43901999999999997,-0.45223,nan,-0.45365,nan,-0.48432,-0.45188,-0.46845,-0.5155,nan,-0.51788,nan,-0.54366,nan,-0.56448,-0.58549,-0.61502,-0.6178899999999999,-0.6009800000000001,-0.59538,-0.61077,-0.6260399999999999,-0.62864,-0.63158,nan,nan,-0.67192,-0.70098,-0.72187,-0.70954,-0.7045600000000001,-0.7325,-0.7521800000000001,-0.76062,nan,nan,-0.82686,-0.8264299999999999,-0.81134,-0.8326399999999999,-0.85231,-0.84995,nan,-0.8669399999999999,-0.86697,-0.9001600000000001,-0.9334,-0.93406,-0.94025,-0.94196,-0.9232799999999999,-0.9587,nan,nan,-1.0002,-1.0338,-1.0305,-1.0404,nan,nan,-1.0992,-1.1024,-1.0981,nan,-1.1163,-1.1119,-1.1014,-1.1148,-1.1292,nan,-1.1584,nan,-1.1715,-1.2209999999999999,nan,nan,nan,-1.249,-1.2657,-1.2541,-1.2744,-1.3026,-1.2834,-1.291,nan,nan,-1.3148,-1.3315,-1.3032,-1.3342,-1.3643,nan,-1.3847,-1.4197,-1.4292,nan,-1.4624,-1.4626,nan,nan,-1.4603,-1.4722,nan,-1.5319,-1.5456,nan,-1.5736,-1.5976,-1.6155,-1.6046,-1.5906,-1.5997,-1.6119999999999999,-1.6307,-1.6573,-1.6569,-1.6408,nan,-1.6911,-1.7026,-1.7199,nan,-1.7008,-1.7368,-1.7907,-1.7659,-1.7497,-1.777,-1.7745,-1.7806,-1.825,nan,-1.8011,-1.8352,-1.8615,-1.8462,-1.8628,-1.8823,-1.8581,-1.854,-1.8842,-1.8992,-1.9004,-1.8976,-1.8952,-1.8994,-1.9,-1.8919,nan,-1.9184,nan,-1.9454,-1.9994,nan,-1.9664,-1.9787,-1.9898,-1.9861,-2.0014,nan,-1.9912,-2.0105,-2.0306,-2.0219,-2.0225,-2.0352,-2.0438,-2.0443,-2.0282,-2.0183,-2.0265,-2.0269,-2.0094,nan,nan,-2.004,-2.0257,-2.0434,-2.0271,-2.0163,nan,-2.042,-2.0278,nan,-2.0061,nan,-2.044,-2.0286,-2.0269,nan,-2.0284,-2.0293,nan,-2.0544,-2.0102,-2.0141,nan,-2.0443,-2.0368,-2.0189,-1.9909999999999999,-2.0018,-2.0353,-2.0445,nan,-2.0162,-2.0286,nan,-1.9912,-2.0021,-2.0473,-2.0461,-2.0388,nan,-2.0268,-2.0211,-2.0205,-2.0039,-1.9904,-1.9868,-1.9881,nan,nan,-1.9783,-1.9378,-1.9004,-1.9153,nan,-1.9116,nan,nan,-1.9072,-1.9188,-1.9053,nan,-1.8807,nan,-1.8569,-1.8396,-1.8464,-1.8330000000000002,-1.8077,nan,-1.7724,nan,-1.7509,-1.7155,-1.7164,-1.6948,-1.6492,-1.6628,-1.6880000000000002,-1.6540000000000001,-1.6265,-1.6304,-1.5957,-1.5622,-1.5742,-1.5745,nan,-1.5456,-1.5056,-1.4719,nan,-1.4458,-1.4322,-1.4119,-1.4095,nan,-1.3728,-1.3377,-1.3373,-1.3259,-1.2929,-1.2792,-1.2844,-1.2716,-1.2461,nan,-1.1964,-1.1669,-1.1445,-1.117,-1.0881,-1.0764,-1.0555,nan,-1.0094,-0.96347,-0.93721,-0.94157,nan,nan,-0.83119,-0.78094,-0.72632,-0.7217899999999999,-0.70804,-0.66998,-0.67161,-0.6642100000000001,-0.60746,-0.5803699999999999,-0.5677,nan,-0.49605,-0.45697,nan,-0.34226999999999996,nan,-0.27524,-0.21516,nan,-0.13694,-0.074602,-0.054202999999999994,-0.029327,-0.002043,0.023946000000000002,0.078098,0.11835999999999999,nan,0.18020999999999998,0.21643,0.22753,nan,0.33347,0.39496,0.47326,0.54542,0.56311,0.57897,0.63289,0.68355,nan,0.7916,0.81855,nan,0.87146,0.92425,0.95967,1.0096,1.0626,1.0927,1.1184,nan,1.2291,nan,1.3626,1.4106,nan,1.5322,1.5755,1.5803,1.6414,1.7553,1.7961,1.8354,1.9340000000000002,nan,1.9783,2.0003,nan,2.0892,2.101,2.1032,nan,2.2456,nan,2.2604,2.3033,nan,2.3394,2.3521,2.372,2.4015,2.4115,2.394,2.4025,2.4330000000000003,2.4325,nan,2.4337,2.4292,2.4016,2.3849,2.3965,2.4101,2.4108,2.4089,2.3902,2.3834,2.421,nan,nan,nan,nan,2.3139,2.3141,2.3265,2.2792,2.2308,2.2294,2.2225,2.1833,2.1447,2.1162,2.0935,2.084,2.0844,2.0802,nan,nan,2.0262,2.0323,nan,1.9767,1.9903,1.9911,nan,1.9709999999999999,1.9266,1.9073,1.9386,1.9124,1.876,1.8866,nan,1.8607,1.8694,1.8515,1.8199,1.8131,1.8132,nan,1.8107,1.7844,nan,nan,1.8009,nan,nan,1.8119,1.7998,1.8328,nan,1.7597,1.7861,nan,1.7921,1.8016,1.8154,nan,1.8058,nan,1.8322,1.7997,1.8082,1.8344,nan,1.8019999999999998,1.7864,1.7771,1.8057,1.8175,1.8152,1.8312,nan,1.8039,nan,1.7790000000000001,1.7803,1.8049,1.8135,1.7992,nan,1.8187,1.8319,nan,1.8349,nan,1.8036,1.7919999999999998,1.8266,1.8497,nan,1.7837,1.7987,nan,1.8090000000000002,1.8209,1.8321,1.8172,1.819,1.8334,1.8177,nan,1.8241,nan,1.8177,1.8067,1.79,1.7923,1.8269,nan,1.7933,1.8078,1.82,1.8105,1.8133,1.8262,1.8391,1.8266,nan,1.8019,1.8192,1.8129,1.8117,1.8121,1.7875,1.7914,1.8311,1.8142,1.7737,1.7761,1.7674,1.7625,1.7764,nan,1.7348,1.7429,nan,1.7435,1.7334,1.7026,1.6891,nan,1.6652,1.6676,nan,1.6586,1.6509,1.6544,1.629,nan,1.6314,1.6233,1.6105,1.6167,1.6164,1.6077,nan,1.5585,1.5566,1.5681,1.5819999999999999,nan,nan,1.5116,1.5053,1.4933,1.4729,1.47,1.4687,nan,nan,1.4507,nan,1.4227,1.4107,1.4155,1.4341,1.4192,1.3908,1.3809,1.358,1.3346,nan,1.3608,1.3548,1.3364,1.3239,1.3237,1.3256,1.3223,1.2963,1.266,nan,1.3048,1.2673,nan,1.2575,nan,1.2181,nan,1.1807,nan,1.1856,1.1495,1.1432,nan,1.1843,1.1783,nan,1.1740000000000002,1.153,1.1617,1.1961,1.1808,1.1337,1.124,1.1411,1.1396,1.102,nan,1.1235,1.1433,1.1082,1.0901,nan,nan,1.1209,1.1259,nan,1.0886,1.0958,1.0676,nan,nan,nan,1.0258,1.037,1.0524,1.055,1.0499,1.0177,0.99265,1.0172,1.0345,nan,1.0185,1.008,0.98014,0.9897299999999999,nan,1.0185,nan,1.0006,1.0054,1.015,0.9765299999999999,nan,nan,nan,0.97357,0.99275,0.99592,nan,0.95214,0.9751299999999999,nan,0.9495,0.9551200000000001,0.98677,0.9680700000000001,nan,0.93258,nan,nan,0.9497200000000001,0.9371,nan,0.94421,0.9307799999999999,0.9074,0.9103100000000001,0.89979,0.9269,0.9427200000000001,0.88441,0.88323,0.9102100000000001,nan,0.9140799999999999,0.91684,0.8682200000000001,0.88045,0.9011,0.8855700000000001,0.88902,0.8960100000000001,0.8780600000000001,0.8487100000000001,nan,nan,0.85714,0.81697,0.82944,nan,0.8126899999999999,0.8146899999999999,0.8424299999999999,0.85706,0.8323799999999999,0.80085,nan,0.81388,0.78173,0.7852899999999999,0.81655,0.8146800000000001,nan,0.76703,0.7673399999999999,0.7803899999999999,0.78522,0.77227,0.76283,nan,0.71888,nan,0.72812,0.73018,0.72411,nan,0.72728,0.7138899999999999,0.70748,0.70825,nan,0.66799,0.65164,0.65413,0.66806,0.68053,0.66756,0.6388199999999999,0.63217,0.64305,0.65513,0.64741,0.60321,0.58392,nan,0.61865,0.57873,0.56475,0.5807,0.5770000000000001,0.55881,0.56323,0.57077,nan,nan,0.52866,0.5189199999999999,0.5102,nan,0.53654,0.50525,0.49313,0.5088699999999999,0.50343,nan,nan,0.46008999999999994,nan,0.4887,nan,0.44565,0.45033,nan,nan,0.4186,0.42526,0.43845,0.44381000000000004,0.41593,0.40373000000000003,nan,0.42655,0.3764,nan,nan,0.3805,0.34085,0.36461,0.37355,0.3579,0.37017,0.3695,0.33731,0.33289,0.34693,0.3469,0.35218,0.33984000000000003,0.31045,0.31056,0.30423,0.29295,0.29641,0.27104,nan,0.27366,0.26378,0.25409,0.25514000000000003,nan,0.23614000000000002,0.23825,nan,0.25337,0.25323,0.2316,0.22050999999999998,0.22071,nan,nan,0.24106,0.22521999999999998,0.22436,nan,0.25074,0.26097,0.2255,nan,nan,0.24325,0.21854,0.21671999999999997,0.22696,0.21866999999999998,0.21964,0.22449000000000002,0.21866,0.22188000000000002,0.22405,0.20793000000000003,0.20600000000000002,0.21982,0.22191999999999998,0.22685,0.23992,0.23876999999999998,0.22964,0.21403000000000003,nan,0.20389000000000002,0.19449,0.18353,0.19952,0.22096999999999997,0.21325999999999998,0.17899,0.17631,0.20867,nan,0.16404000000000002,0.20984,0.21391,0.17937,0.183,0.174,0.16856,0.18339,0.1706,0.16957,0.18855,0.18458,0.16424,0.12988,0.13464,0.17982,nan,0.14338,0.16385,0.1732,nan,0.12563,0.12548,0.15837,0.16145,nan,0.16233,0.16043,0.14492,0.1466,0.12755,0.10345,0.11391,0.12928,0.13065,0.13126,0.12913,nan,nan,0.12849000000000002,0.1274,0.15242,0.16874,0.14419,0.12758,0.14323,nan,nan,0.13257,0.12345999999999999,nan,0.12596,0.13939000000000001,0.15442999999999998,0.16451,0.14189000000000002,0.12459,0.13251,0.14432,0.15374000000000002,0.13787,0.13007,0.16055999999999998,0.1565,0.12357,0.12766,nan,0.12399,0.13289,0.1619,0.16158,0.14148,0.14528,0.16458,0.16043,0.14449,0.14511,0.15156,0.14135,0.12914,0.14107999999999998,0.15454,nan,nan,0.15066,0.17848,0.18292,0.17104,0.14695,0.12535,0.12862,0.14582,0.14301,nan,nan,0.1347,nan,0.12992,0.14753,0.13425,0.10632,0.10904000000000001,nan,0.13219,0.12895,0.11688,0.099346,nan,0.09213099999999999,0.09099600000000001,0.10601,0.13401,0.11968,0.085354,0.11225,0.12824000000000002,nan,nan,0.11673,0.11132,0.12439000000000001,nan,nan,0.10103999999999999,0.13424,nan,0.11034000000000001,nan,0.12677,nan,0.095385,0.087005,0.10605999999999999,nan,nan,0.11487,0.13501,0.13155,nan,nan,0.11124,nan,nan,0.11524000000000001,0.12864,0.13429000000000002,0.12688,0.13199,0.13276,0.12214000000000001,0.14339000000000002,0.14479,0.10037,0.10712999999999999,0.13116,0.096834,nan,nan,0.12722,0.11049,0.12885,nan,0.14673,0.1319,nan,nan,0.14870999999999998,0.13652,0.13113,nan,0.16547,0.15855999999999998,0.14587999999999998,0.16142,0.18407,0.18097,0.18552000000000002,nan,0.21941,0.196,0.20027999999999999,0.23151999999999998,nan,0.1955,0.19372999999999999,0.24489,0.24981,0.21971,nan,0.23536999999999997,0.21934,0.23417,0.25240999999999997,nan,nan,0.27639,0.26997,0.247,nan,0.22102,nan,0.22293000000000002,0.23686,0.23546999999999998,0.24577,0.25501,0.22951999999999997,0.22335,0.2402,0.22395,0.21278000000000002,0.23294,0.23599,0.22219,0.22909000000000002,0.23878000000000002,0.22136999999999998,0.21433000000000002,0.23396,nan,0.22133000000000003,0.23034000000000002,0.23983000000000002,nan,0.26126,0.29379,0.28926,0.27442,0.28515999999999997,nan,0.31027,0.31340999999999997,nan,0.2979,nan,0.33588,0.32184,nan,nan,0.36991,0.36432,0.36473,0.37651,nan,0.40012,0.38454,nan,0.36428,0.36577,0.37961,nan,0.35762,0.34588,0.36135,0.36764,0.365,0.35306,0.32695,0.34273000000000003,0.38154,0.37538,nan,0.34367,0.32865,0.33899,0.35067,0.34656,0.36101,0.3662,0.33731,0.32689,0.34623000000000004,nan,0.32776,0.33031,0.31116,0.28675,0.27357,0.24845,0.2278,0.21927,0.21854,0.24370999999999998,0.26198,0.25466,nan,nan,0.22654000000000002,0.25424,0.24416999999999997,0.1953,0.18694000000000002,nan,nan,nan,0.16417,0.15563,0.12788,0.11049,0.1261,0.1296,nan,nan,0.13004000000000002,0.066955,0.1187,0.070191,-0.031544
7.0,-0.12738,-0.25751,-0.19793,-0.19779000000000002,-0.22609,-0.20074,-0.23600000000000002,-0.23722,nan,-0.2435,-0.2447,-0.24586999999999998,-0.25337,-0.24994,-0.24135,-0.24718,-0.26152,-0.27103,-0.26945,-0.27535,-0.2912,-0.2855,nan,nan,-0.30205,-0.30939,-0.29839,nan,-0.30665,-0.29933000000000004,-0.31040999999999996,nan,-0.32525,nan,-0.32695,-0.3246,-0.32864,-0.33621,nan,nan,-0.35354,-0.35244000000000003,-0.35397,-0.35962,-0.3691,-0.36793000000000003,-0.36172,-0.35461,-0.35304,-0.37887,-0.38643,-0.37158,-0.38416,-0.3878,-0.37708,-0.39196,-0.40659,-0.41218,-0.41745,nan,-0.42468999999999996,-0.44238,nan,-0.42332,-0.43613,-0.44371000000000005,-0.44553000000000004,-0.4576,-0.46091000000000004,-0.46071999999999996,-0.47488,-0.47825,-0.46755,-0.47157,nan,-0.49491999999999997,nan,-0.48757,-0.48706000000000005,nan,-0.51071,-0.50257,nan,-0.49311000000000005,nan,-0.51058,-0.53627,-0.5460699999999999,-0.52556,nan,nan,nan,-0.54719,-0.55316,-0.5523899999999999,-0.56226,-0.56198,-0.55988,nan,nan,nan,nan,nan,-0.5898100000000001,-0.589,-0.58634,-0.59431,-0.61195,nan,nan,nan,-0.61883,-0.60396,-0.61434,-0.62326,-0.6214,-0.6086,-0.59797,nan,-0.6046100000000001,nan,-0.6148100000000001,-0.60661,-0.6098399999999999,-0.61648,nan,nan,-0.63357,-0.62713,-0.62403,-0.63508,-0.63552,-0.6231800000000001,-0.63017,-0.64271,-0.63473,nan,nan,nan,nan,nan,-0.63884,-0.64339,-0.6399600000000001,nan,-0.6396,-0.63966,nan,-0.6612,-0.65422,nan,-0.65125,nan,nan,-0.66801,-0.68104,-0.6776300000000001,-0.67075,-0.6575300000000001,-0.67265,-0.67333,-0.66092,-0.67642,-0.67693,-0.6862699999999999,-0.69413,-0.67101,-0.6792,-0.68735,-0.6752100000000001,-0.6796800000000001,-0.67902,-0.67842,nan,-0.68071,-0.68838,-0.67189,nan,-0.68761,-0.6797,-0.67791,-0.67877,nan,nan,-0.68113,-0.68272,-0.6814100000000001,-0.66871,nan,nan,-0.69604,-0.69265,nan,-0.67692,-0.68335,nan,-0.68617,-0.6865100000000001,-0.69082,-0.6763,nan,-0.70644,-0.68384,nan,-0.68643,-0.67888,-0.6936,nan,-0.67908,-0.69176,-0.6976100000000001,-0.67942,-0.68645,-0.69511,-0.67806,-0.68235,-0.69475,-0.6733399999999999,-0.67328,-0.69638,-0.6786300000000001,nan,-0.6967399999999999,nan,nan,-0.6987800000000001,-0.6882199999999999,-0.67948,-0.69492,-0.68885,nan,-0.68608,nan,-0.6920000000000001,-0.68237,-0.6887800000000001,-0.68691,-0.68579,nan,-0.67804,-0.66932,nan,-0.6796800000000001,-0.6766399999999999,-0.67903,-0.6792600000000001,-0.6715800000000001,nan,-0.67447,nan,-0.66166,-0.66803,-0.68635,-0.6713,-0.6611100000000001,nan,-0.65689,nan,-0.65993,-0.63751,-0.62817,nan,-0.6319600000000001,nan,-0.6345,-0.62813,nan,-0.61521,-0.61415,nan,-0.6108100000000001,-0.60501,-0.6058600000000001,-0.60572,-0.60422,nan,-0.60647,-0.60487,-0.60627,-0.60237,-0.59697,-0.59022,nan,-0.56687,nan,-0.5623600000000001,-0.55834,-0.56512,-0.55282,nan,-0.54615,nan,-0.54771,nan,-0.54267,-0.54277,-0.5432899999999999,-0.53873,-0.52569,-0.53085,-0.52923,-0.5031899999999999,-0.49904,-0.50738,-0.49855,nan,-0.49322,-0.48067,-0.49922,-0.50585,-0.47461000000000003,-0.47289,nan,-0.47939,-0.48696999999999996,-0.49651999999999996,-0.48117,-0.48362,nan,nan,-0.47967,nan,-0.46658,-0.46621,-0.45022,-0.45178,-0.45316000000000006,nan,nan,-0.42612,-0.43051000000000006,-0.4383,-0.42905,nan,-0.4268,-0.41271,nan,-0.41799,-0.40936,-0.39524000000000004,-0.41035,-0.41118999999999994,-0.38842,-0.38693,-0.39255,-0.38326,-0.38024,-0.38072,nan,-0.37953000000000003,nan,nan,-0.37568,-0.37485,-0.35401,-0.35446,-0.36185,nan,-0.35664,-0.35333000000000003,-0.35409,-0.3441,-0.34870999999999996,-0.3513,-0.34402,nan,-0.34143,-0.3474,nan,-0.32621,-0.34805,-0.3435,-0.32250999999999996,-0.33602,-0.33714,-0.3282,-0.32295,nan,-0.31729,-0.31645999999999996,-0.31793000000000005,-0.31401999999999997,-0.29948,-0.29656,-0.29823,-0.28146,nan,-0.28021999999999997,-0.28056,-0.28369,-0.29069,nan,-0.27231,-0.27123,-0.27139,-0.27238,nan,-0.27151,nan,nan,-0.24666,nan,nan,-0.24927,nan,nan,-0.23634000000000002,-0.24925,-0.24328000000000002,-0.23505,-0.24419000000000002,-0.23773000000000002,-0.22389,-0.21818,-0.21331,-0.23001999999999997,-0.23121,-0.21744000000000002,-0.22549,-0.22080999999999998,-0.21721999999999997,nan,-0.20016,-0.21679,nan,-0.22324000000000002,nan,-0.20878000000000002,nan,-0.22930999999999999,-0.22571,-0.21894,-0.20474,-0.19652,-0.20058,-0.20040999999999998,-0.20442000000000002,-0.21706,nan,-0.1993,-0.19932,nan,nan,-0.19831,nan,-0.18995,-0.19135,nan,nan,-0.18394000000000002,-0.18832000000000002,-0.20374,-0.19835,-0.19174000000000002,-0.18194000000000002,-0.18453,-0.1899,nan,-0.18649000000000002,-0.19422999999999999,-0.1851,-0.18199,-0.18979000000000001,-0.18682,-0.17387,-0.17496,-0.19039,-0.19359,-0.18,-0.17063,nan,nan,nan,nan,-0.17339000000000002,-0.18097,-0.18198,-0.17976,-0.18137,-0.18188,-0.18728,-0.19459,-0.18253,-0.17314000000000002,-0.18057,-0.18109,-0.1816,nan,-0.18147,-0.19782,-0.19093,-0.17941,nan,-0.19945,-0.19673,nan,-0.17437,-0.19012,-0.19050999999999998,-0.19426,-0.19798,nan,-0.17795,-0.18936,-0.18822,-0.1922,-0.20015,-0.19238,-0.19221,-0.20123,-0.20044,nan,nan,nan,-0.18925999999999998,-0.18065,nan,-0.18573,-0.18257,-0.19941,-0.20197,nan,nan,-0.19164,-0.20038,-0.19108,nan,-0.20968,nan,-0.19883,nan,nan,-0.19111,-0.18209,-0.18784,-0.2046,-0.19798,-0.18972999999999998,-0.20207,nan,nan,-0.20928000000000002,-0.21597,-0.21428000000000003,-0.20573000000000002,nan,-0.21791999999999997,-0.21001999999999998,-0.21135,-0.21754,-0.21736,nan,-0.20798000000000003,-0.21600000000000003,-0.24623,-0.24644000000000002,-0.24488000000000001,-0.2392,-0.22621,nan,-0.25504,-0.25132,-0.25633,nan,-0.26249,-0.26233,nan,-0.25434,-0.26659,-0.29031999999999997,-0.27869,-0.26186,-0.28009,-0.2859,nan,-0.27458,nan,-0.28639000000000003,-0.3044,-0.30057,-0.27909,-0.29494000000000004,-0.31856,-0.30575,-0.29958,-0.30868,-0.30587,-0.32104,-0.33855,-0.33401,nan,-0.32324,-0.33196,-0.33187,-0.31790999999999997,-0.32779,-0.34415999999999997,-0.35707,-0.35226999999999997,nan,-0.35263,-0.35883000000000004,-0.34259,-0.3526,nan,-0.34465,nan,-0.38061,-0.37064,-0.37582,-0.37838,-0.36996,-0.37006,nan,nan,-0.38986,-0.38996,-0.39458000000000004,-0.40455,-0.40738,-0.40847,-0.41436999999999996,-0.42173,-0.42791999999999997,nan,-0.4356,nan,-0.44113,nan,-0.4355,-0.45545,-0.46373000000000003,-0.43928,-0.43722,-0.45974,-0.46279,-0.46166999999999997,nan,-0.48894,-0.49054,nan,nan,-0.48813,-0.47981999999999997,nan,-0.49723,-0.48518999999999995,nan,nan,-0.49878999999999996,-0.50575,-0.49773999999999996,-0.50269,nan,nan,-0.55799,nan,-0.53886,nan,-0.5473399999999999,-0.57057,-0.56416,-0.56426,-0.58831,-0.5977899999999999,-0.59739,-0.59692,nan,-0.60928,-0.6245,-0.62538,-0.6214,-0.62543,-0.6240399999999999,-0.61522,nan,-0.6271100000000001,-0.63548,nan,nan,-0.66184,-0.67302,-0.67948,nan,nan,-0.6853899999999999,-0.68862,nan,nan,-0.69457,-0.72064,-0.73306,-0.73939,-0.7438,-0.7569,-0.76894,-0.76025,-0.7624,-0.77154,-0.77984,-0.78765,-0.77891,nan,-0.78874,-0.79647,-0.80456,-0.79642,-0.80062,-0.8265299999999999,nan,-0.81657,-0.8339700000000001,nan,-0.8332200000000001,-0.8519399999999999,-0.86369,-0.8543,-0.86126,-0.87549,-0.8766299999999999,-0.87529,-0.87698,-0.88585,-0.90055,-0.9019299999999999,-0.89089,-0.89675,nan,nan,-0.9280200000000001,nan,-0.9487200000000001,-0.9499799999999999,-0.94399,-0.95368,-0.9682,nan,-0.9690799999999999,nan,-0.9936799999999999,-0.99364,nan,-0.99334,-1.0086,-1.0306,-1.0268,-1.0135,-1.0309,-1.0494,-1.0403,nan,-1.0624,-1.0557,-1.0646,-1.085,-1.0743,-1.0822,-1.1042,-1.0936,nan,-1.1222,-1.1221,-1.1383,-1.1375,-1.1451,-1.1417,nan,-1.1406,-1.1478,-1.1525,nan,-1.1763,-1.1748,-1.1722,-1.1914,-1.2205,-1.1975,nan,-1.2356,-1.2289,-1.22,-1.2167,-1.2235,-1.2286,-1.2355,-1.2678,nan,-1.2703,nan,-1.2701,-1.2691,nan,-1.2949,-1.3174,nan,-1.3078,-1.3084,nan,-1.3253,-1.3469,-1.3445,-1.358,-1.3792,-1.3814,-1.3623,-1.3693,-1.3917,-1.3881,-1.4045,-1.4169999999999998,-1.4017,-1.4067,-1.4073,-1.3973,-1.4140000000000001,-1.4351,-1.4441,-1.4445,-1.4472,-1.4556,-1.4543,-1.4559,-1.4674,-1.4738,-1.4795,-1.4909999999999999,nan,nan,-1.4902,-1.4977,-1.5031,nan,-1.5004,-1.4977,nan,-1.5085,-1.5092,-1.5095,-1.5085,nan,-1.4969,-1.5011,-1.5090000000000001,nan,-1.5156,-1.5263,-1.5032,-1.5041,-1.5271,nan,-1.4916,nan,-1.4962,-1.5052,nan,-1.4956,nan,-1.5075,-1.507,nan,-1.482,-1.4822,-1.4788,-1.4647,-1.4544,-1.4541,-1.4516,-1.4455,-1.4383,nan,nan,-1.4062,nan,-1.4026,-1.3872,-1.3656,-1.3661,-1.3674,-1.3438,-1.3135,-1.2994,-1.3014,-1.2983,nan,-1.2603,-1.2477,nan,-1.2311,-1.2168,-1.1908,-1.2002,nan,nan,nan,-1.149,-1.1233,-1.1208,-1.1139,nan,-1.0785,-1.057,-1.0425,nan,-1.0149,-0.99229,nan,nan,-0.94914,-0.93565,-0.9146700000000001,-0.89326,nan,-0.8527,-0.83441,-0.8297399999999999,-0.8155899999999999,-0.78774,-0.77136,-0.7552399999999999,-0.7307100000000001,-0.71297,-0.69197,-0.65798,nan,-0.61328,nan,-0.5624100000000001,-0.5371100000000001,-0.5139,-0.47781999999999997,-0.45543,-0.43373999999999996,nan,-0.38869000000000004,-0.36754000000000003,nan,-0.30727,-0.2827,-0.21661999999999998,nan,nan,-0.15671,-0.12202,-0.078841,-0.05237000000000001,-0.033946,9.2676e-06,0.033814,nan,0.095725,0.14704,nan,0.19255999999999998,0.235,nan,0.3009,0.32983,0.36086999999999997,nan,0.43222,nan,0.46857,0.48936,0.5533100000000001,0.58835,0.59248,0.6220100000000001,nan,0.70775,0.74766,0.76848,0.80197,0.8467899999999999,0.87764,0.89817,0.9233299999999999,0.98065,1.0243,1.0275,1.0671,1.1359,1.1732,1.1926,1.2333,1.2759,nan,nan,1.4038,1.4103,nan,1.5127,1.5345,1.5802,1.6301,nan,1.7203,nan,1.784,1.8512,1.8936,1.9213,1.9636,1.9978,2.0405,2.0989,2.1328,2.1716,nan,2.2591,2.2806,2.3303,2.3611,2.3824,2.4207,nan,2.4797,nan,2.5302,2.5586,2.5883,nan,2.6434,2.6635,2.6734,2.7007,nan,2.7165,2.7229,2.7346,2.7319999999999998,nan,2.7526,2.7531,2.7518,2.7509,2.7446,2.7435,2.7443,2.7444,2.755,2.7626,2.7505,2.7386,nan,2.7535,2.7386,nan,2.7041,2.6789,2.6794,2.6789,nan,2.6399,2.6279,2.6202,2.6067,2.5789,2.5538,2.5389,2.5282,2.5242,2.5035,2.4824,2.4807,nan,2.4379,2.4373,nan,2.3801,2.3726,2.3331,nan,2.3239,nan,2.3173,2.2934,2.2763,2.2671,2.248,nan,2.2322,2.2121,nan,2.1922,2.177,2.1524,2.1458,2.147,2.1386,2.1309,nan,2.1124,2.0907,2.0695,2.0471,nan,2.042,2.0312,1.9981,2.0013,2.0137,1.9913,1.9765,nan,1.97,1.9689,1.9689,1.9409999999999998,nan,1.9081,1.9046,1.9205,1.9142,1.8972,1.8951,1.8875,1.8798,1.8689,nan,1.8599,nan,1.8534,1.8478,1.8391,nan,1.8031,1.8083,1.8003,1.7867,1.7993,1.808,1.8019999999999998,1.7952,1.7935,nan,1.7951,1.7761,1.7783,1.7662,1.7546,1.7626,1.7692,nan,1.7559,1.7328,1.7347,1.7427,1.7331,nan,1.7507,1.7335,1.7154,1.7167,1.7281,1.7323,nan,1.7096,1.7202,nan,1.7148,1.7138,1.7113,1.7035,1.7065,1.7078,1.6977,nan,1.7059,nan,nan,nan,nan,1.6878,nan,1.7124,1.6971,1.6879,nan,1.6911,1.686,nan,1.6788,1.6768,1.6791,1.6764,1.6695,1.6678,nan,nan,1.6602,1.6691,nan,nan,1.6695,nan,nan,1.671,1.6538,1.6516,1.6447,1.6308,1.6418,1.6512,nan,1.6424,1.6343,nan,1.6251,1.6187,1.6053,nan,1.6027,nan,1.6001,1.6068,1.5912,1.589,1.5965,1.5926,nan,1.5889,1.5815,1.5681,nan,nan,1.5528,1.5568,1.5614,1.5445,1.5335,nan,1.5312,1.5146,1.5077,1.5163,nan,1.5018,1.4947,1.4888,nan,1.4961,1.4802,1.4703,1.4709999999999999,1.4673,nan,1.4422,1.4435,1.4427,1.4453,1.4380000000000002,1.4245,1.4177,1.4131,nan,1.4211,1.3908,1.3907,nan,1.4140000000000001,1.4069999999999998,1.4016,1.3829,nan,nan,1.3534,1.3551,1.3486,1.3437,1.3445,1.3435,1.3504,nan,1.3317,1.3179,1.3191,1.3086,1.2835,1.2813,1.2982,1.288,1.2658,1.2741,1.2830000000000001,nan,1.2757,1.2675,1.2459,nan,1.2627,1.2506,nan,nan,1.2497,1.2393,1.2253,1.226,nan,nan,nan,1.2085,1.2022,1.1911,1.1772,1.1833,nan,1.1828,1.1856,1.1903,1.1819,1.1823,1.1736,1.1623,1.1735,1.182,1.1766,1.17,1.1737,1.1735,1.1633,1.1705,nan,1.1548,1.1627,1.1563,nan,1.158,nan,1.1637,1.1436,1.1369,1.1455,nan,nan,1.1167,1.1193,1.1201,1.1152,1.1257,nan,1.1018,1.0932,1.0869,1.0844,nan,1.0975,nan,1.0746,1.072,1.064,1.0716,1.0683,1.0514,1.0548,1.0582,1.0467,1.0506,nan,1.0395,1.0357,1.0381,1.0372,1.0292,1.0117,1.0190000000000001,1.0277,nan,nan,1.0194,1.0141,0.9984799999999999,0.9842,nan,nan,0.9734700000000001,nan,nan,0.95204,0.94283,0.9381799999999999,0.9316700000000001,0.9149799999999999,0.9109700000000001,nan,0.88485,0.87305,0.88095,0.8831700000000001,0.8736700000000001,nan,0.87024,0.8774200000000001,0.87265,0.8583799999999999,nan,0.84372,0.8201299999999999,0.8023899999999999,0.81106,0.80125,0.77418,nan,0.7669,0.76148,0.75044,0.73625,0.73031,0.72564,0.7098,0.7035,0.70265,0.68124,0.66062,0.6592600000000001,0.65709,0.64953,0.63788,nan,0.61393,0.61226,nan,0.59535,0.58941,0.57533,0.56896,0.55798,0.56625,0.56185,0.5313899999999999,0.53686,0.53571,0.49872,0.48663,nan,0.46833,0.45721999999999996,0.45847,nan,0.413,0.42293000000000003,0.4186,nan,nan,0.39011,0.37390999999999996,nan,0.37076,0.34981,0.33447,0.33521,nan,nan,nan,0.28717,0.28664,nan,0.26066999999999996,0.26509,0.2709,0.26975,0.25935,0.23210999999999998,0.2086,0.19683,0.19609000000000001,0.20376,0.18413,nan,0.16126,0.15653,nan,nan,0.13272,0.11137000000000001,nan,0.098753,0.097086,0.090107,0.090025,0.085661,0.065015,0.05218,nan,0.044242000000000004,0.03168,nan,0.017547999999999998,0.009951,-0.015262000000000001,-0.027614999999999997,-0.027429000000000002,-0.039314999999999996,nan,nan,nan,nan,-0.063416,-0.074073,-0.075352,-0.099334,nan,-0.093501,-0.11523,-0.12830999999999998,-0.13027,-0.11679,-0.12800999999999998,nan,-0.15537,-0.15804,nan,nan,-0.18188,-0.17765999999999998,nan,nan,-0.1999,nan,nan,-0.21166999999999997,nan,-0.23568000000000003,-0.2387,-0.26169000000000003,-0.28443,-0.27194,-0.25998000000000004,-0.27719,-0.29627,-0.29843000000000003,-0.29803,-0.30522,-0.30726,-0.3096,nan,-0.33566,-0.33065,-0.33936,nan,-0.33414,-0.34625,-0.35313,-0.35572,nan,-0.38341,-0.37331,-0.36946,-0.37169,-0.37876,-0.38222,nan,-0.40753,-0.39891,-0.40889000000000003,nan,-0.41485,-0.41689,-0.4211,-0.43699,-0.4433,nan,-0.45998,-0.46048999999999995,-0.46688,-0.48191000000000006,-0.48073,-0.4794,-0.47796000000000005,-0.48241999999999996,-0.48863,nan,-0.48391000000000006,nan,-0.4894,-0.49761000000000005,-0.49526000000000003,-0.50574,nan,-0.49798000000000003,-0.4929,-0.51264,-0.53082,-0.5330199999999999,-0.52569,nan,-0.53706,nan,nan,-0.5331600000000001,-0.54068,-0.55603,-0.5622,-0.56844,-0.56994,-0.5683199999999999,-0.57007,-0.5781,-0.59339,-0.5948399999999999,nan,nan,-0.59631,-0.59664,nan,-0.60715,-0.60722,-0.59667,-0.60305,-0.6171300000000001,nan,-0.61315,nan,nan,-0.60611,-0.61316,-0.6170399999999999,-0.6109399999999999,-0.61756,nan,-0.6151300000000001,-0.62126,-0.63637,-0.63366,-0.6318600000000001,-0.63522,-0.62976,-0.6356,-0.64267,nan,-0.63743,-0.63973,-0.6343300000000001,-0.6471399999999999,-0.64852,-0.63795,-0.64276,-0.6421399999999999,nan,-0.66833,-0.65252,-0.63383,-0.65428,-0.65476,nan,-0.6431600000000001,-0.65012,-0.65203,-0.64574,-0.64248,-0.65117,nan,nan,-0.65488,-0.6609999999999999,-0.65359,-0.64266,-0.64445,-0.66293,-0.6632399999999999,-0.63915,nan,nan,-0.64273,-0.63452,-0.63117,-0.63515,-0.64262,-0.64244,nan,-0.62746,-0.62515,-0.64107,-0.64159,-0.6140100000000001,nan,-0.62532,-0.61849,-0.6129399999999999,nan,-0.6194,-0.60393,-0.63003,-0.6180100000000001,-0.5956199999999999,-0.61568,-0.61606,nan,nan,-0.60439,-0.6044,nan,-0.60623,-0.61652,-0.6075699999999999,-0.58836,-0.59278,-0.59546,-0.5884699999999999,-0.5887399999999999,-0.57763,nan,-0.57158,nan,-0.57834,nan,-0.59121,-0.5886600000000001,-0.55286,nan,-0.52322,-0.5032,-0.49394,-0.52956,-0.54476,-0.5445300000000001,-0.5616,-0.56145,-0.5627,-0.55481,-0.54337,-0.55213,nan,-0.53479,-0.5418,nan,-0.5009,-0.48778,-0.47898,-0.48923,-0.4892,nan,-0.48628000000000005,-0.47903,nan,-0.48158999999999996,-0.47436999999999996,-0.46952,-0.46246000000000004,-0.44038,-0.42641,-0.42346000000000006,-0.41539,-0.40817,nan,-0.40479,-0.3962,-0.38998,-0.3889,-0.38809,-0.38976,nan,-0.37504,-0.3579,nan,-0.36571,-0.37259000000000003,-0.35074,nan,-0.34401,-0.34476,-0.34029,nan,-0.31135999999999997,nan,-0.31867,-0.31717,-0.30951999999999996,-0.29791,-0.3082,nan,-0.27979,-0.28265,-0.28104,-0.27883,-0.29253,nan,-0.29896999999999996,-0.29972,-0.2857,-0.28005,nan,-0.30874,-0.30893000000000004,-0.3051,-0.31017,nan,-0.29803,-0.30768,-0.2988,-0.29096,-0.29941,nan,-0.28626999999999997,-0.30189,-0.29873,nan,-0.31858000000000003,nan,-0.3442,nan,-0.33275,-0.33539,nan,-0.33542,-0.335,-0.33326999999999996,-0.33651,-0.34536,-0.34521999999999997,nan,nan,-0.36130999999999996,-0.34489000000000003,-0.33408000000000004,-0.33797,-0.34758,-0.35364,-0.35269,-0.35903,nan,-0.3634,-0.37108,-0.37072,-0.37085999999999997,nan,nan,-0.36877,-0.37248000000000003,-0.36693000000000003,-0.36207,nan,nan,nan,-0.36691999999999997,-0.37168,-0.3797,-0.37509000000000003,-0.36806,nan,-0.3721,nan,-0.37990999999999997,-0.38859,-0.38072,-0.39215,-0.40002,-0.38088,-0.38195,nan,-0.40954,-0.40617,nan,-0.3999,-0.39511999999999997,-0.40410999999999997,-0.40713,-0.40863,nan,nan,-0.41798,-0.42606000000000005,-0.41828999999999994,-0.41067,-0.42567,nan,-0.43525,-0.44218999999999997,-0.44243000000000005,-0.44628,nan,nan,-0.46921,-0.48095,-0.4693,-0.47953999999999997,-0.49381,-0.49538999999999994,nan,nan,-0.51564,nan,-0.53414
4.0,0.32681,0.21169000000000002,0.30509000000000003,nan,0.28018000000000004,0.26298,0.25851999999999997,0.26892,nan,0.26918000000000003,0.27052,0.27068000000000003,0.26908000000000004,0.27132,0.26788,0.25768,nan,0.26142,nan,0.27398,0.26778,0.27074000000000004,0.25404,0.24716999999999997,0.25916999999999996,0.23181,0.21841999999999998,0.20145,0.1944,nan,0.18797,0.18144000000000002,0.1812,0.18265,nan,0.1707,0.16779000000000002,0.15420999999999999,nan,0.14849,0.1472,0.12875,0.12284,0.13914,0.12425,0.11835,0.1279,0.11152000000000001,0.10372,nan,nan,0.097987,nan,0.084089,0.08031100000000001,nan,0.07184700000000001,0.059365999999999995,0.038972,0.047686,0.04421,0.038014,0.03781,0.023118,nan,0.0036292,-0.0053764,-0.011734,-0.035075,-0.032126999999999996,-0.028625,nan,-0.052164999999999996,-0.060841,-0.060924,-0.070156,-0.072152,nan,nan,-0.10720999999999999,-0.11105999999999999,-0.10622000000000001,-0.12777,nan,-0.14294,-0.15573,-0.16995,-0.18764,-0.19425,-0.2044,nan,-0.20378,-0.2118,-0.22515,nan,-0.21988000000000002,-0.24796999999999997,-0.25861,-0.25829,nan,-0.26795,-0.28692,nan,-0.30828,-0.31337,-0.31425,-0.32784,-0.33538,-0.33534,-0.34376999999999996,-0.35454,-0.35761,-0.35791,-0.37682,-0.37312,-0.34346,-0.34717,-0.35695,-0.35811,-0.35369,-0.36835999999999997,-0.38211,-0.37789,nan,nan,nan,-0.40083,-0.3938,-0.38534,-0.39611,nan,-0.40426999999999996,nan,-0.42491,nan,-0.42103999999999997,-0.42353,-0.42312,-0.42149,-0.42628,-0.43408,-0.43496,-0.44519,-0.44442,-0.45242,-0.45578,-0.45936000000000005,-0.46883,-0.46679,-0.46811,nan,nan,-0.4858,-0.49117,-0.48021,nan,-0.48956000000000005,-0.48977,nan,-0.51103,nan,-0.50552,-0.52699,-0.52535,-0.52737,-0.54361,nan,-0.56618,-0.56171,-0.53361,nan,-0.55306,-0.5714199999999999,nan,-0.55743,nan,-0.5554100000000001,-0.57245,-0.57144,-0.5667300000000001,-0.58263,-0.59006,-0.60065,-0.59975,nan,nan,-0.5980300000000001,-0.60309,nan,-0.61868,-0.62315,nan,-0.63308,-0.65174,-0.6633,-0.66948,nan,-0.66819,-0.6657,-0.67852,-0.7006,-0.7104600000000001,-0.68787,-0.7007899999999999,-0.70912,-0.71135,-0.71985,-0.72134,-0.73146,-0.721,-0.72839,-0.74024,-0.7427600000000001,-0.73828,-0.7478199999999999,-0.7499600000000001,-0.74354,-0.7653399999999999,nan,-0.7845300000000001,-0.78442,-0.79209,-0.79573,-0.80071,-0.80575,nan,-0.81906,-0.82026,-0.81718,nan,-0.82531,-0.84754,-0.8338899999999999,-0.8334299999999999,-0.8526,-0.83242,-0.82893,nan,-0.84099,-0.8492200000000001,-0.8397600000000001,-0.8540399999999999,nan,-0.84245,-0.84041,-0.84755,-0.8567299999999999,-0.86498,-0.85749,-0.8688899999999999,-0.88518,-0.87529,-0.8850100000000001,-0.87572,-0.8790399999999999,-0.8850299999999999,-0.88728,-0.8967299999999999,-0.91055,-0.9178,nan,-0.92253,-0.9263100000000001,-0.9091799999999999,-0.9268299999999999,-0.92506,-0.9332299999999999,-0.9396100000000001,-0.93021,-0.94116,nan,-0.92215,-0.92564,-0.9139,-0.9167299999999999,-0.90471,nan,-0.9079200000000001,nan,-0.9152899999999999,-0.91164,-0.9051100000000001,-0.92532,nan,-0.9065200000000001,-0.9182899999999999,-0.92048,-0.90604,-0.91258,nan,-0.9166799999999999,-0.9169700000000001,-0.91859,-0.9188799999999999,-0.9075,nan,nan,-0.91354,-0.9203100000000001,-0.91276,nan,-0.9407399999999999,-0.92976,nan,-0.943,-0.9441700000000001,nan,-0.93981,nan,-0.9385,-0.9417700000000001,-0.95106,-0.94825,-0.9588700000000001,nan,-0.9322799999999999,-0.9479299999999999,-0.9615299999999999,-0.95063,-0.9416700000000001,-0.9385899999999999,-0.9486700000000001,nan,nan,nan,nan,-0.95185,-0.9519200000000001,nan,-0.9476600000000001,nan,-0.9345700000000001,-0.94401,nan,-0.93175,-0.9407399999999999,-0.9090799999999999,-0.92004,-0.9487399999999999,-0.94386,-0.9369700000000001,-0.9418700000000001,-0.9368799999999999,-0.9299200000000001,-0.93055,nan,-0.94965,nan,-0.93505,nan,-0.92053,-0.94048,-0.91871,nan,-0.94429,nan,nan,-0.93332,-0.9384100000000001,-0.9262600000000001,-0.9178799999999999,-0.9182600000000001,-0.92156,-0.8909799999999999,-0.8839600000000001,-0.87726,-0.8772200000000001,-0.88145,nan,-0.87534,-0.87484,-0.88059,-0.8923,-0.8960899999999999,-0.88899,-0.8861100000000001,-0.89631,-0.89631,-0.9065700000000001,-0.9085200000000001,-0.89686,-0.8931600000000001,-0.8978799999999999,-0.90955,-0.9020299999999999,-0.8964200000000001,-0.8968,nan,-0.8895700000000001,-0.89145,-0.8803200000000001,nan,-0.8835299999999999,-0.88608,-0.89694,nan,-0.88318,-0.8965299999999999,-0.87792,-0.8828299999999999,nan,-0.8739299999999999,-0.89754,-0.88689,-0.8836299999999999,-0.8865799999999999,-0.8828299999999999,nan,-0.8651399999999999,-0.86474,-0.8743299999999999,-0.86331,-0.85226,-0.85119,-0.8505,nan,-0.85024,-0.8508399999999999,-0.8504799999999999,-0.8407399999999999,-0.83124,-0.8220000000000001,nan,nan,-0.80916,-0.79433,-0.81211,nan,-0.7873600000000001,-0.79664,nan,-0.79088,nan,-0.779,-0.78375,-0.77373,-0.77547,nan,-0.76327,nan,-0.74912,-0.7582300000000001,-0.76367,-0.76207,-0.7520899999999999,-0.74348,nan,-0.75583,-0.74361,-0.74175,nan,-0.72865,-0.73177,-0.73158,nan,-0.71744,-0.7290399999999999,-0.72446,-0.7168,-0.71824,-0.70398,-0.69887,-0.6887,nan,-0.70487,-0.6532600000000001,-0.62884,-0.64431,nan,-0.6329899999999999,-0.6209399999999999,-0.61059,-0.61861,-0.62151,-0.61716,-0.6258199999999999,nan,-0.6194,-0.63466,-0.64459,-0.62348,-0.62437,-0.6429199999999999,-0.63537,-0.63142,-0.62993,-0.6343300000000001,-0.64418,nan,-0.62712,-0.63495,-0.62374,-0.61798,nan,-0.61793,-0.61169,-0.6216,-0.60351,-0.59485,-0.6066,-0.61075,-0.60672,-0.59672,-0.60112,-0.61174,-0.60219,nan,nan,-0.58017,-0.5678300000000001,-0.57208,-0.5877899999999999,-0.5661,nan,-0.55489,-0.56189,-0.5684100000000001,-0.56083,-0.5503100000000001,nan,-0.5452199999999999,-0.5562,nan,-0.54355,-0.55178,-0.54974,-0.5422100000000001,-0.54169,nan,-0.54566,-0.54609,-0.5330600000000001,-0.53386,nan,nan,-0.51855,-0.50941,-0.49928,nan,nan,-0.4917,-0.48783000000000004,-0.48313,-0.47561000000000003,nan,-0.47875,-0.47848,-0.46708999999999995,-0.48593000000000003,-0.48128000000000004,nan,nan,-0.47211000000000003,-0.46665,nan,-0.47841000000000006,-0.47693,-0.47605,nan,-0.43101000000000006,nan,-0.4492,-0.44716999999999996,-0.45746000000000003,-0.45581000000000005,-0.45946000000000004,-0.43827,-0.43809,-0.43812,-0.39905999999999997,-0.39175,-0.40193,-0.39158000000000004,-0.38736,-0.39986,-0.3941,-0.38752,-0.38956,nan,nan,-0.38092,-0.37939,-0.38033,-0.37786,-0.38045,-0.37682,-0.38294,-0.38948,nan,-0.37035,-0.35724,nan,-0.36361,-0.35341999999999996,-0.35666,-0.34249,-0.36183000000000004,-0.38138,-0.34822,-0.35536999999999996,-0.34255,-0.33739,-0.34131999999999996,nan,nan,nan,-0.33414,-0.33728,-0.31994,nan,-0.30055,-0.30216,-0.30073,-0.2906,-0.29104,-0.30164,-0.29474,-0.28642,-0.29688000000000003,-0.30169,-0.30217,nan,-0.3032,nan,-0.29798,-0.28239000000000003,-0.30730999999999997,-0.30726,nan,-0.31267,-0.30268,-0.31332,nan,-0.31373,-0.30951,-0.31943,-0.29447,-0.25355,-0.27242,-0.27065,-0.25895999999999997,nan,-0.26459,-0.27011,-0.26816,-0.26879000000000003,nan,-0.28206,-0.29088,-0.29181999999999997,-0.28805,-0.29778000000000004,-0.30111,-0.30321,-0.29873,-0.29225999999999996,-0.31383,nan,-0.29724,-0.30859000000000003,-0.27908,-0.25061,-0.26295,-0.26932,-0.27055,-0.28036,-0.28119,-0.28397,nan,-0.29572,-0.29191999999999996,-0.30367,-0.30236,-0.30280999999999997,nan,-0.30188000000000004,-0.30056,nan,-0.29895,-0.30583,-0.31263,-0.30313,nan,nan,-0.29923,-0.30225,nan,-0.31647,-0.31033,-0.30301999999999996,nan,-0.30591,-0.29599000000000003,-0.31787,-0.32313000000000003,-0.32713000000000003,-0.31817,-0.30321,nan,-0.32498,nan,-0.32779,-0.32729,nan,-0.33658000000000005,nan,-0.34694,-0.34734,nan,-0.36124,-0.32406999999999997,-0.29832,-0.31738,-0.3126,-0.32661999999999997,nan,-0.32337,-0.33252,-0.33519,-0.33211999999999997,-0.33825,-0.34686999999999996,-0.34578000000000003,-0.34697,-0.34669,-0.34533,-0.34631,-0.34368000000000004,-0.34707,-0.34418000000000004,-0.36464,nan,-0.35814,-0.37694,-0.37276,-0.371,nan,-0.37711,-0.38014000000000003,-0.38,-0.38077,-0.37937,-0.38850999999999997,nan,-0.39621999999999996,-0.39709,nan,-0.40481,-0.41313999999999995,-0.41298999999999997,-0.42096999999999996,nan,-0.41153,-0.42207,-0.43244,nan,nan,nan,-0.44572,-0.44328,-0.45228,-0.45551,-0.45892,-0.46886000000000005,-0.4675,nan,-0.48966000000000004,-0.48758,nan,-0.4992,-0.50344,-0.51274,-0.51113,-0.5241399999999999,-0.53395,-0.53187,-0.5422100000000001,nan,-0.54952,-0.5542600000000001,-0.55807,-0.56624,-0.55618,nan,-0.5752,-0.5782,nan,-0.58819,-0.59617,-0.58873,-0.59992,-0.58918,-0.5972,-0.5995199999999999,-0.60354,-0.6148899999999999,nan,nan,-0.63336,nan,-0.6429199999999999,-0.65927,-0.6673100000000001,-0.6600699999999999,-0.66933,nan,-0.69045,-0.69892,-0.6986399999999999,-0.7087600000000001,-0.69862,-0.70857,-0.7225199999999999,nan,-0.7210300000000001,-0.73356,nan,-0.7314,-0.74654,-0.75775,nan,-0.74385,-0.7584,nan,-0.7992600000000001,-0.80818,-0.80712,-0.80778,-0.8043100000000001,-0.81253,-0.8179,-0.8205100000000001,-0.8310299999999999,-0.83119,-0.8398399999999999,nan,-0.85421,-0.84086,-0.84901,-0.8614299999999999,-0.85115,-0.8641700000000001,nan,nan,-0.8813700000000001,-0.8905299999999999,-0.8946700000000001,-0.8950100000000001,-0.89469,-0.9101,-0.93035,-0.91704,-0.9416100000000001,nan,-0.9345,-0.94219,-0.93809,-0.9418200000000001,-0.9519299999999999,-0.96145,-0.9624,-0.9591700000000001,-0.96649,-0.97425,-0.9686799999999999,nan,-0.9757100000000001,nan,-0.9939899999999999,-1.0013,-1.0099,-1.0294,-1.0577,-1.0585,-1.0633,-1.0848,-1.0849,-1.0803,nan,-1.0903,-1.1005,nan,-1.1004,nan,-1.1284,-1.1152,-1.1317,-1.1312,-1.1288,-1.1368,-1.1404,nan,nan,nan,-1.1709,-1.1803,-1.199,-1.1811,nan,-1.2043,-1.2053,nan,nan,-1.2249,nan,-1.2177,-1.23,nan,nan,nan,-1.237,-1.2343,nan,-1.2474,nan,-1.2465,-1.249,-1.2604,-1.2599,-1.2579,-1.2641,-1.2735,-1.2623,-1.2817,-1.3015,nan,nan,-1.2711,-1.2825,nan,-1.2813,nan,-1.2933,-1.2902,-1.2818,nan,nan,-1.3038,-1.2949,-1.2893,-1.2906,-1.2926,nan,nan,-1.2931,-1.2892,-1.2926,-1.2839,-1.2807,nan,-1.2904,-1.2818,-1.2901,nan,-1.2812,-1.2831,-1.2937,-1.2868,-1.2805,-1.2934,nan,-1.2725,nan,-1.2842,-1.2685,-1.2539,nan,-1.2367,-1.2377,-1.2359,-1.2451,-1.237,nan,-1.2352,-1.206,-1.1576,-1.1725,-1.1518,nan,nan,-1.1320000000000001,-1.1389,-1.1345,nan,-1.1256,nan,-1.1144,-1.1098,-1.0944,-1.0896,-1.0743,-1.0546,-1.036,-1.0295,-1.0296,-1.0112,-0.99454,-0.99055,-0.97511,nan,-0.96859,-0.9394399999999999,nan,-0.92063,nan,-0.8994200000000001,-0.88899,-0.88092,-0.8695700000000001,-0.84903,-0.84259,nan,-0.7567699999999999,-0.73361,-0.7441399999999999,-0.71301,-0.69491,nan,-0.6648,-0.65645,-0.6275,-0.60823,-0.61364,-0.59626,-0.56718,nan,-0.5513399999999999,nan,-0.5121600000000001,-0.48867,nan,-0.47268000000000004,-0.45361999999999997,-0.42841999999999997,-0.42217,-0.40109,nan,-0.37226,-0.34672,-0.31759,nan,nan,-0.25065,-0.23649,-0.21648,-0.18507,nan,-0.1531,-0.11538,nan,nan,-0.035004,-0.005257199999999999,0.023109,nan,0.13719,0.1545,0.17178,0.20265,0.23285,0.25968,0.29796,0.36265,0.36834,nan,0.4275,0.44465,0.49028999999999995,0.51335,0.53245,0.5614899999999999,0.59692,0.64737,0.68099,0.69519,0.73741,nan,0.7971199999999999,0.82662,0.87476,0.9192299999999999,0.94173,0.96725,1.0124,1.0454,1.0765,1.1152,1.1441,1.1801,nan,1.2575,1.2995,1.3333,1.3632,1.4035,1.4322,1.4665,1.5198,1.5467,1.5699,1.6192,nan,1.7232,1.7412,1.7701,1.8049,nan,1.8846,1.9112,1.9486,1.9802,2.0522,2.0936,2.0918,2.1178,2.1717,2.2044,2.2230000000000003,2.2708,2.3165,2.3447,2.384,2.412,2.4574,nan,nan,2.5466,2.6087,2.6441,2.6404,2.693,2.736,2.7525,2.7715,nan,2.8378,2.8775,2.9073,2.8953,2.9308,2.9712,2.9739999999999998,2.9929,3.0087,3.0188,3.0291,nan,3.0259,3.0373,3.0343,3.0261,3.0288,3.0285,nan,3.0284,3.0380000000000003,nan,3.0184,3.0178,3.0135,3.0039999999999996,2.9946,2.9746,2.9632,nan,nan,2.9022,2.9098,2.9006,2.8688,2.8417,2.8217,2.801,2.7903,nan,nan,2.7372,2.7302,2.7185,2.6893,2.6689999999999996,2.6499,2.6338,2.6291,2.6116,2.5969,2.5856,2.556,2.5348,2.5256,2.5104,2.4848,nan,2.4723,2.439,nan,nan,2.4023,2.4017,2.3929,2.3619,2.3407,2.3341,2.3238,2.3142,2.3039,2.289,2.2565,2.2444,nan,2.2326,nan,nan,2.2042,2.1961,nan,nan,2.1436,2.1341,2.1247,2.1141,nan,2.0833,2.0838,2.0759,2.0726,2.0899,2.0717,2.0358,2.0395,nan,2.0085,2.001,1.9813,1.9655,nan,1.9471,1.9857,1.9738,1.9707,1.9699,1.9453,1.9398,1.9352,1.9106,1.9092,1.9072,1.8757,1.8739,1.8607,1.8453,1.8302,1.8,1.7975,1.784,1.7648,nan,1.7493,1.7331,nan,1.7181,1.722,1.7193,1.7094,1.709,1.7096,1.7088,1.7098,1.7065,1.6932,1.6868,1.6865,nan,1.6688,1.6487,1.6408,1.6412,1.6286,1.636,1.6298,1.5994,nan,1.5931,1.5806,1.5754,1.5808,1.5712,nan,1.5666,1.5572,1.5438,nan,1.5421,1.546,1.5412,1.5466,1.5417,1.5325,1.5822,1.5862,1.5669,1.5659999999999998,1.5687,nan,1.5304,nan,1.5122,1.5043,nan,1.4839,1.4877,1.4764,nan,1.4663,1.4666,1.4773,nan,1.4723,1.4647,nan,1.4639,nan,1.456,1.4373,nan,1.4214,1.4305,1.4322,1.421,1.4243,1.4231,1.423,1.4246,1.4155,1.4102,1.4141,1.4102,1.4143,1.41,1.3908,1.3912,1.3817,1.3803,1.3729,1.3716,1.3781,nan,1.3471,1.3482,1.3278,nan,1.3258,1.321,1.3078,1.3043,1.3135,nan,nan,1.3053,nan,nan,1.2891,1.2934,nan,1.2801,nan,nan,1.2589,1.2475,1.2344,1.2339,nan,1.2041,nan,1.1941,1.1916,1.1944,nan,1.1774,1.1675,nan,nan,nan,nan,1.1156,nan,nan,1.1029,1.104,1.093,nan,1.0842,nan,1.0773,1.0713,1.0705,1.0579,1.0484,nan,1.0381,1.0390000000000001,1.0339,1.0184,1.0206,1.01,0.9948899999999999,1.0055,0.98535,0.9738100000000001,0.96626,0.9604,0.96041,nan,0.9397,0.9385899999999999,0.9292100000000001,0.9285200000000001,0.9308200000000001,0.92284,nan,nan,0.9132100000000001,0.8929,0.88487,0.87505,0.87282,0.8715200000000001,0.84645,0.84262,0.83201,0.80462,0.82131,0.85016,0.86319,0.85467,0.8517,0.84545,0.82132,0.82245,0.8297200000000001,0.8184600000000001,0.80909,nan,0.79818,0.78691,nan,nan,0.75045,0.74147,nan,0.73097,0.7256100000000001,0.71094,0.71007,0.7056600000000001,0.6969,0.6846899999999999,0.6644,0.66403,0.6652899999999999,nan,0.66057,0.64947,0.6393300000000001,nan,0.5985699999999999,0.58903,0.578,0.5778399999999999,nan,0.564,0.56621,0.54995,nan,0.5325,0.53322,0.5274300000000001,0.5069100000000001,nan,0.47903999999999997,0.46779,0.4782,0.4657,0.45715,0.44713,0.44104,0.41527,0.39857,0.40097,0.38698,nan,nan,0.3687,nan,0.34939000000000003,0.34661,nan,0.31455,0.30358,0.31279,0.28353,0.26929000000000003,0.26594,0.24944000000000002,nan,0.24416,0.2346,0.2241,0.20382999999999998,0.1938,0.18417999999999998,0.18311,0.17489000000000002,0.15187,0.14943,nan,nan,0.13664,0.13683,0.13466,0.11235999999999999,nan,0.11563,nan,0.10372,0.08541900000000001,0.060023,0.07129400000000001,0.06093200000000001,0.043516,nan,nan,0.004418899999999999,-0.0053856,nan,-0.023165,-0.035815,-0.037536,-0.0416,-0.051417,-0.049832,-0.061602,-0.0819,-0.083189,-0.086824,-0.1027,nan,-0.11076,-0.12792,-0.12730999999999998,nan,-0.13815,-0.14321,-0.1549,-0.16345,-0.17393,-0.18442,nan,nan,nan,-0.20418,nan,-0.21578000000000003,nan,-0.21408000000000002,nan,-0.22701999999999997,-0.22684,-0.22321,-0.23624,nan,-0.23167,-0.25177,-0.2424,-0.23778000000000002,-0.24795,-0.25719000000000003,-0.26003000000000004,-0.25332,-0.27084,nan,-0.28279,nan,-0.29209,-0.30279,nan,-0.29798,-0.30113,-0.30713,-0.3102,-0.3021,-0.31513,-0.32528,-0.33626,nan,-0.30193000000000003,-0.32161,-0.29561,-0.26163000000000003,-0.25961,-0.27059,-0.27057,-0.26738,-0.27847,-0.2747,-0.26649,-0.26979000000000003,nan,-0.26993,-0.27015,-0.27865,-0.28894000000000003,nan,nan,nan,nan,-0.26857,-0.27045,-0.26954,-0.27813000000000004,-0.27641,-0.25774,nan,-0.28491,-0.27697,-0.27061,-0.28125,-0.27971,-0.29434,nan,-0.33048,-0.31223,-0.30563,-0.32592,-0.32571,-0.32838,-0.28046,-0.26394,-0.26963000000000004,-0.27321,-0.27828,nan,-0.28159,-0.27069,nan,-0.28255,-0.27817,-0.28091,nan,-0.27963000000000005,-0.26831,-0.27016,-0.28126999999999996,-0.27714,-0.29600000000000004,-0.29977,-0.31053000000000003,-0.32382,-0.31256,-0.31392,-0.30243000000000003,-0.3207,-0.31405,-0.28741,-0.30016,-0.31633,nan,-0.3153,-0.31522,-0.27442,-0.26675,-0.26452,-0.25348000000000004,-0.26021,-0.25571,-0.26032,-0.27038,-0.26004,-0.25595,-0.26103000000000004,-0.24843,nan,-0.25868,-0.25851,-0.25799,nan,-0.22664,-0.21756999999999999,-0.21083000000000002,-0.21654,-0.20844000000000001,-0.20275,-0.20235,-0.19275,nan,-0.19128,-0.1927,-0.18450999999999998,-0.18359,-0.19197,-0.17805,nan,nan,-0.18366,-0.17169,-0.17047,nan,-0.15717,-0.1592,-0.15966,-0.16016,nan,-0.1466,nan,-0.14659,-0.14751,-0.14748,-0.14748,nan,-0.12722999999999998,-0.12715,-0.1185,-0.11247,-0.11635999999999999,-0.11155999999999999,-0.10132000000000001,-0.093774,-0.094553,-0.094976,-0.085038,-0.080262,-0.08342000000000001,-0.08031,-0.08407,-0.08075399999999999,nan,-0.08214400000000001,-0.082878,-0.082979,-0.0757,-0.06980800000000001,-0.068885,nan,-0.061350999999999996,-0.071609,-0.07324,-0.061025,-0.061016999999999995,-0.053061000000000004,-0.050658,nan,-0.040224,nan,-0.029449,-0.034480000000000004,-0.04002,-0.038316,-0.033187,nan,nan,-0.039224,nan,-0.029032,-0.026763,-0.025391,-0.032889999999999996,-0.03599,-0.026585,-0.041063,-0.039748,-0.027201999999999997,nan,nan,nan,-0.029539999999999997,-0.023299,-0.016302,-0.028999999999999998,nan,nan,nan,-0.033375,-0.040238,-0.036222000000000004,-0.040533,-0.037538999999999996,-0.028158999999999997,-0.03013,nan,-0.012842,-0.0057968,0.0052529,-0.0040029,0.020231,nan,0.0038661000000000004,0.02289,0.037994,0.039521,0.042086,0.054877999999999996,0.059491999999999996,0.048017000000000004,nan,0.07270399999999999,0.061388,nan,0.06905599999999999,0.058204,0.061688,0.060154,0.07103999999999999,0.082836,0.073837,0.075807,0.097096,nan,0.10352,nan,0.10317,0.092886,0.09185700000000001,0.10065,0.11269000000000001,0.11678,0.11778,0.13022999999999998,0.12420999999999999,0.11462,nan,0.13842000000000002,0.13723,0.1335,nan,0.12843,0.12642,0.13738,0.14819000000000002,0.13764,0.1392,0.12855999999999998,0.13681,0.147,0.1215,0.12914,0.1473,0.13935,0.1271,0.13323,0.13942000000000002,0.13601,0.13838,0.13583,0.13649,0.1378,0.1254,0.1435,0.14405,0.13897,0.15170999999999998,0.14699,0.14801,0.14753,0.14818,nan,0.15563,0.1617,0.1574,0.14365999999999998,0.13760999999999998,0.14747000000000002,0.14767,nan,0.13915,nan,nan,0.13928,0.1481,0.16097,0.15092,0.13161,0.18928
7.0,-0.27702,-0.44614,nan,-0.36362,-0.4271,nan,-0.39239,-0.40231,-0.36813,-0.37177,-0.39624000000000004,-0.4,-0.37313,nan,nan,-0.36759000000000003,-0.36494,-0.33929000000000004,-0.34038,-0.3503,-0.33912,-0.33499,-0.33446,-0.32453000000000004,-0.32245999999999997,nan,-0.30946,nan,nan,-0.31039,nan,-0.30069,-0.294,nan,nan,-0.31132,nan,nan,-0.28646,-0.30826,-0.29211,-0.27205999999999997,nan,-0.26406,nan,-0.2806,-0.27359,-0.23955,-0.24308000000000002,nan,nan,-0.24793,-0.27544,nan,-0.26200999999999997,-0.24613000000000002,nan,-0.25213,-0.24745999999999999,nan,-0.24966,-0.24961999999999998,-0.27126,nan,nan,-0.25914,nan,nan,-0.27255,-0.27233,nan,-0.26481,nan,-0.2596,nan,-0.25037,-0.27235,-0.26588,-0.25044,-0.26199,nan,-0.2625,-0.25694,-0.2591,-0.24936,nan,-0.26302,nan,-0.26095,-0.25995,-0.27269,-0.26483,-0.24589,-0.24919000000000002,-0.25888,-0.24964,-0.24653000000000003,-0.26019000000000003,-0.27016,-0.26823,nan,-0.24581,-0.27134,-0.28586999999999996,-0.25328,-0.23016,-0.24934,-0.25695999999999997,-0.2582,nan,nan,-0.24297,-0.24339,-0.24946999999999997,-0.24379,-0.24716,-0.24694000000000002,-0.24494000000000002,-0.24602,-0.23592,-0.22696,-0.23903000000000002,-0.24715,-0.23429,nan,-0.26244,nan,-0.25031,-0.26887,-0.28553,-0.26646,nan,-0.24672,-0.24698,nan,-0.2459,-0.24694000000000002,-0.2461,nan,nan,-0.27259,-0.26106999999999997,-0.25608000000000003,nan,-0.2296,-0.255,nan,-0.24796999999999997,-0.25603000000000004,-0.2822,nan,nan,-0.25286,nan,-0.25901,-0.26884,-0.26500999999999997,nan,-0.24272,-0.25888,nan,nan,-0.26566,-0.26939,-0.25567,-0.25693,nan,nan,-0.27185,-0.25916999999999996,nan,-0.25448000000000004,-0.2352,nan,-0.23234000000000002,-0.23419,-0.2443,-0.24129,nan,-0.24498000000000003,-0.25303000000000003,nan,-0.22005999999999998,-0.22954000000000002,-0.23523000000000002,-0.23229,-0.24570999999999998,-0.25942,-0.25096,-0.24683000000000002,nan,nan,-0.21344000000000002,nan,-0.21261999999999998,-0.20942,nan,-0.19780999999999999,-0.19774,-0.20617,-0.19546,-0.19546,-0.18018,-0.15044000000000002,-0.1627,-0.18592,-0.16710999999999998,-0.12899000000000002,-0.11342999999999999,-0.12395,-0.12864,-0.11834000000000001,-0.10655999999999999,-0.10017000000000001,-0.10403,nan,-0.097463,-0.10780999999999999,nan,-0.096456,-0.091273,-0.10332999999999999,-0.07577,nan,-0.076055,-0.091462,-0.060953,-0.048585,nan,-0.038981,-0.040147,-0.030623,-0.013505000000000001,-0.024021,-0.013622,0.017878,0.024914,0.0348,0.037469999999999996,0.024922,0.034782,0.041096,0.040018,0.050823,0.052687,0.056344000000000005,0.065006,nan,0.07358300000000001,0.077818,nan,0.072085,0.083485,0.091273,0.11277999999999999,nan,0.10026,0.10214,0.11582999999999999,0.11714000000000001,0.11774000000000001,0.13614,0.15183,0.13464,0.11681,0.1271,0.13276,0.14565,0.16877999999999999,0.15537,nan,0.16752999999999998,0.17445,0.16576,0.17,0.16982,0.17222,nan,0.20684,nan,0.19227,0.21419000000000002,0.23501999999999998,0.21293,0.18944,nan,nan,nan,0.23689000000000002,nan,nan,0.21198000000000003,0.20756,nan,0.24791,0.24306999999999998,0.22185,0.2252,0.24284,nan,0.23842,0.22501999999999997,0.22239,0.23288000000000003,nan,0.23271999999999998,nan,nan,0.22737,0.21953000000000003,0.22014,0.22186999999999998,0.22296999999999997,nan,0.24831999999999999,0.23865999999999998,nan,0.24666999999999997,0.24103000000000002,0.22669,0.22003000000000003,0.21974000000000002,0.22910999999999998,0.2363,0.23342,0.23385999999999998,0.23508,0.23415,0.23428000000000002,0.2281,0.21738000000000002,0.22102,0.23359000000000002,nan,nan,0.22018000000000001,nan,nan,0.20899,0.22329000000000002,0.20945999999999998,0.21355,0.23356999999999997,0.21771,0.20776999999999998,0.22193000000000002,0.22157,0.22694,0.23506999999999997,0.22121999999999997,0.21015,0.20668000000000003,nan,0.20995,0.1933,0.1816,0.19337000000000001,0.19854000000000002,0.19036,0.19649,0.19755,nan,nan,0.1682,0.15512,nan,0.18229,0.16971,nan,0.18097,0.16824,0.17095,0.15767,0.1407,0.14259000000000002,0.13313,0.13945,0.17065999999999998,nan,0.13613,0.13238,0.13132,0.11815,0.12385,0.12968,0.11849000000000001,0.12433,0.1303,0.11732999999999999,nan,0.11431,0.1031,0.11335,nan,0.11375,nan,0.12429000000000001,0.1022,0.092271,0.114,0.11978,0.11879,0.11645,0.095707,0.097795,0.12142,0.11945,0.10815999999999999,0.10271,0.10382000000000001,nan,nan,0.084548,nan,nan,0.10894000000000001,0.10246,0.08454600000000001,0.073933,0.08250700000000001,nan,0.063868,0.07749400000000001,nan,0.069232,0.073826,0.096451,0.091097,0.081611,nan,0.079466,0.081427,0.067638,0.0718,0.090029,0.068989,0.040656,nan,0.078713,0.07086,nan,0.078085,0.073027,nan,0.069024,0.069266,0.043998,0.044537,nan,0.030425999999999998,nan,nan,0.041898000000000005,nan,0.046049,0.036841000000000006,0.016458,0.015843,0.010042,-0.011475,nan,nan,-0.028662,-0.03888,-0.03311,-0.042684,-0.052191999999999995,-0.039075,-0.044317,-0.06742000000000001,nan,nan,nan,-0.07874099999999999,nan,-0.096823,-0.10415999999999999,-0.11352999999999999,nan,-0.13339,-0.15565,-0.16278,-0.1353,-0.13394,-0.16532,-0.16147,-0.15788,nan,-0.21941999999999998,nan,-0.22205,-0.23212,-0.24029,-0.24891999999999997,-0.24628000000000003,-0.2336,-0.2399,-0.26466999999999996,nan,-0.26633,-0.28107,-0.29924,nan,-0.28231,-0.30814,-0.33602,-0.34471,-0.35581,nan,-0.34262,-0.32291,nan,nan,-0.38791,-0.3788,-0.37817,-0.40923000000000004,-0.41947,-0.41222,-0.41591999999999996,-0.41398999999999997,-0.41858999999999996,-0.42736999999999997,-0.41765,-0.40918000000000004,-0.42108999999999996,nan,-0.45169,-0.45511999999999997,nan,-0.48033000000000003,-0.46562,-0.4743,-0.49287,-0.48111000000000004,-0.48157,-0.49336,nan,-0.49405,-0.48212,nan,-0.47539,-0.47798,-0.4819,-0.50455,-0.50152,nan,nan,-0.51685,-0.51222,-0.50152,-0.49328,-0.48623,-0.5011800000000001,-0.5032300000000001,-0.49013999999999996,nan,nan,-0.49301999999999996,-0.50771,nan,nan,-0.50271,nan,-0.50156,-0.52018,-0.55202,-0.5512100000000001,-0.54446,-0.5666,-0.5774100000000001,-0.5593100000000001,-0.54399,nan,-0.5453100000000001,-0.54081,nan,-0.53514,-0.54965,-0.55779,-0.5565,-0.55974,-0.57468,-0.58301,-0.57811,-0.5906100000000001,-0.6106199999999999,nan,-0.60651,nan,-0.60954,-0.60846,-0.60848,-0.62643,-0.64704,-0.6327699999999999,-0.62138,nan,-0.6625,-0.65159,-0.64793,-0.65813,-0.66785,-0.67653,-0.68829,-0.69625,-0.6989,-0.6992,-0.7094,-0.72925,-0.74057,-0.73963,nan,-0.75579,-0.74661,-0.74825,-0.7731399999999999,nan,-0.7658,-0.78703,-0.78578,-0.79964,nan,-0.82845,-0.81525,-0.8624799999999999,nan,-0.8609600000000001,-0.85844,-0.8806200000000001,nan,-0.90005,-0.92304,-0.9329799999999999,-0.92896,nan,-0.93399,-0.92596,-0.9458700000000001,nan,-0.9650700000000001,-1.0058,-1.0219,-0.9987299999999999,nan,-0.99418,nan,-1.0333,-1.0352,-1.0437,nan,nan,nan,-1.0921,-1.1011,-1.1066,-1.1195,-1.1288,-1.1203,-1.0964,-1.0885,-1.1122,-1.1341,-1.1392,-1.1406,nan,nan,-1.1644,-1.1547,-1.1416,-1.1388,nan,-1.1773,-1.1775,-1.1832,-1.2054,-1.2082,-1.1963,-1.1909999999999998,-1.1904,-1.2014,nan,-1.2326,nan,-1.2046,nan,nan,nan,-1.2294,-1.2057,-1.2215,nan,-1.2286,-1.2306,-1.2331,-1.2274,-1.2328,nan,-1.2197,-1.22,-1.2317,-1.2277,-1.2386,nan,-1.2564,-1.2577,-1.2505,nan,-1.2387,-1.2392,-1.2151,nan,nan,-1.26,-1.2469,-1.2174,-1.2277,-1.2452,nan,-1.2295,-1.227,nan,-1.2342,-1.2499,-1.2416,nan,-1.2342,nan,nan,-1.2436,-1.251,-1.2535,-1.2334,-1.2347,nan,nan,nan,-1.2389,-1.2335,nan,-1.2503,nan,-1.2449,-1.2329,-1.234,-1.2462,-1.2455,-1.2493,nan,nan,-1.2813,-1.2821,-1.2830000000000001,-1.2844,-1.2719,-1.2701,-1.286,-1.2955,-1.2956,-1.2947,nan,nan,-1.3317,-1.3333,-1.3321,-1.3525,-1.3535,-1.3219,-1.3041,-1.3215,-1.3552,nan,-1.3425,-1.3614,-1.3877,-1.3729,-1.3881,-1.4143,-1.4022,-1.3965,nan,-1.4022,-1.4304,-1.4409999999999998,-1.4392,-1.4637,-1.4709999999999999,-1.4557,-1.4691,nan,-1.4989,-1.4869,-1.5033,-1.5239,-1.5267,-1.5305,-1.55,-1.5613,-1.5466,-1.5431,-1.5677,-1.5888,-1.5946,nan,-1.6094,-1.6027,-1.6086,nan,-1.5972,-1.6143,-1.6446,-1.6348,-1.6406,-1.6743,-1.6739,nan,nan,-1.6861,-1.6941,-1.723,-1.7382,-1.736,-1.74,-1.7509,-1.7507,-1.7382,-1.7352,nan,-1.7437,-1.7638,-1.776,-1.7764,-1.7897,nan,-1.7839,-1.7614,nan,-1.7906,-1.7903,-1.7872,-1.791,-1.8216,-1.8434,nan,-1.8055,-1.8424,-1.8348,-1.8193,-1.8296,-1.8388,-1.8553,-1.8652,-1.8545,-1.8505,-1.8548,-1.8522,-1.8536,-1.86,-1.8665,-1.8664,-1.8639,-1.8636,-1.8462,-1.8398,-1.8668,-1.8777,-1.8652,-1.8642,nan,-1.8678,-1.8801,-1.8703,-1.8592,-1.8527,nan,-1.8656,nan,nan,-1.8672,-1.8777,nan,-1.8661,nan,-1.837,-1.8556,nan,-1.864,-1.8649,nan,-1.8491,-1.8564,-1.8674,-1.8669,nan,-1.8515,-1.8425,-1.8397,-1.8678,-1.8788,-1.8467,-1.8368,-1.8379,-1.8283,-1.8295,-1.8145,-1.8015,-1.8046,-1.7747,-1.7647,nan,-1.7634,-1.7435,-1.7647,-1.7467,-1.7119,-1.7119,-1.7123,nan,nan,-1.6697,-1.6496,-1.6378,-1.6496,-1.6469,-1.6149,-1.5984,-1.5905,nan,-1.5586,-1.5478,nan,-1.5089,-1.489,-1.4735,nan,-1.4429,-1.4107,-1.4139,nan,-1.3812,-1.359,nan,nan,-1.3368,-1.3223,nan,nan,nan,-1.2475,-1.2217,-1.2171,-1.2166,-1.1877,-1.1638,-1.1672,nan,-1.1216,-1.1089,-1.0974,-1.0681,-1.0474,-1.0239,-0.99898,-0.9965200000000001,nan,-0.9507200000000001,-0.9225,-0.9099,-0.9041100000000001,-0.8945700000000001,-0.86618,-0.83839,-0.82694,-0.81852,-0.79405,-0.76279,-0.75135,nan,-0.71745,-0.6944,nan,-0.67088,-0.65036,-0.63358,nan,-0.57521,-0.54587,-0.50863,-0.48258,nan,-0.46468999999999994,-0.43631000000000003,-0.40054,-0.38488,-0.37683,-0.34184000000000003,-0.30189,-0.28239000000000003,-0.26369000000000004,-0.24065999999999999,-0.22851,-0.20776999999999998,nan,-0.12272999999999999,-0.1148,-0.08707999999999999,-0.042929,-0.040796,-0.025491999999999997,0.037548000000000005,0.06005599999999999,0.07293,nan,nan,0.13639,nan,0.24761999999999998,0.2456,0.24911999999999998,0.257,nan,nan,0.33993,0.36812,0.39839,nan,0.4678,0.44636000000000003,0.45698999999999995,0.52883,nan,0.54448,0.57857,0.64555,0.6632399999999999,0.66666,nan,nan,nan,nan,0.79063,0.8203600000000001,0.8436299999999999,0.8568899999999999,0.8649,0.8947799999999999,0.9369700000000001,nan,0.9767600000000001,1.0005,1.0141,1.0315,1.0762,1.1201,1.1559,1.1881,1.1917,1.1964,1.217,nan,1.2656,nan,nan,nan,nan,nan,1.4027,1.4196,nan,1.4471,1.4644,1.4877,1.5166,nan,1.5217,1.5477,1.5756,1.5978,1.6122,nan,1.6245,1.6132,1.6083,1.6097,nan,1.6005,1.6213,nan,nan,1.6596,1.6474,1.6527,1.6594,1.6458,1.6442,nan,1.6469,1.6577,1.67,1.672,1.6580000000000001,1.6451,1.6552,1.6575,1.6465,1.6548,1.6581,1.6451,1.6447,1.6479,1.6456,1.6463,nan,1.6441,1.6302,1.6194,1.6361,nan,1.6218,nan,1.6301,1.6155,nan,1.6121,1.6176,1.5945,1.6005,1.6106,1.5887,1.5795,1.5931,1.5906,1.5812,1.5822,nan,nan,1.57,1.5603,1.5559,1.5555,1.5445,1.544,nan,nan,1.5333,1.5185,1.5045,1.5175,nan,nan,1.4893,1.4989,1.4802,1.4793,1.4908,nan,1.4764,1.4778,1.4637,1.4401,1.4418,nan,1.4675,nan,1.4645,1.4664,1.4589,1.4521,1.4617,1.4714,nan,1.4391,1.4413,1.4299,1.4297,1.4606,1.4714,1.4579,1.4524,1.4522,1.4538,1.4503,1.4398,nan,1.4629,1.4786,1.4709999999999999,1.4506,1.4581,1.4655,1.443,1.4472,1.4651,1.4541,1.4624,1.4812,1.4654,1.4509,1.4579,1.4653,1.4657,nan,1.4528,1.4644,1.4691,1.455,1.4551,1.4753,1.4755,1.4565,1.4528,1.4699,nan,1.4893,1.4785,1.4825,1.4963,1.49,1.4771,nan,1.4909999999999999,1.4902,1.5017,1.5005,1.4911,nan,1.5299,1.5276,1.5288,1.5397,1.5435,1.5429,1.5435,1.5372,nan,nan,1.5225,1.5391,nan,1.5301,1.5358,1.5443,1.5428,1.5584,1.5818,1.5781,1.5587,1.5526,1.5601,nan,1.5638,1.5428,1.5474,1.5684,1.5618,1.5559,nan,1.5425,1.5549,1.5705,1.558,1.5419999999999998,nan,1.5207,1.5641,1.5555,1.5235,1.5289,1.5232,1.5205,1.5455,1.5385,1.507,1.5090000000000001,1.518,1.4922,1.4686,1.4811,nan,nan,1.4954,1.4913,1.4671,1.4714,1.4751,1.4442,1.4389,1.46,nan,1.4303,1.4241,nan,1.4267,1.4187,1.4096,1.4132,1.4240000000000002,1.4266,1.4263,1.4266,1.4173,1.4133,1.4271,1.4222,1.3869,1.3763,1.3991,1.3993,1.3739,1.3603,1.3604,1.3619999999999999,nan,1.3495,nan,1.3585,1.3758,1.3671,1.3411,1.3384,1.3489,1.341,1.3328,nan,nan,1.3103,nan,nan,nan,1.3028,1.3094,1.3084,1.3138,1.2996,1.284,1.3029,1.3093,1.294,1.2961,1.2993,1.2977,1.3103,1.3135,nan,1.3008,1.3097,1.2924,1.2837,1.2988,1.2999,1.2933,1.3009,1.3089,1.3097,nan,nan,1.3003,1.2918,1.3032,1.3093,1.2977,1.3036,nan,1.297,1.311,1.3236,1.3090000000000002,nan,nan,nan,nan,1.3142,nan,1.3493,1.3495,1.3529,nan,1.3515,nan,1.3611,1.374,1.3629,1.3619999999999999,1.3585,1.3588,1.39,nan,1.3872,1.4056,1.4197,1.4091,nan,1.4235,1.4267,1.4258,nan,1.4312,nan,1.4525,nan,nan,nan,1.4092,1.4304,1.4404,nan,nan,1.4533,1.4535,nan,1.4653,1.4665,1.4781,1.4797,nan,1.4968,1.506,nan,1.4787,1.4917,1.4919,nan,1.5085,1.5173,1.5129,1.4946,nan,1.5138,1.5148,1.5011,1.5038,1.5062,nan,1.5043,1.4952,1.4835,1.4998,nan,1.5005,nan,1.5082,1.5092,nan,nan,1.5176,1.5048,1.5152,1.5291,1.5077,1.5063,nan,1.5172,1.5075,1.4972,1.4911,1.5021,1.5143,1.5174,nan,1.4884,nan,1.5154,1.4822,1.4558,1.4502,1.4378,1.4349,nan,nan,1.4415,1.4240000000000002,1.431,1.4231,1.4021,nan,1.4099,1.3884,1.3769,1.3688,nan,1.3612,1.3589,1.3644,1.3611,nan,1.3181,nan,1.2628,1.2571,nan,nan,nan,1.2575,1.2363,1.1975,1.1735,nan,nan,1.1707,1.1567,1.157,1.168,1.1441,1.1245,1.1425,1.1463,nan,1.1122,nan,1.0591,1.0492,1.0493,1.0298,1.0145,1.0093,0.98666,0.9632200000000001,nan,0.95815,nan,0.9192100000000001,0.90248,0.89476,0.89845,0.88194,0.8493299999999999,0.83149,0.82896,0.82914,0.80232,0.7582300000000001,0.76289,nan,0.7741899999999999,0.71701,0.69735,0.6995,0.69097,0.68765,0.68686,0.67597,0.66798,0.6514800000000001,0.62007,0.60017,0.58733,0.56352,0.54506,0.5451600000000001,0.5403100000000001,nan,0.48662,0.46484,0.45073,0.44122,0.43327,0.41984,nan,nan,nan,0.40276999999999996,nan,0.33321,0.34513,0.33314,nan,0.30362,0.26828,0.23331,0.24338,0.2425,0.21591,0.21783000000000002,0.22938000000000003,nan,0.18099,nan,0.184,0.16019,0.12136,0.097969,nan,0.07813300000000001,0.086562,0.09454,0.068964,0.050935,0.073547,nan,0.049636,0.033372000000000006,0.00086908,-0.0099465,0.012463,0.0025217,-0.028277999999999998,nan,nan,-0.06275800000000001,-0.051535000000000004,-0.07778,-0.090393,-0.087157,nan,-0.099859,-0.11865999999999999,-0.13062,-0.11702,nan,nan,nan,-0.13041,nan,nan,-0.15637,-0.18467,-0.20329,-0.20761,-0.21839,-0.2286,-0.23294,-0.21858000000000002,nan,-0.23069,-0.26255,nan,-0.24445999999999998,-0.27124000000000004,nan,-0.25429,-0.28386999999999996,-0.31456,-0.30036999999999997,-0.2899,nan,-0.3244,-0.3232,nan,-0.34159,-0.35076999999999997,-0.34078,-0.33478,-0.35486,-0.37421,-0.37216,-0.3796,nan,-0.37575,-0.38534,-0.42227,-0.43965,-0.43976000000000004,nan,nan,nan,nan,-0.44472,-0.46558999999999995,-0.46579,nan,-0.47944,nan,-0.49071000000000004,-0.507,nan,-0.5070899999999999,-0.49688000000000004,-0.49368999999999996,nan,-0.51631,nan,-0.55612,-0.55911,-0.55619,-0.55609,-0.5433399999999999,nan,-0.57231,-0.57098,-0.58568,-0.59943,-0.5946,nan,-0.59475,-0.5967899999999999,-0.60978,-0.6108,-0.60438,nan,-0.62139,-0.62107,-0.62231,-0.6227699999999999,-0.61058,-0.61015,-0.62558,-0.63508,-0.63518,-0.63369,nan,-0.63622,-0.63112,-0.63855,-0.6482399999999999,nan,-0.61627,nan,-0.63243,nan,-0.6470100000000001,nan,-0.62251,-0.62393,-0.63747,-0.6464300000000001,-0.64272,-0.62961,-0.62284,-0.62946,-0.63777,-0.63393,-0.62336,-0.62369,nan,-0.64841,-0.63512,-0.63774,-0.63192,nan,-0.64003,-0.64073,-0.6229600000000001,-0.6398,-0.6424300000000001,-0.61679,-0.61962,nan,-0.63259,-0.62185,-0.60761,-0.61864,-0.63853,nan,-0.62597,-0.6159600000000001,-0.6089600000000001,-0.60812,-0.60742,-0.60907,nan,-0.60541,-0.6119100000000001,-0.60709,-0.5937899999999999,-0.60614,-0.60211,-0.5832,-0.59267,-0.58344,nan,-0.5651,-0.57189,-0.54586,nan,nan,nan,nan,-0.5414800000000001,-0.54083,-0.52204,-0.51954,-0.52023,-0.51342,-0.52171,-0.53133,-0.52052,-0.5193300000000001,-0.51852,-0.49565,-0.4946,-0.50572,-0.49412,-0.48808,-0.49256000000000005,-0.49267,-0.50088,-0.50931,nan,-0.47046000000000004,-0.44236000000000003,-0.44146,-0.43899,nan,-0.43553000000000003,-0.43656000000000006,-0.42745,-0.43873,nan,-0.39899999999999997,nan,nan,nan,-0.40294,nan,-0.35219,-0.3492,-0.34804,nan,-0.35383000000000003,-0.33755999999999997,-0.35405,nan,-0.34668000000000004,-0.33849,nan,nan,-0.32354,-0.30848000000000003,-0.32300999999999996,nan,-0.31283,-0.31248000000000004,-0.32618,-0.30861,-0.29594000000000004,-0.29891999999999996,-0.27528,-0.26928,-0.31096,-0.31601,-0.28235,-0.28114,-0.28733000000000003,-0.28371,-0.28573000000000004,-0.2756,-0.26735,nan,nan,-0.23888,-0.24508000000000002,-0.23412,-0.23901,-0.25029,-0.24504,-0.24528000000000003,-0.24351,-0.22516999999999998,-0.23417,-0.25275,-0.21841999999999998,-0.19616,-0.23925,-0.25149,-0.21823,-0.22155,-0.2443,-0.23683,-0.21464,-0.20686,-0.2067,-0.20464000000000002,-0.20761999999999997,-0.21646999999999997,-0.22223,-0.2168,-0.20764000000000002,-0.20486,-0.20624,-0.20719,-0.21519000000000002,nan,-0.23383,-0.23415,-0.23223000000000002,nan,-0.2013,nan,-0.23312,-0.18234,-0.21661999999999998,nan
3.0,-0.25997,nan,nan,-0.36656,-0.44106000000000006,-0.44431000000000004,-0.39414,nan,-0.4035,-0.39013000000000003,-0.38343,-0.38882,-0.41125,-0.41008,nan,-0.35821,-0.37046999999999997,-0.38919000000000004,-0.37764000000000003,-0.35029,-0.34347,nan,nan,-0.39025,-0.38604,-0.37361,nan,-0.3875,-0.37728,nan,-0.37873,-0.37656999999999996,-0.34507,nan,-0.38818,-0.37156999999999996,-0.34362,-0.34657,-0.37471,-0.40884000000000004,-0.38744,-0.33339,nan,-0.38363,-0.37533,nan,nan,-0.38677,nan,-0.37233,nan,-0.36101,-0.35902,-0.38067,-0.38869000000000004,-0.36607,-0.35836,-0.37481,-0.36844,-0.34433,nan,nan,-0.35307,-0.36415,-0.386,-0.37753000000000003,-0.37513,-0.38766,nan,-0.35318,-0.3598,-0.34883000000000003,nan,-0.36408,-0.38459,-0.38295999999999997,-0.36746999999999996,-0.35893,-0.36674,-0.37414000000000003,-0.37471,-0.37269,-0.37356999999999996,-0.38974000000000003,-0.40314,-0.3856,-0.37315,-0.38516999999999996,-0.38135,-0.36996,nan,-0.37233,-0.37759000000000004,nan,-0.40802,-0.38656,-0.39016,-0.41323999999999994,-0.40953,-0.39964,-0.40214,-0.39138,-0.38509,-0.38789,-0.3816,-0.39755,-0.41726,-0.41335,-0.42836,-0.44435,nan,-0.43082,-0.42428999999999994,-0.40285,-0.41347,-0.43972,-0.44498999999999994,-0.44298000000000004,-0.44168,-0.44556999999999997,-0.45673,-0.45298,-0.44108,-0.44308000000000003,nan,-0.44098999999999994,-0.44456,nan,-0.45916999999999997,-0.45906,-0.44845,-0.43599,-0.4486,-0.47123999999999994,nan,-0.45616,-0.45921000000000006,nan,-0.44214,nan,-0.46418999999999994,-0.44848000000000005,-0.4633,-0.49711000000000005,-0.501,nan,-0.52915,-0.51781,-0.49735,-0.5149600000000001,-0.5383,-0.5443899999999999,nan,-0.5119,-0.5321199999999999,-0.56402,-0.57213,nan,-0.5499,-0.53003,-0.55513,nan,-0.5613,-0.55661,-0.5585600000000001,-0.5616300000000001,-0.58103,-0.5906100000000001,-0.58681,-0.58781,-0.5844,nan,-0.61643,-0.62127,-0.60964,nan,-0.60906,nan,-0.62902,-0.61655,-0.6279,-0.64736,-0.63431,-0.6196,nan,nan,nan,-0.62316,nan,-0.64561,nan,-0.64271,-0.63042,-0.63726,-0.6452399999999999,nan,-0.68615,-0.67233,-0.64625,-0.67404,-0.68496,-0.65693,-0.6653100000000001,-0.6844100000000001,-0.66652,-0.64623,nan,-0.6662899999999999,-0.68775,-0.69938,-0.6986600000000001,-0.68734,-0.67453,-0.67618,-0.6904399999999999,-0.7006100000000001,nan,-0.72195,-0.7326,-0.72036,nan,nan,-0.7337100000000001,nan,nan,-0.74334,nan,-0.74595,-0.75589,-0.77286,-0.7672899999999999,-0.74798,-0.74936,-0.76618,-0.77528,-0.7660100000000001,-0.7457699999999999,-0.75005,nan,nan,nan,-0.77584,-0.76866,-0.77966,-0.79025,nan,nan,-0.78965,-0.77746,nan,-0.77376,-0.77242,-0.78823,-0.80752,-0.81677,-0.8214600000000001,-0.80372,nan,nan,-0.7943399999999999,nan,-0.8227399999999999,-0.8402799999999999,-0.84856,-0.84996,-0.81403,-0.80833,nan,nan,-0.80181,-0.8205600000000001,nan,nan,-0.8312200000000001,-0.83219,-0.82588,nan,-0.86041,-0.8539,-0.84072,-0.8475600000000001,-0.8468,nan,-0.8638,-0.8658899999999999,-0.8441799999999999,-0.85144,-0.8738799999999999,-0.858,-0.8422200000000001,-0.84714,-0.8421,nan,-0.8609,-0.8350799999999999,-0.83794,-0.8639100000000001,-0.86179,-0.86408,-0.87424,-0.86311,nan,nan,-0.84759,-0.8378700000000001,nan,-0.8743299999999999,-0.8536,-0.8357700000000001,-0.85164,-0.8724700000000001,-0.8692200000000001,-0.8538600000000001,-0.84685,-0.85916,-0.88236,-0.87354,nan,-0.8357399999999999,-0.8654200000000001,nan,-0.8710100000000001,-0.87336,-0.8632799999999999,-0.85861,-0.88392,-0.8762,-0.83096,nan,-0.8905299999999999,-0.8684299999999999,-0.85905,-0.8755299999999999,-0.86388,-0.85736,-0.8578100000000001,-0.84706,-0.8597600000000001,-0.8768299999999999,-0.86126,-0.84415,-0.85039,-0.86231,-0.86205,-0.85641,-0.8617,-0.8509700000000001,-0.8249299999999999,-0.8428100000000001,-0.8625,-0.82639,-0.8226100000000001,-0.8640000000000001,-0.85664,nan,-0.8518100000000001,-0.8638,-0.84073,-0.83081,-0.8452700000000001,-0.84878,-0.8402299999999999,-0.8327,-0.8274100000000001,-0.8371,-0.84685,-0.84444,-0.8523200000000001,-0.86034,-0.8487399999999999,-0.8406399999999999,-0.8490700000000001,-0.8612700000000001,nan,-0.8525,-0.8471799999999999,-0.8484,-0.8322799999999999,nan,-0.80575,-0.79938,-0.82837,-0.84905,-0.81186,-0.81011,-0.83288,-0.7984,-0.7931199999999999,-0.81823,-0.80523,-0.80723,-0.79504,-0.7590399999999999,-0.7911600000000001,-0.81401,-0.77696,-0.78498,-0.80728,nan,nan,nan,-0.77317,-0.78315,nan,-0.78383,-0.77486,-0.77337,-0.77263,-0.7754,nan,-0.74703,-0.74864,-0.77035,-0.76481,-0.74246,-0.7438100000000001,-0.74861,-0.74466,-0.7584,-0.76193,nan,-0.70372,-0.73351,-0.7467199999999999,-0.73001,nan,-0.7587,-0.75641,-0.74758,nan,-0.72424,-0.71791,-0.7256100000000001,-0.73074,-0.71583,-0.6843,nan,nan,-0.68388,-0.6856800000000001,-0.66727,nan,-0.6614300000000001,nan,-0.64635,-0.6532899999999999,-0.66173,nan,-0.65783,-0.66079,-0.6573,-0.64677,-0.64136,-0.6459600000000001,-0.64644,-0.63358,-0.6293300000000001,-0.64725,-0.6604300000000001,-0.64762,-0.62726,nan,nan,-0.65447,-0.66364,-0.62044,-0.60048,-0.6312300000000001,nan,-0.61825,-0.61858,-0.6198100000000001,-0.6094,-0.62184,-0.6330600000000001,-0.60921,nan,-0.61836,-0.59604,-0.58845,-0.60349,-0.5747399999999999,nan,-0.564,-0.57492,-0.55919,-0.5395800000000001,-0.53094,-0.53101,nan,-0.53117,-0.55083,-0.5617300000000001,-0.56024,-0.55076,-0.5313100000000001,-0.53352,-0.54661,-0.5264,-0.51603,nan,-0.5202399999999999,nan,-0.53174,-0.51225,nan,nan,-0.5140100000000001,-0.5102800000000001,-0.47608,-0.45547,-0.49051000000000006,-0.4925,-0.44641000000000003,-0.45235,-0.48481,-0.47218999999999994,-0.45543999999999996,-0.46625,-0.47291000000000005,-0.46166,-0.45274,-0.46134,-0.46096000000000004,-0.44326000000000004,-0.44863000000000003,-0.45988999999999997,-0.44553999999999994,-0.44751,-0.45921999999999996,-0.44709,-0.44136000000000003,-0.44251,-0.43188000000000004,-0.43463,-0.44573,-0.445,-0.44317,-0.43973,-0.43128999999999995,nan,-0.42682,nan,-0.41208,nan,-0.42873,-0.42938000000000004,-0.44328,-0.43523,-0.41733000000000003,-0.41776,-0.40308,-0.38739,-0.40797,-0.41600000000000004,-0.39676999999999996,-0.38763000000000003,-0.37938,nan,-0.36065,-0.35108,-0.3701,-0.3876,-0.36588000000000004,-0.35469,-0.35898,-0.35598,nan,-0.38569000000000003,nan,-0.35157,-0.36032,-0.34619,-0.3194,-0.31721,nan,-0.34102,nan,-0.34251,nan,nan,-0.32897,-0.31866,-0.30827,nan,-0.31694,-0.28474,nan,-0.34639000000000003,-0.31656999999999996,-0.27843,-0.29373,-0.3154,-0.31005,nan,-0.28786999999999996,-0.28654,-0.28452,-0.28806,-0.28894000000000003,nan,-0.29134,-0.31476,-0.3033,-0.28198,-0.28623000000000004,-0.2883,-0.28485,-0.28806,-0.28596,-0.28675,-0.28694000000000003,-0.28445,-0.29099,-0.28160999999999997,-0.25918,-0.26302,-0.27284,-0.27260999999999996,nan,-0.28056,-0.25748000000000004,-0.25179,-0.26509,-0.27255,-0.26253000000000004,-0.2434,nan,-0.25891,-0.23884,nan,-0.24509,nan,-0.24506,-0.25931,nan,nan,-0.24236,-0.23179,-0.22503,nan,-0.24411999999999998,-0.25149,nan,-0.25825,-0.24461999999999998,-0.24781,-0.25832,-0.24871999999999997,-0.23323000000000002,-0.22938000000000003,-0.24097,-0.26374000000000003,-0.26928,-0.24645999999999998,-0.22704000000000002,nan,-0.2595,-0.25433,nan,-0.21866,nan,-0.25756999999999997,-0.23698000000000002,-0.22987,-0.23651,-0.2463,-0.23046999999999998,-0.19924,nan,-0.22985,-0.21541999999999997,-0.22311999999999999,-0.22583000000000003,-0.20185,-0.21336999999999998,nan,-0.21655,-0.21946999999999997,nan,-0.23014,-0.22931999999999997,-0.22011,-0.1971,-0.20581999999999998,nan,-0.23723000000000002,-0.20385,-0.19954000000000002,-0.22476,nan,-0.21705,-0.21128000000000002,-0.19865,-0.18533,-0.19178,nan,-0.16915999999999998,nan,-0.21186999999999998,-0.18882000000000002,-0.19339,-0.19521,-0.17265,nan,-0.19588,-0.20082,-0.20134000000000002,-0.19162,-0.18677,-0.1885,-0.17465999999999998,-0.17632,-0.20082,nan,-0.17495,-0.17359000000000002,-0.17504,-0.16207,nan,-0.16978,nan,-0.19030999999999998,-0.18967,-0.15696,-0.1405,-0.17442,-0.2013,-0.18725,-0.17175,-0.17231,-0.16537000000000002,nan,nan,-0.15696,-0.159,-0.1727,-0.17574,-0.16501,-0.1582,-0.15685,-0.15641,-0.15871,-0.16947,nan,-0.14820999999999998,-0.1413,-0.16689,-0.16278,-0.13087000000000001,nan,-0.13047,-0.13072,-0.14009000000000002,-0.14239000000000002,-0.14472000000000002,-0.15691,-0.15095999999999998,-0.13955,-0.1435,-0.14319,-0.14212,-0.14368,-0.13324,-0.1259,-0.13097999999999999,-0.13124,-0.12162,-0.11262,-0.11459000000000001,-0.11782999999999999,-0.11044000000000001,-0.11596,-0.13007,-0.12047999999999999,-0.11678,nan,-0.11381,-0.10156,-0.12628,-0.12107000000000001,-0.09146,-0.099148,-0.11553,-0.10844000000000001,nan,-0.10876,-0.11947,-0.11309000000000001,-0.10038,-0.10567,-0.11767000000000001,-0.12850999999999999,-0.12916,-0.099922,nan,-0.10935,-0.10829000000000001,-0.10215,-0.1261,-0.11456,-0.08177000000000001,-0.094682,-0.10687,-0.09755599999999999,-0.11306,-0.12538,-0.097811,nan,-0.080229,-0.08408600000000001,-0.071439,-0.078137,-0.099748,nan,-0.085615,-0.09411699999999999,-0.10011,nan,-0.10480999999999999,-0.085392,-0.057611,-0.06416799999999999,nan,-0.07036,-0.06931799999999999,-0.082498,nan,-0.073613,-0.07675599999999999,nan,-0.08694299999999999,-0.064825,-0.052238,nan,-0.070359,-0.072658,-0.07171799999999999,-0.061577,-0.043162,-0.048022,-0.07206,-0.076335,nan,-0.058397000000000004,nan,-0.064386,nan,-0.061808,-0.04802,-0.040213,-0.029927999999999996,-0.031454,-0.049397,-0.0447,nan,-0.044655,-0.074025,-0.053826,nan,nan,-0.028952999999999996,-0.031766,nan,-0.058685,-0.048702999999999996,-0.04098,nan,-0.067777,-0.032057,-0.015717,-0.049063999999999997,-0.060002,-0.035243000000000003,nan,-0.0070779,-0.023807,-0.057977999999999995,-0.055023,nan,nan,-0.04205,-0.033936,-0.0091958,-0.008548100000000001,nan,-0.021127,-0.012544,-0.038112,-0.033509,-0.014943000000000001,-0.035911,-0.035246,-0.012978,-0.024566,-0.020227000000000002,0.0035329000000000003,nan,-0.027992000000000003,-0.024699000000000002,-0.015241,-0.008977500000000001,-0.020730000000000002,-0.02889,nan,0.0061087,-0.0030664999999999998,-0.012385,-0.014671,-0.01229,-0.013538,-0.017001,-0.0068518,-0.0016835,-0.011722,-0.0078429,nan,-0.01172,nan,-0.00069279,-0.012506,nan,0.024641999999999997,0.029144999999999997,nan,-0.025768,-0.028732999999999998,-0.0057864,0.0022441999999999996,nan,nan,-0.0031744,0.0038536,0.014403999999999998,-0.0016624000000000003,nan,nan,0.0036289,-0.0026201,nan,0.00058093,0.0024522,0.018486000000000002,0.029885000000000002,nan,-0.0051123,-0.0026318,0.012107,nan,0.013024,0.006524500000000001,-0.004618,0.020093,nan,nan,nan,0.025945,nan,0.013097,0.040747000000000005,0.05956,0.019152000000000002,-0.00020007,nan,0.039286,0.009848299999999999,0.020807,nan,0.055595000000000006,0.044285000000000005,0.033732,0.028279000000000002,0.027647,nan,0.030327,nan,nan,0.05435,nan,0.024521,0.052489,0.022965,-0.029168,nan,0.07523400000000001,0.053984000000000004,0.041735,0.046346,0.043421,0.053835,0.059945000000000005,0.056361,nan,0.055602,nan,nan,0.034806000000000004,nan,0.043493000000000004,nan,0.055225,0.07435,0.07292,0.06489299999999999,0.053241,0.054838,0.059815999999999994,0.025363,nan,nan,0.0031256,-0.057830999999999994,0.019627000000000002,0.066039,0.036474,0.051169,0.06894199999999999,0.047657,0.04215,0.054655999999999996,0.058284,0.055802,0.05624199999999999,0.059217,nan,nan,0.042356,0.044910000000000005,nan,0.035886,0.02536,0.028016000000000003,0.049819,nan,0.054105999999999994,0.034035,0.031370999999999996,0.067013,nan,-0.026524000000000002,-0.024853999999999998,0.053257000000000006,0.051432000000000005,0.01911,0.045384,0.062129,0.046969,0.0439,nan,0.046687,0.061347000000000006,nan,0.013275,0.029504000000000002,0.055512,0.027576999999999997,0.016174,0.046206,0.048264999999999995,0.042664,0.061832000000000005,0.060844,0.036321,0.031039999999999998,0.042078,0.044927999999999996,0.046415,0.056339,nan,0.05111,nan,0.042498,0.046673,0.04088,0.029327999999999996,0.028013,0.029879000000000003,0.027670999999999998,0.037694,0.047032,0.024861,0.0089294,0.035832,0.038724,0.0032000999999999996,nan,0.035309,0.02887,0.033825,0.05087,nan,0.020850999999999998,0.013884,0.032042,0.036492000000000004,0.0046763,0.0068673,0.041138,0.030356,0.012563,0.027389999999999998,0.016713,-0.011906,0.0013770999999999998,0.028242000000000003,0.019378,-0.0042513,-0.0036143,nan,nan,-0.015288999999999999,-0.00090918,-0.0050367,nan,-0.00091208,-0.0089778,-0.030163,-0.019196,-0.004142,0.0010162,0.0010691,-0.011982,-0.0080916,-0.00080274,-0.028010000000000004,-0.047511000000000005,-0.043786,-0.044294,nan,nan,-0.064449,-0.080046,-0.068472,-0.071673,-0.076522,nan,-0.058997,-0.072864,-0.097802,-0.099495,-0.085475,nan,-0.10078,-0.099535,-0.10901,-0.1144,-0.11525,-0.12683,nan,-0.11614000000000001,-0.12708,nan,-0.098768,nan,-0.15855999999999998,-0.17226,-0.16050999999999999,-0.14493,-0.1436,-0.15832000000000002,nan,-0.19178,-0.18619000000000002,-0.1722,nan,-0.18827,-0.18717999999999999,-0.19117,nan,-0.20152,-0.2019,-0.22824,-0.24524,nan,-0.20744,nan,-0.22741,nan,-0.24793,-0.25756999999999997,-0.25154,-0.23771,-0.23060999999999998,-0.23623000000000002,nan,-0.25839,-0.25682,-0.25711,-0.25708000000000003,nan,-0.26431,-0.27321999999999996,-0.27282,-0.27705,nan,-0.30271,-0.29168,-0.28157,-0.28861,nan,-0.27894,-0.29234,-0.30424,-0.27826,nan,-0.31548000000000004,-0.31951,-0.31808000000000003,-0.34665,-0.35095,-0.3299,-0.33184,nan,nan,-0.35015999999999997,-0.38368,-0.38822,-0.35956,-0.35977,nan,-0.39992,-0.38608000000000003,-0.39305999999999996,-0.41391999999999995,-0.41329,-0.40159,-0.41168000000000005,nan,-0.44559,-0.43033999999999994,-0.43637,nan,nan,nan,nan,-0.43333999999999995,-0.42856000000000005,-0.45143,nan,-0.4394,-0.45815,-0.5031899999999999,nan,-0.46055,-0.47676999999999997,-0.50638,-0.52705,-0.52804,nan,-0.49633,-0.5056,-0.51564,nan,-0.53201,-0.5315300000000001,-0.51871,nan,-0.5523,-0.58601,-0.57693,-0.5764600000000001,nan,nan,nan,-0.5733,-0.58413,nan,-0.62027,-0.63389,-0.61634,-0.6218899999999999,nan,-0.65113,-0.62197,nan,-0.64554,-0.63732,-0.6317,nan,-0.66452,-0.65908,nan,-0.69406,-0.69957,-0.6874600000000001,-0.69653,-0.69833,-0.6882699999999999,nan,-0.74385,-0.7468600000000001,nan,-0.75216,nan,-0.75953,nan,-0.76059,-0.77288,-0.77746,nan,-0.78963,-0.8263,-0.8176100000000001,-0.78799,-0.8045,nan,-0.81126,-0.8106899999999999,-0.84555,-0.85969,-0.8475799999999999,-0.8509399999999999,-0.86392,nan,-0.8648299999999999,-0.88435,nan,-0.88494,-0.89936,-0.8996700000000001,nan,nan,-0.92015,-0.91917,nan,-0.9516399999999999,-0.94557,-0.9408299999999999,-0.9540299999999999,-0.96101,nan,-0.9890399999999999,-0.98375,-0.9749200000000001,-0.99475,-0.9969,-0.97645,-0.98893,-1.0111,-1.0015,-1.0073,nan,-1.0432,-1.0314,-1.0498,-1.056,-1.0343,nan,-1.0958,nan,-1.0881,-1.0989,-1.1203,-1.1195,-1.1128,nan,-1.1192,nan,-1.1234,nan,-1.1123,-1.0997,-1.1217,-1.1438,nan,-1.1287,-1.1292,-1.1493,-1.163,-1.1628,-1.1608,-1.1586,-1.1633,-1.1724,nan,nan,-1.179,-1.1531,nan,-1.1863,nan,-1.1852,-1.1767,-1.1575,nan,-1.1894,-1.1640000000000001,nan,-1.2091,-1.2065,-1.2015,-1.1999,-1.1777,-1.1677,-1.1792,nan,-1.2009,nan,-1.1701,nan,-1.1599,-1.199,-1.2079,-1.1791,-1.1793,-1.205,-1.1976,-1.18,-1.1754,nan,-1.1775,nan,-1.1595,-1.178,-1.1862,-1.1641,-1.1641,-1.1775,nan,nan,nan,-1.176,-1.1697,nan,-1.119,-1.1443,-1.141,-1.13,-1.1471,nan,-1.1378,-1.1169,-1.0914,-1.0906,-1.087,nan,-1.0865,nan,-1.0607,-1.0849,-1.1045,-1.0768,-1.0586,-1.0576,nan,-1.0254,-0.99784,nan,-1.0032,-0.9884299999999999,nan,nan,-0.97544,-0.97216,-0.9606600000000001,-0.93404,-0.93422,nan,-0.9357,-0.9130799999999999,-0.8766799999999999,-0.86931,nan,-0.9204600000000001,-0.8759999999999999,-0.8771899999999999,-0.8896299999999999,-0.8729600000000001,-0.8633799999999999,-0.8431700000000001,-0.81071,nan,-0.7984399999999999,-0.7823,-0.7752899999999999,-0.76656,-0.75097,-0.74755,-0.74159,-0.70318,-0.6541600000000001,nan,-0.65387,-0.65946,-0.65997,nan,-0.63274,-0.60444,-0.59696,-0.60149,-0.56985,-0.52166,-0.51882,-0.53036,-0.50943,-0.48412,nan,-0.43462,-0.42075,-0.43778999999999996,-0.43173999999999996,-0.40249,-0.40583,-0.39759,-0.35248,-0.34068000000000004,-0.34015,-0.30735,nan,-0.2806,nan,-0.24268,-0.20681999999999998,-0.17248,-0.18859,-0.20511999999999997,nan,nan,-0.1204,nan,-0.086268,-0.076843,nan,-0.0019000999999999998,0.00097377,0.006374100000000001,0.031183999999999996,0.051797,nan,nan,nan,0.11123,0.14265,0.18229,0.20318,nan,nan,0.23185,0.25681,0.27581,0.29711,nan,0.32416,0.36623,0.38811,nan,nan,0.43773,0.48207,0.50116,0.4985,0.52199,0.56698,nan,0.5635600000000001,0.58646,0.62734,0.63536,0.6322399999999999,0.65996,0.69502,0.71097,0.73443,0.75807,0.76012,0.78546,0.82747,0.83667,0.8592200000000001,0.90154,nan,nan,0.94581,0.9416399999999999,nan,0.9890399999999999,0.9834,1.0314,1.0859,nan,1.0885,1.1408,1.1598,1.1722,1.2168,1.2305,nan,nan,1.2986,nan,1.337,nan,1.3721,1.4337,1.4426,1.4345,1.4967,1.5286,nan,1.5411,nan,1.5944,1.6687,1.6998,nan,1.7338,1.7227,1.7271,1.7503,nan,1.8175,1.8712,1.8863,1.923,1.9549,1.9612,1.9988,nan,nan,2.0428,2.0975,2.1406,2.1722,2.1848,nan,nan,nan,2.263,2.2631,2.3111,2.3482,2.3341,2.329,2.3538,nan,2.416,2.4391,2.4562,2.4777,2.4854,2.475,nan,2.5402,2.5532,2.5536,2.5851,2.5977,2.572,2.5627,nan,2.5983,2.5949,2.5881,2.6055,nan,2.6132,nan,2.6098,2.6179,2.6389,2.6515,2.6266,2.6021,2.622,nan,2.6539,2.6475,2.6344,2.6126,2.6076,2.6072,2.5953,2.5994,2.6105,2.596,2.5789,2.5822,2.5789999999999997,2.5652,2.5705,2.5795,2.5682,2.5610000000000004,2.5661,2.5656,2.5585,nan,2.5229,2.5024,2.4805,2.4641,2.4633,2.4663,2.4643,2.4647,2.4618,2.4405,2.4101,nan,nan,2.3930000000000002,2.3758,2.3517,2.3525,2.3659,2.3515,nan,2.3472,2.3577,2.3433,2.3359,nan,nan,nan,2.2787,2.2722,2.2633,2.2652,nan,2.2312,nan,2.2023,2.1903,2.2069,2.2131,2.1937,2.1776,2.177,2.1843,nan,nan,nan,2.1585,2.1498,nan,2.1532,2.1483,2.1259,2.1243,2.1356,2.1259,2.1115,2.1055,2.1061,2.1111,nan,2.0776,2.0758,2.0778,2.0776,nan,2.0409,nan,2.0318,nan,2.0133,2.0184,2.0376,2.0242,2.0053,2.0068,1.9983,nan,2.0051,1.9975,1.9952,nan,2.0221,2.0229,2.0348,nan,2.015,2.0041,nan,2.0016,2.0031,1.9908,nan,nan,1.9933,2.0057,2.0261,nan,nan,2.009,1.9731,1.9699,nan,2.0036,1.9929,1.9943,1.9876,1.9776,1.9884,nan,nan,nan,2.0164,nan,1.9785,1.985,1.9925,1.9795,1.9717,1.9862,2.0056,2.0096,1.9984,1.9923,nan,1.9901,1.9943,1.9948,1.9782,1.9857,nan,nan,1.9943,1.9928,nan,1.9823,1.9788,1.9903,1.9964,2.0117,2.0219,1.9945,nan,1.992,nan,2.0047,nan,nan,1.9873,1.9949,1.9953,1.9788,nan,2.0048,1.9938,1.9675,nan,nan,2.0032,2.0074,nan,nan,nan,2.0174,2.0111,1.9844,1.9918,2.0043,2.0062,2.0051,1.9951,1.9938,nan,2.02,2.015,nan,1.9925,1.9931,1.9909,nan,1.9963,1.9803,nan,1.9716,1.9889,1.9923,1.9922,1.9927,1.992,1.9922,1.9993,2.0106,nan,1.9909,2.0043,2.0215,2.0104
7.0,-0.077088,-0.21796,-0.13727,-0.12979000000000002,nan,nan,-0.1157,nan,-0.11035999999999999,-0.10989000000000002,-0.1055,-0.11395999999999999,-0.10512,-0.10794000000000001,-0.11297,-0.10153999999999999,-0.09496900000000001,-0.092984,-0.09560199999999999,-0.09197899999999999,-0.095215,-0.10555,nan,-0.088702,-0.1049,nan,-0.098243,-0.10365,-0.091074,-0.094549,-0.10317,-0.10264000000000001,-0.10465999999999999,-0.10372,-0.09511499999999999,nan,-0.10703,-0.1016,-0.094658,nan,-0.10257999999999999,-0.08886000000000001,-0.085537,-0.093524,-0.09249600000000001,nan,-0.10371,-0.0954,-0.093283,-0.095154,-0.10885999999999998,-0.11435999999999999,nan,nan,-0.10595,nan,-0.09225599999999999,nan,-0.10318,-0.1041,-0.10446,-0.10346,-0.10346,-0.10357000000000001,-0.10443,-0.10415999999999999,-0.09924,-0.090132,-0.096732,nan,-0.10034,-0.11223,nan,-0.08532200000000001,-0.097677,-0.10808,-0.10215,-0.11592000000000001,-0.1166,-0.096631,-0.09746200000000001,-0.10367,nan,-0.08685,-0.080279,-0.091856,nan,-0.10764000000000001,nan,-0.1109,-0.11133,nan,-0.097351,-0.11184000000000001,nan,-0.10442,nan,-0.10305,nan,-0.11488,-0.11472,-0.11005999999999999,-0.11922999999999999,nan,-0.11412,-0.12079000000000001,-0.11467000000000001,-0.099979,-0.11648,-0.13239,-0.12297000000000001,-0.12575,-0.13107,nan,-0.12792,nan,-0.13244,-0.14227,-0.14231,-0.13942000000000002,-0.1433,-0.15259,-0.15249000000000001,-0.14520999999999998,-0.16354000000000002,-0.16423,-0.14207999999999998,-0.14757,nan,nan,-0.17026,nan,-0.16130999999999998,-0.17384000000000002,-0.16624,nan,-0.18614,-0.18325999999999998,-0.17899,-0.18942,-0.18928,-0.18709,nan,nan,nan,-0.19984000000000002,nan,-0.19416,-0.20715,-0.1889,-0.20285,-0.21491999999999997,-0.19557,-0.2116,-0.22946,-0.21685,-0.2192,-0.23569,-0.2366,-0.23548000000000002,-0.24965,-0.25339,nan,nan,-0.25535,-0.26643,nan,-0.25601999999999997,-0.26218,-0.28688,-0.28153,-0.27226999999999996,-0.27357,-0.27181,-0.28478000000000003,-0.30051,-0.294,nan,-0.30391999999999997,-0.31096,-0.31599,nan,-0.31577,-0.32053000000000004,-0.3291,-0.31990999999999997,-0.3238,-0.34057,-0.33909,-0.33555,-0.34476,-0.3617,nan,-0.35614,-0.36255,-0.36230999999999997,-0.35709,nan,nan,-0.3547,nan,nan,-0.37551999999999996,-0.37864000000000003,-0.38704,nan,-0.39183,-0.40559,-0.39228,nan,nan,nan,-0.39061999999999997,-0.40209,-0.42418999999999996,-0.43141,-0.42925,-0.41328000000000004,-0.41655,-0.44013,nan,-0.43467,nan,-0.45066000000000006,nan,nan,-0.46121999999999996,-0.45158000000000004,-0.46888,-0.45753999999999995,-0.45106,-0.47548999999999997,nan,-0.46996000000000004,nan,-0.46906000000000003,-0.47013,-0.47603,-0.48257,-0.46729,-0.46153999999999995,-0.47806000000000004,-0.4735,-0.46578,-0.4713,-0.4793,-0.48728,nan,nan,-0.47847,-0.47818,-0.48405,-0.48862,-0.48636999999999997,-0.47912,-0.46852,-0.47838,nan,-0.47668,-0.46907,-0.4747,-0.48034,nan,nan,-0.4902,-0.48523,-0.48827,-0.48823,nan,nan,nan,-0.48858,-0.48873999999999995,nan,-0.49135,-0.48222,-0.47928000000000004,-0.50363,-0.49801999999999996,-0.48428999999999994,-0.48812,nan,-0.5019100000000001,-0.50108,nan,-0.48849,-0.4804,-0.47973999999999994,-0.48983000000000004,-0.48793000000000003,-0.48736,-0.48746000000000006,-0.48707,nan,-0.49656999999999996,-0.50813,-0.49576000000000003,-0.4879,-0.49827,-0.49043000000000003,-0.48477,-0.48831,-0.48781,-0.48813999999999996,-0.48623,nan,-0.49723999999999996,nan,nan,-0.49113,-0.48166000000000003,-0.47968,-0.49578,-0.49296999999999996,-0.48415,nan,-0.48862,-0.48644,-0.48827,-0.48555,-0.4783,-0.46971999999999997,-0.47618,-0.49586,-0.49509,-0.47944,-0.47791999999999996,-0.47313999999999995,-0.46998999999999996,nan,nan,-0.48239,-0.48711000000000004,-0.47691999999999996,-0.46974,-0.47291000000000005,-0.48353999999999997,-0.48673,nan,-0.47735,-0.47481999999999996,-0.46638999999999997,-0.47084,-0.47808999999999996,nan,-0.484,-0.499,-0.49033000000000004,-0.46631999999999996,-0.45495,-0.46243999999999996,-0.46043,nan,-0.47641000000000006,-0.46645,-0.43923,-0.44866000000000006,nan,-0.45263000000000003,-0.4593,-0.44208000000000003,-0.43083,-0.43301000000000006,nan,-0.44281000000000004,-0.45191000000000003,-0.43316000000000004,nan,-0.42541999999999996,-0.43283,-0.425,-0.41973,-0.42356000000000005,-0.42295,-0.42046000000000006,-0.42998000000000003,-0.42828,-0.42251000000000005,-0.4235,-0.41355,-0.41876,-0.43413,-0.42349,nan,nan,-0.40771,-0.40441,-0.41984,nan,-0.41589,-0.41295,-0.4136,-0.41713,nan,nan,-0.39539,nan,nan,-0.40154,-0.40248,-0.39492,nan,-0.41163999999999995,nan,-0.40424,-0.41036000000000006,-0.41938000000000003,nan,nan,-0.41323000000000004,-0.40685,-0.40053,-0.40406,nan,-0.40198,-0.40695,-0.41478000000000004,-0.41267,-0.40367,-0.40758,-0.41468999999999995,-0.41156000000000004,-0.40448,-0.39611999999999997,-0.39511,-0.40665,-0.40353,-0.39234,-0.40759,-0.40904,nan,-0.41343,-0.40326999999999996,-0.41186000000000006,nan,-0.39579000000000003,-0.39795,-0.40426,-0.38719000000000003,-0.38626,-0.39397,-0.39464,-0.39498,-0.40644,-0.41376999999999997,-0.4046,-0.40324,-0.40046,-0.39536,-0.40174,-0.40299,nan,-0.41357,nan,-0.39933,-0.40703,-0.39876999999999996,nan,nan,-0.40425,-0.39199,-0.40552,-0.406,-0.38856999999999997,-0.38543,-0.39766999999999997,-0.40402,-0.40195,-0.40503,-0.39905999999999997,-0.39571999999999996,-0.41026999999999997,-0.41071,-0.39563000000000004,-0.39644,nan,-0.42203,nan,-0.41055,-0.40387,-0.39464,-0.39868000000000003,-0.40349,-0.40402,-0.41200000000000003,-0.41398999999999997,-0.4109,-0.41353999999999996,-0.4138,-0.40533,-0.40314,nan,-0.4219,-0.4118,-0.4225,-0.41265,-0.40497,-0.42255,nan,-0.41968,-0.43278999999999995,-0.42291999999999996,-0.42943000000000003,-0.42599,-0.40398,-0.41738000000000003,-0.43323999999999996,-0.41656000000000004,-0.41708999999999996,-0.43576000000000004,nan,-0.42267,-0.4248,nan,nan,-0.43688,-0.41813999999999996,-0.43243000000000004,-0.4388,-0.42361000000000004,-0.42736999999999997,-0.43613,-0.44475,-0.46121999999999996,-0.46098999999999996,-0.45861999999999997,-0.45758000000000004,-0.44896,-0.44988999999999996,nan,nan,-0.45937,-0.46079,-0.45391000000000004,nan,-0.44337,-0.45114,nan,-0.47073000000000004,-0.45869,-0.45202,-0.46992,-0.46319,-0.46045,-0.47315,-0.47921,-0.48715,-0.47928999999999994,-0.46093,-0.4609,-0.46102,nan,-0.46928000000000003,-0.47794,-0.47005,-0.46836000000000005,-0.46986000000000006,-0.46839,-0.4699,-0.46985,-0.46921999999999997,-0.46799999999999997,-0.47084,-0.47893,nan,nan,-0.47452,nan,-0.46898,-0.47723000000000004,-0.46998999999999996,-0.46043,-0.47773000000000004,-0.47988000000000003,-0.47641000000000006,-0.47744,nan,-0.48702,nan,-0.49251000000000006,-0.49581000000000003,-0.47928000000000004,-0.48865,-0.4991,nan,-0.47908999999999996,-0.48694,-0.48601000000000005,-0.48907,-0.48691,-0.47786999999999996,-0.48932,nan,-0.4956,-0.48886999999999997,-0.48396999999999996,nan,-0.5042,-0.48748,-0.49294,nan,-0.50338,nan,-0.5174300000000001,nan,-0.51052,-0.51564,-0.50769,-0.51288,-0.51955,-0.5128699999999999,-0.51844,-0.52579,-0.51836,-0.51557,-0.51585,-0.5171600000000001,-0.5242899999999999,-0.51988,-0.51685,-0.52627,nan,-0.52891,-0.53722,-0.53288,nan,-0.52952,-0.54169,-0.54199,-0.53545,-0.5411,-0.55107,-0.55385,-0.55377,-0.54623,-0.5355800000000001,-0.53432,nan,-0.5356,nan,nan,-0.5504100000000001,nan,-0.5633699999999999,-0.5545800000000001,nan,-0.57487,-0.5735,-0.5635899999999999,-0.56105,-0.56377,nan,-0.57414,-0.56382,-0.5626899999999999,-0.56184,nan,-0.57276,nan,nan,-0.55505,nan,-0.5581699999999999,-0.55001,-0.55643,nan,-0.56057,-0.5522100000000001,-0.5654100000000001,-0.5638,-0.55896,-0.57009,-0.5687399999999999,-0.5633,-0.57072,-0.5724199999999999,-0.57177,-0.57124,-0.5635100000000001,-0.56711,-0.57528,-0.5685600000000001,-0.56334,nan,-0.55132,-0.57586,nan,-0.56608,-0.55805,-0.5645,-0.5614100000000001,-0.56343,-0.56219,nan,-0.57423,-0.57188,nan,-0.56138,-0.56201,-0.56303,-0.57184,nan,-0.59367,-0.58885,-0.59265,nan,-0.58932,-0.57789,-0.58336,nan,-0.59309,-0.58491,-0.5824699999999999,-0.59237,-0.59736,nan,-0.60561,-0.59026,-0.59002,-0.59436,-0.58401,-0.5838,-0.60018,-0.59714,-0.58011,-0.58778,nan,-0.6050399999999999,-0.58699,-0.60045,nan,-0.59254,nan,-0.6119100000000001,-0.59195,-0.5827899999999999,-0.59582,nan,-0.59325,-0.58089,-0.5807899999999999,-0.59241,-0.6060800000000001,-0.60916,nan,-0.6111,nan,nan,-0.59997,-0.59125,-0.60093,-0.6121800000000001,-0.6088,-0.61014,-0.6039899999999999,nan,-0.6048899999999999,-0.62028,nan,-0.59995,-0.60088,-0.59922,-0.59877,-0.61497,-0.61323,-0.59695,-0.6103,nan,-0.5918,-0.59935,-0.6200899999999999,-0.60375,-0.59539,-0.6017899999999999,-0.59956,nan,-0.61887,-0.6167,-0.6208199999999999,-0.6193,-0.60882,-0.62042,-0.62868,-0.61697,-0.61023,-0.61287,nan,-0.63644,-0.62976,-0.62942,-0.62125,-0.62224,-0.6392899999999999,-0.63844,-0.6400399999999999,-0.6534300000000001,nan,-0.63905,nan,-0.65141,-0.65258,-0.64841,-0.665,-0.65518,nan,-0.6711,-0.6771199999999999,-0.6722899999999999,-0.6795800000000001,-0.67047,-0.66745,-0.68274,-0.67881,-0.67592,-0.67452,-0.6653399999999999,-0.68561,-0.69187,-0.6842,-0.69487,nan,-0.70705,-0.72388,nan,-0.71159,-0.7188899999999999,-0.72278,-0.72016,-0.7138100000000001,-0.7241,-0.74132,-0.7532300000000001,-0.75093,-0.7397100000000001,-0.75583,-0.77137,-0.7561399999999999,-0.75002,-0.75858,-0.75593,-0.7626,nan,nan,-0.76903,-0.7777,-0.76905,-0.78417,-0.79474,-0.7752100000000001,-0.7705,-0.78798,nan,nan,-0.8005399999999999,-0.79824,-0.81418,-0.81328,-0.8245299999999999,-0.84555,-0.8368399999999999,-0.83699,-0.85025,-0.85305,-0.8544,-0.8521200000000001,-0.8612,-0.87813,-0.8811100000000001,-0.88046,-0.88818,nan,-0.8937799999999999,-0.91874,-0.92995,-0.91948,-0.92174,-0.9397,-0.94016,-0.9279700000000001,-0.9326,-0.95031,-0.94916,-0.94134,-0.96257,nan,-0.96649,-0.97246,nan,nan,-0.9875799999999999,nan,-1.0306,-1.024,nan,-1.0416,-1.0317,-1.0409,-1.0495,-1.0521,-1.0692,-1.055,-1.0558,-1.0815,nan,-1.0884,-1.1026,-1.0923,-1.099,-1.1148,-1.1144,-1.1205,-1.1371,-1.1441,-1.1504,nan,-1.1407,-1.1455,-1.1539,-1.1461,-1.1464,nan,-1.1646,-1.1561,-1.1743,-1.1928,-1.1833,-1.1765,-1.1927,nan,-1.2011,-1.2084,-1.2117,-1.2264,-1.225,-1.2012,-1.2153,nan,-1.2341,-1.2387,nan,-1.2448,-1.2489,nan,nan,nan,-1.2567,-1.2658,-1.2670000000000001,nan,-1.2499,-1.2538,-1.2871,nan,-1.2852,nan,-1.3033,-1.3042,-1.3029,-1.3026,-1.3022,-1.3048,-1.3177,-1.3252,-1.3149,-1.3145,-1.3223,-1.3142,nan,-1.3359999999999999,-1.3422,-1.3391,-1.3424,nan,-1.3436,-1.3661,nan,-1.3831,-1.3863,-1.3793,-1.3857,-1.3847,-1.393,nan,-1.3904,nan,-1.3943,-1.3886,-1.4131,-1.4284,nan,-1.4185,-1.4266,nan,-1.4196,-1.4249,nan,-1.4271,-1.4144,-1.4215,-1.4212,-1.4071,-1.4275,-1.4328,-1.4233,-1.4368,-1.4425,-1.4501,-1.4471,-1.4338,nan,nan,nan,-1.4566,-1.4636,-1.4456,-1.4469999999999998,-1.4512,-1.443,-1.444,-1.4407,-1.4508,-1.4639,-1.4641,-1.4587,-1.4327,-1.4269999999999998,-1.4348,-1.4169999999999998,-1.4263,-1.4313,-1.4123,-1.4161,-1.4171,-1.4108,-1.4005,-1.3886,-1.3881,-1.3780000000000001,-1.3611,-1.3589,-1.3447,nan,-1.3142,-1.3211,-1.3047,-1.2919,-1.2948,-1.2683,-1.2472,-1.2641,-1.2545,-1.2167,-1.2105,nan,nan,nan,-1.1557,nan,-1.165,nan,nan,-1.0828,-1.0611,-1.0615,-1.0428,nan,-1.0135,-0.9846299999999999,-0.95811,-0.9540000000000001,-0.9460200000000001,-0.9314399999999999,-0.90876,-0.89076,nan,-0.8549899999999999,-0.83211,-0.80942,-0.78799,-0.76745,-0.75166,-0.75178,-0.74015,-0.70565,-0.6859,-0.66935,nan,nan,-0.61017,-0.58315,-0.54077,-0.51377,-0.49461000000000005,-0.4805,nan,nan,-0.37739,-0.3668,-0.34184000000000003,-0.29355,-0.26421,-0.25190999999999997,-0.22280999999999998,-0.18969,-0.16717,-0.14503,-0.11605,-0.078929,-0.04547,-0.019722,0.010262,0.054018,nan,0.12052,0.13337000000000002,0.16287000000000001,0.20724,0.24775,0.28193,0.31836,0.35586999999999996,0.38175,nan,0.43566000000000005,0.47898,0.5192399999999999,0.55043,0.59275,0.63547,0.65701,nan,0.73919,0.76903,0.78972,nan,0.89005,0.92179,0.94239,0.99208,nan,1.0712,nan,1.1245,1.1727,1.2301,nan,1.2874,nan,nan,1.4369999999999998,1.4797,nan,nan,1.5896,1.6646,1.7005,nan,1.7919,1.8349,1.8787,1.9388,1.9876,2.046,2.1005,2.1138,2.1477,2.2119999999999997,2.2539,2.2899,2.34,2.386,2.4139,nan,2.4709,nan,2.5132,2.5340000000000003,2.5791,2.6073,2.62,2.6376,2.6602,2.678,2.6775,2.6846,nan,2.6978,nan,2.7048,2.6982,2.7075,2.7034,nan,2.702,2.7085,2.6997,2.6972,2.695,nan,2.662,2.6524,2.6197,2.5912,nan,2.5866,2.5485,2.5221,2.5211,2.5078,nan,2.4576,2.4386,2.4093,2.4014,2.3856,2.3642,2.3513,2.3080000000000003,nan,nan,2.2640000000000002,2.2337,2.2185,2.2212,2.2009,2.156,nan,2.1152,2.116,2.0952,nan,2.077,nan,2.0432,2.0155,2.0037,2.0066,nan,1.9861,1.9869999999999999,nan,1.9488,1.9501,1.9504,1.9294,nan,1.9107,1.9019,1.8914,nan,1.8985,1.88,nan,1.8487,1.824,1.8322,1.8458,nan,1.8007,1.8111,1.8069,1.7991,1.7993,nan,1.7991,nan,nan,1.7729,1.7802,nan,1.7742,1.7890000000000001,1.7647,1.7541,1.7785,1.7689,1.7611,1.7713,nan,nan,1.7582,1.7503,nan,1.7713,1.7628,nan,1.7598,1.7522,nan,1.7597,nan,1.7528,nan,1.76,1.7647,1.7706,1.7702,nan,nan,1.7623,1.7705,1.765,1.7573,1.7659,nan,1.7695,1.7729,1.7635,nan,1.7797,nan,1.7852,1.7866,1.7696,1.7756,1.7862,nan,nan,1.7893,nan,1.7833,1.7888,1.78,nan,1.7846,1.7596,1.7646,1.7802,1.7706,1.7757,1.7774,1.7702,1.7873,1.7769,1.7595,1.7823,1.791,1.7823,1.7762,nan,1.7788,nan,1.7667,1.7653,nan,1.7865,1.7624,nan,1.7691,nan,1.7744,nan,nan,1.7705,1.7641,1.7619,1.7758,1.7795,1.7714,1.7688,1.7696,1.7574,1.7429,1.7475,nan,1.7478,1.7427,1.7435,1.7351,1.7345,1.7436,1.7433,1.7312,1.7106,1.7064,1.7148,1.7004,1.6936,nan,1.7126,1.6963,1.6968,1.6871,nan,1.6949,1.6933,1.6735,1.6835,1.6845,1.6599,nan,1.6791,1.6641,1.6579,1.6589,nan,1.6429,1.6202,1.6158,1.6361,nan,1.6077,1.6017,1.6042,nan,1.6048,1.6112,1.6046,1.5979,1.5869,1.5727,1.5728,1.5706,1.5565,1.5571,nan,1.5515,1.5414,1.5482,1.5452,1.5293,1.524,1.5268,1.515,nan,1.5129,1.4932,1.4811,1.4988,1.4939,nan,1.4942,1.4984,1.4907,1.483,1.475,1.4569,1.4601,1.4823,1.4581,nan,1.4436,1.4463,1.4265,1.4266,1.4341,1.4337,1.4284,nan,nan,1.4239,1.4094,1.3977,nan,1.3742,1.3667,nan,1.3592,1.3471,1.3489,nan,nan,1.3501,1.3483,1.3335,nan,nan,1.3283,1.3128,nan,1.3152,1.3066,1.2921,1.2978,1.3086,1.2890000000000001,nan,1.2631,1.2679,1.2582,1.2551,1.255,1.2471,1.2446,1.244,1.236,1.2423,1.2518,nan,nan,1.2559,1.2249,nan,nan,1.2265,nan,1.2145,1.1901,1.1903,1.1823,1.1642,1.1646,1.1711,1.1617,1.1520000000000001,1.1546,1.1467,1.1315,1.1243,nan,1.1291,1.1319,nan,1.1191,1.1022,1.0973,1.1051,1.0968,1.0972,1.0869,1.0651,1.0672,1.0636,1.0515,1.0482,1.0485,1.0441,1.0265,1.0194,1.0085,1.0006,1.0162,0.98906,nan,0.98301,0.96591,0.94452,0.94584,0.93521,0.93485,0.94242,0.94895,0.94326,nan,0.9403799999999999,nan,0.92191,0.92579,0.89445,0.88925,nan,0.8604200000000001,nan,0.85534,0.8345,0.8327200000000001,0.8238700000000001,0.82429,0.8186399999999999,nan,nan,0.80917,0.78962,0.78682,0.7852600000000001,0.76855,0.75048,0.7517,0.74393,0.72945,0.73075,0.71983,0.70935,0.7116899999999999,nan,0.70023,0.7027800000000001,0.6846399999999999,0.65447,0.63837,0.6339199999999999,0.62143,nan,nan,0.62088,0.61841,nan,0.5905199999999999,0.5736100000000001,0.56595,0.5615600000000001,nan,nan,0.52774,0.5241,nan,0.5068199999999999,0.49115,0.47845,0.46361,0.45813000000000004,0.45985,nan,0.43337,0.41877,0.41123000000000004,0.41361000000000003,0.40406,0.3913,0.39274000000000003,0.38804,nan,0.35901,0.34439000000000003,0.32969,0.3189,0.32072,0.31540999999999997,0.29943000000000003,0.29875,0.29481999999999997,0.27154,0.24156,nan,0.23085999999999998,0.23276999999999998,0.22259,0.21556999999999998,nan,nan,0.18487,0.17669,0.1774,0.17169,0.14862,0.12835,nan,0.11249,0.091264,0.083215,nan,0.075397,0.07996,0.080512,0.052522000000000006,0.02943,nan,0.024776,0.0028724,-0.019158,nan,0.008871799999999999,-0.0097566,-0.038666000000000006,nan,-0.035768,-0.038997000000000004,-0.049802,-0.065473,-0.066358,-0.068989,-0.077766,-0.085026,-0.099602,-0.10557000000000001,-0.10355999999999999,-0.1156,-0.13682,-0.15613,-0.15498,-0.13814,-0.14040999999999998,-0.1622,-0.17239000000000002,-0.16657,-0.17026,-0.18503,-0.19119,-0.18344000000000002,-0.17864000000000002,-0.17883,-0.18623,-0.21550999999999998,-0.23865999999999998,-0.23619,-0.23365999999999998,-0.23919,-0.24695,-0.25437,-0.25359,nan,nan,-0.28928000000000004,-0.27415,-0.26913000000000004,-0.28391,-0.30819,nan,-0.29102,-0.30903,nan,-0.32382,-0.31001999999999996,-0.32299,-0.33171999999999996,-0.34168000000000004,nan,-0.3381,-0.34391,nan,-0.33901,-0.35465,nan,-0.34559,-0.36089,-0.37584,-0.37775,nan,-0.37054000000000004,nan,-0.40488,nan,-0.39641,nan,-0.40407,-0.40626999999999996,-0.42458,-0.43072,-0.42318,-0.43441,-0.45521000000000006,nan,nan,-0.46553,nan,-0.47265,-0.46145,nan,-0.4916,-0.47928999999999994,-0.47753,-0.47894,-0.4862,-0.48946000000000006,-0.48463999999999996,nan,nan,-0.50225,nan,-0.5141,-0.51825,-0.5482199999999999,-0.55069,-0.5211600000000001,nan,-0.55384,-0.5463600000000001,nan,-0.5414800000000001,-0.54537,-0.5766,-0.57406,-0.55986,-0.57436,-0.5808,nan,-0.59912,-0.58982,-0.5999,-0.61562,-0.6180899999999999,-0.60242,-0.6017399999999999,nan,-0.6078600000000001,-0.59692,-0.60013,-0.5997899999999999,nan,-0.61729,-0.606,nan,-0.60348,-0.62981,nan,-0.61926,-0.62851,nan,-0.6236,-0.6398199999999999,-0.63842,nan,-0.62764,-0.61762,-0.63054,nan,-0.62449,-0.6338199999999999,-0.63632,-0.62956,-0.6337,-0.63889,-0.6350100000000001,-0.62936,nan,-0.63474,-0.63568,-0.63947,-0.6556,-0.65705,-0.66003,-0.68219,-0.69506,-0.69319,nan,nan,-0.68511,-0.69277,nan,-0.68997,-0.6826800000000001,nan,-0.6997,nan,-0.69208,-0.7054600000000001,-0.7078300000000001,-0.68662,-0.68816,nan,-0.6848,nan,nan,-0.6621,-0.66728,-0.6605800000000001,-0.6484,nan,-0.63684,-0.63693,-0.63539,-0.61647,-0.611,-0.62902,-0.63193,-0.61827,nan,-0.60087,-0.60822,-0.61043,-0.60643,-0.59782,-0.59177,-0.59772,-0.59705,-0.5885100000000001,-0.58226,-0.56045,-0.54218,-0.5472100000000001,-0.54209,nan,-0.5362,-0.5436300000000001,-0.5161899999999999,-0.50756,-0.51865,-0.49938999999999995,-0.48546999999999996,-0.48756000000000005,-0.47179,-0.47158999999999995,-0.48028999999999994,-0.47863999999999995,-0.47977,-0.46248999999999996,-0.46391000000000004,-0.45338999999999996,-0.46226999999999996,nan,-0.40785,-0.49711000000000005
6.0,0.16286,0.039688,0.13115,0.071504,0.06906,nan,nan,0.05485,0.030636,nan,nan,0.0082954,0.012075,-0.0025009,-0.010623,-0.013227000000000001,-0.032300999999999996,-0.023459,-0.020899,-0.053565999999999996,-0.055840999999999995,-0.051865999999999995,-0.06096699999999999,-0.051041,-0.06377200000000001,-0.07474199999999999,-0.070352,-0.10228,-0.12079000000000001,nan,-0.13215,-0.14582,-0.13393,-0.14687,-0.16163,-0.16118,nan,-0.17025,-0.17343,-0.2004,-0.20826,-0.19139,-0.19655,-0.21245999999999998,-0.22741,-0.22630999999999998,nan,-0.24988000000000002,-0.25495,-0.22975,nan,-0.2487,nan,-0.28124,-0.28183,nan,-0.27899999999999997,-0.28307,-0.29081,nan,-0.29935,-0.29741,-0.30666,-0.30632,-0.31583,nan,-0.33074000000000003,-0.34371,-0.34956,-0.35388000000000003,-0.35731999999999997,nan,-0.37758,-0.37363,-0.3725,nan,nan,-0.38123,-0.38959,nan,-0.38094,nan,nan,nan,-0.39901,-0.41697,-0.42343000000000003,nan,nan,-0.42096000000000006,-0.4486,-0.46246000000000004,nan,-0.43488999999999994,-0.44369,-0.4496,nan,-0.47385,nan,-0.4747,-0.48225,-0.47725,nan,-0.50684,-0.498,-0.48403999999999997,-0.49301999999999996,-0.50226,-0.5204300000000001,-0.52159,-0.50963,-0.50897,-0.50697,-0.51049,-0.50959,-0.49899,-0.5141899999999999,-0.5185,nan,-0.51373,-0.5013,-0.5356,-0.54335,-0.5332899999999999,-0.5223300000000001,-0.5218,nan,nan,nan,-0.52733,-0.52267,nan,-0.5291399999999999,-0.54638,-0.556,nan,-0.5413100000000001,nan,-0.54786,-0.54908,-0.54378,nan,-0.5643100000000001,-0.5626899999999999,-0.5492199999999999,-0.5504899999999999,-0.5293399999999999,-0.54824,-0.55196,nan,nan,-0.54083,-0.53737,-0.54788,-0.5432,-0.53896,nan,-0.54065,-0.54275,-0.52107,-0.53093,-0.55169,-0.53584,-0.53049,-0.52173,-0.5152399999999999,-0.5260600000000001,-0.52652,-0.51751,-0.52044,nan,-0.53037,-0.52365,-0.51613,-0.5209,-0.5192899999999999,-0.50174,-0.4983,-0.49973999999999996,-0.49738000000000004,nan,nan,-0.49031,nan,-0.48558,-0.48128000000000004,nan,-0.46236000000000005,-0.46266999999999997,-0.44022,-0.44651,-0.44243000000000005,-0.42676000000000003,-0.44223999999999997,-0.4416,nan,-0.43848000000000004,-0.43041,-0.41834,-0.41947,-0.40139,-0.39716999999999997,-0.40274,-0.38976,-0.37492,-0.38195,-0.39055,-0.37969,nan,-0.38572,-0.37806,-0.39252,-0.39064,nan,-0.37406999999999996,-0.38464,-0.39078,-0.38773,-0.38021,-0.38064000000000003,-0.35655,-0.31464000000000003,-0.3125,-0.3039,-0.28081,-0.29681,-0.29769,-0.27647,-0.26329,-0.24413,-0.23018000000000002,-0.22114,-0.21795,-0.22496,-0.23123000000000002,-0.22965,-0.24253000000000002,-0.2511,nan,-0.24898,-0.23936999999999997,nan,-0.2506,-0.24141999999999997,-0.24723,nan,-0.23986999999999997,-0.23503000000000002,-0.20676999999999998,-0.19171,-0.1804,-0.18678,-0.18175,-0.15202000000000002,nan,-0.18142,-0.15473,-0.15434,-0.15309,-0.097711,-0.070462,nan,-0.059226999999999995,-0.07603,nan,-0.044762,nan,-0.041038,-0.031027999999999997,nan,-0.031334,-0.024694999999999998,0.0076913,0.028642,0.020443,0.023679,0.03538,0.022575,0.021758,0.028380000000000002,nan,0.018884,0.043526,nan,0.01969,0.029182999999999997,0.029092000000000003,0.035571,nan,0.047876999999999996,nan,0.040516,nan,0.031013,0.040961000000000004,nan,0.039572,0.048854,nan,0.050696,nan,0.040858,0.033234,0.048966,0.039427,0.045761,0.051049000000000004,0.048933,0.047072,0.039006,0.047604,0.050748,nan,0.039320999999999995,0.040483,nan,0.028805,0.027027999999999996,nan,0.052663,0.044014,nan,nan,0.056062,0.055253,0.042730000000000004,nan,0.040774,0.038542,0.028444,0.039464,0.032474,0.034918,0.036209,0.018389,0.028898000000000004,0.019615999999999998,0.035477999999999996,0.048053,0.025115000000000002,0.029265,0.021036000000000003,0.015429,0.025265,nan,0.00065822,0.0088159,0.008262299999999998,nan,0.017116,nan,-0.0157,-0.032289,-0.022883,-0.015257,-0.037581,-0.030298000000000002,nan,nan,-0.034266000000000005,-0.012703,-0.05754,nan,-0.04773,nan,-0.061595000000000004,-0.065785,-0.081578,-0.07222999999999999,nan,-0.069329,-0.080151,nan,-0.08684,-0.090836,-0.11145999999999999,-0.086145,-0.10141,-0.11275,-0.10952,nan,-0.14299,-0.13121,-0.15156,-0.14274,-0.14315,-0.15834,-0.1617,nan,nan,nan,nan,-0.20393,-0.20799,-0.21293,-0.22003000000000003,-0.2095,nan,nan,nan,-0.24441999999999997,-0.2399,-0.2397,-0.25417,-0.26888,-0.26441,-0.26061,nan,-0.27061,-0.2764,nan,-0.29065,-0.29001,-0.30286,-0.32053000000000004,nan,-0.30730999999999997,nan,-0.34152,-0.36022,-0.35063,-0.3576,-0.35943,-0.36609,-0.38305,nan,nan,-0.38159,-0.36917,-0.37806999999999996,-0.39326,-0.40235,-0.4213,-0.42877,-0.43493999999999994,-0.44206999999999996,nan,-0.42948000000000003,-0.44101999999999997,-0.46498,-0.48086,nan,nan,-0.5091,-0.50067,-0.51713,-0.51555,-0.5014,-0.5187,-0.52986,nan,-0.53914,-0.54065,-0.5366,nan,-0.5787100000000001,-0.58916,nan,-0.5826,-0.5942,-0.5841,-0.5951,-0.61065,-0.61902,-0.63475,-0.6442899999999999,-0.65389,-0.65869,-0.6605300000000001,-0.67005,-0.66862,-0.67515,-0.67696,nan,-0.70162,-0.71,-0.71791,-0.71213,-0.70744,-0.70808,-0.71078,-0.71958,-0.71715,-0.73138,nan,-0.73864,-0.7521899999999999,-0.7605,-0.76651,-0.7714300000000001,-0.7616,nan,-0.79988,-0.78972,-0.79699,nan,-0.79469,nan,-0.80966,-0.83142,-0.8494,-0.83725,nan,-0.83426,-0.82073,-0.85035,-0.84119,-0.8482799999999999,nan,nan,-0.85582,-0.88035,-0.8791899999999999,-0.88718,nan,-0.8670399999999999,-0.88239,-0.87792,-0.8785700000000001,nan,-0.89879,nan,-0.9136799999999999,-0.9179700000000001,-0.90956,nan,-0.9096,-0.93211,-0.93156,-0.9196700000000001,nan,-0.93129,-0.9315,-0.93979,-0.9377200000000001,-0.9507200000000001,nan,-0.9458200000000001,-0.95778,-0.9538700000000001,-0.9648399999999999,nan,-0.94958,-0.96714,-0.96054,-0.96619,-0.9757600000000001,-0.9542,-0.9601299999999999,-0.96834,-0.9743299999999999,-0.97864,nan,-0.97821,nan,nan,-0.9845,-0.9865299999999999,-0.96696,-0.9754,-0.9995299999999999,-0.9813,-0.96741,nan,-0.9828100000000001,nan,-0.97825,-0.98779,-0.9840000000000001,-0.96457,-0.97905,-0.9844799999999999,nan,nan,-0.98662,-0.9893299999999999,-0.98115,nan,nan,-0.96944,nan,-0.96665,nan,-0.99556,-0.97615,-0.97908,-0.97583,-0.98961,-0.9666100000000001,-0.94945,-0.98306,-0.97929,-0.9756,-0.9808399999999999,-0.9725,-0.9818899999999999,nan,-0.95983,-0.9764299999999999,-0.9712200000000001,-0.9740700000000001,-0.99267,-0.98556,-0.98954,-0.9822700000000001,nan,nan,nan,-0.96946,-0.99013,-0.9821799999999999,-0.9579799999999999,-0.96798,-0.9802700000000001,-0.97503,-0.96929,-0.9769,-0.9823,-0.9605799999999999,-0.96757,-0.9909,-0.9761799999999999,-0.9689,-0.9761299999999999,-0.97816,-0.97351,-0.96635,-0.9702,-0.97849,-0.9783700000000001,-0.9760200000000001,nan,-0.97608,-0.97882,-0.9707100000000001,nan,-0.9744799999999999,nan,-0.97531,-0.98595,-0.9598700000000001,-0.98154,-0.98346,nan,-0.966,-0.9657,-0.95986,-0.98454,-0.9845299999999999,-0.9717899999999999,-0.97985,-0.9630200000000001,-0.9601299999999999,-0.97205,-0.9372,-0.9332600000000001,nan,nan,nan,-0.924,-0.90505,-0.91266,-0.89938,-0.90166,nan,-0.88925,-0.89595,-0.88756,-0.8793,-0.9038200000000001,-0.8968700000000001,-0.8798600000000001,-0.87918,-0.87225,nan,nan,-0.8686799999999999,-0.8689100000000001,-0.8704299999999999,nan,-0.8562200000000001,nan,-0.83037,-0.8487,-0.8342,-0.8236899999999999,-0.8311,-0.82495,nan,-0.80967,-0.80092,-0.79547,-0.80519,-0.8033399999999999,nan,-0.78996,-0.7902100000000001,nan,-0.7721899999999999,-0.7653399999999999,nan,nan,-0.74953,nan,-0.75464,-0.75656,-0.74785,-0.7501,nan,-0.71009,-0.7134199999999999,-0.7164699999999999,-0.70707,-0.7106100000000001,-0.71844,-0.71296,nan,-0.71358,-0.70258,-0.68998,nan,-0.6817300000000001,nan,-0.6826,nan,-0.6694399999999999,nan,-0.6603,-0.67733,-0.6550600000000001,-0.65198,-0.67123,-0.66188,nan,-0.63888,-0.63378,-0.62737,-0.61761,-0.60964,-0.61915,nan,-0.59729,-0.61375,-0.60663,-0.59975,nan,-0.57433,-0.59732,-0.60235,-0.57801,-0.59073,-0.56713,nan,nan,-0.55708,-0.53889,-0.54066,-0.52131,nan,-0.54645,nan,-0.51836,-0.5202,-0.51947,-0.51925,nan,-0.5051,-0.51122,-0.5090399999999999,-0.49892,-0.51581,-0.51055,-0.49317,-0.48625,nan,nan,nan,-0.45803999999999995,-0.44388999999999995,-0.45471999999999996,-0.45921000000000006,-0.44073999999999997,-0.44661999999999996,-0.44953000000000004,-0.45108000000000004,-0.44391,nan,-0.44911,nan,-0.42346000000000006,-0.42096999999999996,-0.4317,-0.41611000000000004,-0.39986,-0.41966000000000003,-0.40086,-0.38561999999999996,-0.38695999999999997,-0.38023,-0.40014,-0.3938,nan,-0.39643,-0.39764,nan,nan,-0.36796999999999996,nan,-0.39288,-0.38385,-0.37959,nan,-0.37799999999999995,nan,-0.36788000000000004,nan,nan,-0.36057,-0.38526,nan,-0.35728000000000004,-0.38459,-0.38382,-0.37151,-0.39809,-0.38309,-0.35478000000000004,-0.36509,-0.35458,-0.3631,nan,nan,-0.36246,-0.36848000000000003,-0.35786999999999997,nan,-0.35059,nan,-0.35536999999999996,-0.34867,nan,-0.34613,-0.33016,-0.34776999999999997,-0.34238,-0.34056,-0.33150999999999997,-0.30922,-0.32977,-0.33389,-0.32448,-0.33814,-0.33389,-0.31864000000000003,nan,nan,-0.31809,-0.32105,-0.3176,-0.32218,-0.33124000000000003,-0.32186,nan,-0.31637,-0.30566,-0.31268,-0.32089,-0.3035,-0.29359,nan,-0.3195,nan,-0.32027,-0.30094,-0.30595,-0.30928,nan,-0.31908000000000003,-0.31024,-0.31071,-0.30064,-0.3044,-0.3091,-0.31232,-0.32027,-0.31026,-0.31894,-0.30835,-0.29861,-0.3137,-0.32089,-0.31261,-0.28943,-0.30477,-0.30054000000000003,-0.29385,nan,nan,-0.2997,-0.2977,-0.30693000000000004,-0.32176,-0.30701999999999996,nan,-0.30889,-0.30449,nan,-0.30401,nan,nan,-0.29241,-0.28605,nan,-0.30993000000000004,-0.31095,-0.31085,-0.28371,-0.28353,-0.2931,-0.28955,-0.30259,-0.30015,-0.28162,-0.28469,-0.297,-0.29739,-0.2875,-0.2809,-0.28094,-0.27221,-0.27436,-0.30379,-0.30493000000000003,-0.27978000000000003,-0.27952,-0.28136,nan,-0.28291,-0.29254,-0.28989000000000004,-0.2802,-0.29438000000000003,-0.30194,-0.29551,-0.28659,-0.28110999999999997,-0.29835,-0.31008,-0.30373,-0.29425999999999997,-0.28802,-0.27924,nan,-0.29714,nan,-0.28931,-0.30548000000000003,-0.30863,-0.29193,-0.28006,-0.28953,-0.30441,-0.27447,nan,-0.30011,-0.28668000000000005,-0.27260999999999996,-0.2897,-0.28554,-0.28068000000000004,-0.29141999999999996,-0.30709000000000003,-0.30869,-0.28176999999999996,-0.2879,-0.29759,nan,nan,-0.29568,nan,-0.30451,nan,nan,-0.29951,-0.29825999999999997,nan,-0.3081,-0.29665,-0.30112,-0.31003000000000003,-0.30906,-0.30717,-0.28956,-0.29686999999999997,-0.32153000000000004,-0.32024,-0.32924000000000003,nan,nan,-0.33684000000000003,-0.32768,-0.31015,-0.32487,nan,-0.33992,-0.33655999999999997,-0.33083,-0.34885,-0.36163,-0.34996,nan,-0.35933000000000004,-0.36141999999999996,nan,-0.36854000000000003,nan,nan,-0.36015,-0.37146,-0.37993000000000005,-0.3997,-0.38008000000000003,-0.36854000000000003,-0.38243,-0.37831,-0.38031,-0.37884,-0.38606,-0.38921,-0.38987,-0.38805,-0.3908,-0.4016,-0.37682,nan,nan,-0.41293,-0.42071000000000003,-0.40271,-0.39616999999999997,-0.40212,nan,-0.40271,-0.41072,-0.41786999999999996,-0.4438,-0.45061,-0.45003999999999994,-0.4456,-0.42913,-0.43832,-0.44861,-0.45302,-0.46731000000000006,nan,-0.50171,-0.50127,nan,-0.50878,-0.50147,-0.50441,-0.51986,-0.51008,-0.51684,-0.51418,-0.5078,-0.5263800000000001,-0.54092,-0.5311600000000001,-0.51636,nan,-0.52864,-0.52146,-0.5421,-0.54075,-0.54676,-0.55391,nan,-0.56124,-0.55101,-0.59121,-0.6026199999999999,-0.5814600000000001,-0.5823699999999999,-0.59318,-0.59985,-0.59969,-0.5907100000000001,-0.59337,-0.60605,-0.60793,-0.60985,-0.60964,-0.60764,-0.63012,-0.64322,-0.63173,-0.6315,-0.65132,-0.6604899999999999,-0.64917,nan,-0.65585,nan,-0.67286,nan,nan,-0.6735,-0.69496,-0.68282,-0.68029,-0.6985399999999999,nan,-0.68828,-0.69572,-0.7122,nan,-0.7,-0.71096,-0.73722,-0.72777,-0.7185600000000001,-0.72978,-0.72958,-0.73757,-0.73642,nan,-0.7732,-0.76662,-0.76958,-0.77822,-0.7774800000000001,-0.78159,-0.79252,-0.80043,-0.80966,-0.81791,-0.81792,-0.82106,-0.83319,-0.83919,-0.8401200000000001,-0.84696,-0.8496100000000001,-0.8474799999999999,-0.86785,nan,-0.8499200000000001,-0.88481,-0.8794,-0.85706,-0.88364,-0.89695,-0.8778600000000001,-0.86839,-0.8818799999999999,nan,-0.8968299999999999,-0.89946,-0.9101600000000001,-0.9186700000000001,-0.92576,nan,nan,-0.9354299999999999,-0.9292100000000001,-0.94681,-0.96977,-0.9487200000000001,-0.9353600000000001,-0.95491,-0.97131,nan,nan,-0.96955,nan,-1.006,-0.9858100000000001,nan,-1.0179,-1.0092,-1.0113,-1.0191,-1.0317,-1.0497,nan,nan,-1.0732,-1.0739,nan,-1.0796,-1.0961,-1.1013,-1.0891,-1.0911,-1.0978,-1.0891,-1.0959,-1.1127,nan,-1.1131,nan,-1.1393,-1.129,-1.1395,-1.1549,-1.1609,-1.1853,-1.1979,-1.1724,-1.1525,-1.177,-1.1865,-1.1902,nan,-1.1876,nan,nan,nan,-1.2062,-1.1979,-1.2082,-1.2063,-1.2229999999999999,-1.2452,-1.2469,nan,-1.2388,nan,-1.2407,-1.2578,-1.2671,nan,-1.2590000000000001,-1.2593,-1.2493,-1.248,-1.2634,-1.2671,-1.2695,-1.2787,-1.2612,-1.261,-1.2655,-1.2576,-1.2696,-1.2685,-1.2732,-1.2746,-1.261,-1.2587,-1.2796,-1.2904,-1.2625,-1.261,-1.2654,nan,-1.2585,nan,-1.2602,nan,-1.261,-1.2561,-1.2477,nan,-1.2723,-1.2376,-1.2116,-1.2348,nan,-1.1991,-1.1981,-1.1889,-1.1902,nan,nan,-1.178,-1.1888,-1.1739,-1.1622,-1.1519,-1.1367,-1.1295,-1.1194,nan,-1.0955,-1.0881,-1.1002,-1.0999,-1.0838,-1.0543,-1.047,-1.043,-1.0246,-1.0099,-0.99724,-1.0039,-0.9768899999999999,-0.9731299999999999,-0.9719399999999999,-0.9389200000000001,-0.94095,nan,-0.8875299999999999,-0.89504,-0.87672,-0.88923,-0.8647299999999999,-0.83868,-0.8372700000000001,-0.81381,-0.78084,-0.76928,-0.7701,-0.74842,-0.7223,-0.71596,nan,-0.67706,-0.66117,-0.63944,-0.60636,-0.5956199999999999,nan,-0.55693,-0.53273,-0.5030899999999999,-0.49648000000000003,-0.47293,-0.45924,-0.4441,nan,-0.38224,-0.38499,nan,nan,-0.28685,-0.26115,-0.2475,-0.20515999999999998,-0.18086,-0.1545,-0.11692000000000001,-0.10174,-0.056879,-0.044502999999999994,nan,0.016645,0.022744,nan,0.076286,0.10478,0.13704000000000002,nan,0.18225999999999998,0.19907,0.23385,nan,0.27952,0.31156999999999996,0.33534,0.35857,0.37416,0.41517,nan,0.46978000000000003,0.47643,0.47935,0.52312,0.5379,nan,0.58403,nan,0.60716,0.60602,0.64046,0.6903100000000001,nan,0.71808,0.73677,nan,0.78503,0.80428,0.79643,nan,0.8419700000000001,0.8756299999999999,nan,0.92895,0.9562799999999999,0.9596100000000001,0.9809100000000001,0.99603,1.0117,nan,1.1016,nan,1.1262,1.1363,1.1511,1.1822,1.2158,1.2553,1.3041,1.3163,1.3207,1.358,nan,1.4421,1.4701,1.4867,1.5193,1.5547,nan,1.6212,1.6536,1.6983,nan,1.7627,1.8121,1.8647,1.8914,1.9277,1.9779,2.0202,nan,2.0772,2.1355,2.1575,nan,2.2322,2.2529,2.3172,2.3488,2.3674,nan,2.4114,2.4317,nan,nan,nan,2.5223,2.5385,2.5562,2.5693,nan,2.6025,2.6123,2.6423,2.628,2.6299,2.6447,2.6454,2.6634,2.6538,2.6595,nan,2.6287,nan,2.6629,2.6327,2.6543,2.6598,nan,2.6637,2.6525,2.6445,2.63,2.6134,2.6129,2.6108,2.5921,2.5652,2.5552,2.5465,2.5426,2.5397,2.5116,2.5104,2.5359,nan,2.4751,nan,2.4714,2.4459,nan,2.386,2.3826,2.3655,2.3541,2.3731,2.362,2.3343,2.3374,2.3244,2.2896,2.2743,nan,2.2569999999999997,2.2463,2.2265,2.2246,2.2243,2.2059,2.2051,2.1923,nan,2.1388,2.1248,2.1412,2.1399,2.1237,2.1054,2.093,nan,2.0772,nan,nan,nan,2.0495,2.0238,2.023,nan,2.0159,1.9933,nan,2.0061,2.0063,1.9973,1.9816,1.9469,1.9339,nan,1.9243,1.9321,nan,1.919,1.9131,1.9163,1.9249,nan,1.9036,1.9029,1.9089,1.9133,1.8859,1.8821,nan,1.8848,1.8799,1.8633,nan,1.8657,1.8595,1.8495,1.8615,1.8618,1.8447,1.8552,1.8393,1.8436,1.8535,1.8449,1.855,1.8444,1.8594,1.8574,1.8411,1.8444,nan,1.8559,1.8376,1.8491,1.8646,nan,nan,nan,1.8423,1.8244,nan,1.8461,1.8444,1.8373,1.8237,1.8372,nan,1.8354,1.845,nan,1.8394,1.8495,1.8368,1.8381,1.844,1.8267,1.8216,nan,1.8343,nan,1.8223,1.8141,1.8343,1.8224,1.8162,1.8256,1.8132,1.8149,nan,nan,nan,1.8149,nan,1.8154,nan,nan,1.8094,1.7909,1.7931,1.7752,1.7754,1.7655,1.7755,nan,nan,1.765,1.7561,1.7546,1.7491,1.7461,nan,nan,1.7336,1.7356,1.7401,nan,nan,1.7156,1.7169999999999999,1.6965,nan,1.7168,nan,1.7139,1.6969,1.6887,1.6681,1.6482,1.6431,nan,1.6441,nan,1.6566,1.6492,1.6283,1.626,1.626,nan,1.5974,1.6130000000000002,1.6146,1.6026,1.5855,1.5781,1.5667,1.5708,1.5727,1.5528,1.5653,1.5793,nan,1.544,1.5421,nan,nan,1.5498,1.5286,1.5229,nan,1.4931,1.4857,1.4839,1.4966,1.4826,1.4789,nan,1.454,1.4529,1.4652,1.4614,1.4509,1.4601,nan,1.4379,1.435,1.4340000000000002,1.4425,nan,1.4255,1.4359,1.4156,nan,1.3946,1.3817,1.3747,1.3578,1.3515,1.3691,1.3521,1.3337,1.3348,nan,1.3153,1.3119999999999998,nan,1.3096,1.3173,1.3167,1.3001,1.2876,1.2827,nan,1.2665,1.2764,nan,nan,1.2435,1.2591,nan,1.216,1.2064,1.206,1.2089,1.2201,1.1971,1.1767,nan,1.1686,1.1545,nan,1.1485,1.1254,1.1243,nan,1.1191,1.1084,1.1324,1.1361,1.1278,1.1121,1.0999,1.0935,1.0829,1.0648,nan,1.0536,1.0563,1.0329,1.0126,nan,0.99739,0.98788,nan,0.9731799999999999,0.98282,nan,0.9481200000000001,nan,0.94119,nan,0.92694,0.9127,nan,0.87944,0.86772,0.87344,nan,nan,0.84731,0.8219799999999999,nan,nan,0.8083600000000001,0.7824399999999999,0.77683,0.78745,nan,0.75747,0.7391399999999999,0.72711,nan,nan,0.69224,nan,0.66194,0.65673,0.64588,nan,0.60121,0.5975199999999999,nan,0.59606,0.57544,0.5585,0.56058,nan,nan,0.54879,0.51136,0.46903999999999996,0.48313999999999996,0.48306000000000004,0.45703,0.46381999999999995,0.46651000000000004,0.43932,nan,0.42283000000000004,nan,0.36494,0.35565,0.33869,nan,0.33189,0.32775,0.30785,0.28812,0.2886,0.26250999999999997,nan,0.25864000000000004,0.23296,0.23968000000000003,0.21774000000000002,0.19719,0.21473000000000003,0.2131,nan,nan,nan,0.1374,0.13612,0.11719,0.10759,0.10904000000000001,0.097439,0.088377,0.099469,0.085883,nan,0.059217,nan,0.038231,0.049616,0.035230000000000004,0.010454000000000001,0.0097553,nan,-0.020579,-0.019486,-0.026835,nan,-0.046585,-0.060812,-0.05085,-0.065107,-0.073425,-0.068705,-0.071437,-0.082871,-0.10078,nan,-0.094273,-0.1042,-0.11488,nan,nan,-0.16294,-0.1693,-0.13487000000000002,nan,-0.14578,-0.16772
6.0,-0.097778,-0.26128,-0.27684000000000003,-0.17029,-0.2536,-0.23994000000000001,-0.20795999999999998,-0.23935,-0.21971999999999997,nan,-0.21141,-0.22016999999999998,-0.22921999999999998,nan,-0.21855,-0.22796999999999998,-0.22371999999999997,nan,nan,-0.23519,-0.21519000000000002,-0.20853000000000002,nan,-0.24093,-0.22445,-0.21685,-0.22379000000000002,-0.22808,-0.2197,nan,-0.20959,-0.21896999999999997,nan,-0.23689000000000002,-0.23731999999999998,-0.21968000000000001,-0.22079000000000001,-0.2285,-0.21923,-0.22451999999999997,-0.24834,-0.23959,-0.21533000000000002,-0.2291,-0.2387,-0.22705999999999998,-0.24486999999999998,-0.26016,-0.24986999999999998,-0.26641,-0.28326999999999997,-0.26116999999999996,-0.25768,-0.28778000000000004,-0.28979,-0.27103,-0.28311,-0.30619,-0.29562,-0.28108,-0.30338000000000004,-0.32558000000000004,-0.32193,-0.33141,-0.34621,-0.33704,-0.33355,-0.34889000000000003,-0.35623,-0.35461,-0.35546,-0.35702,-0.36066,-0.37322,-0.38965,-0.39715,-0.39925,nan,nan,-0.42796000000000006,-0.43262,-0.44188999999999995,-0.43272,-0.42868,-0.43068999999999996,nan,-0.44021000000000005,nan,nan,-0.46438999999999997,-0.46955,-0.45343999999999995,-0.45553,-0.46333,-0.46398999999999996,-0.47711000000000003,-0.48268,-0.47045,nan,nan,-0.48412,-0.49335,-0.50742,nan,-0.51707,-0.5057699999999999,-0.5061100000000001,-0.5181899999999999,-0.52473,-0.52785,-0.54038,-0.54845,nan,-0.5355,-0.53809,-0.52781,-0.52571,-0.53888,-0.54567,-0.55328,nan,-0.5809300000000001,-0.56429,-0.55842,-0.57965,-0.59704,-0.5998899999999999,-0.6018899999999999,nan,-0.59432,-0.58909,-0.5896100000000001,-0.59614,-0.62063,-0.64393,-0.6429600000000001,-0.64366,nan,nan,-0.61838,-0.62152,-0.6201300000000001,nan,-0.65803,nan,nan,-0.66145,-0.67624,nan,-0.67799,nan,-0.6937,nan,nan,-0.68696,nan,-0.71123,-0.7189,-0.73124,-0.74687,-0.7628,-0.77177,nan,-0.74684,-0.74939,-0.74963,-0.7722100000000001,-0.80385,-0.79222,-0.7688699999999999,nan,-0.78688,-0.80057,-0.8167300000000001,-0.82437,-0.82237,-0.82285,-0.81487,-0.79955,-0.8094899999999999,-0.82585,-0.83654,-0.86244,nan,-0.82719,-0.8304799999999999,nan,nan,-0.86288,-0.8837299999999999,-0.8769299999999999,-0.86651,-0.8646299999999999,-0.86751,-0.8759600000000001,-0.87815,-0.87539,-0.8781100000000001,nan,-0.88969,nan,-0.89975,nan,-0.8867200000000001,-0.88016,-0.86924,-0.8845,-0.8995799999999999,-0.88013,-0.8832200000000001,-0.9109,-0.90975,-0.91099,nan,nan,-0.89084,-0.90105,-0.90905,-0.91406,nan,-0.9212299999999999,-0.9179999999999999,nan,-0.92033,-0.9257,nan,-0.93819,nan,-0.9382,-0.95629,-0.95305,-0.9438,-0.96319,-0.97145,nan,-0.9577700000000001,-0.97352,-0.9647700000000001,-0.95755,-0.9638200000000001,-0.97305,-0.9868399999999999,nan,-0.98254,-0.97945,-0.98606,-0.97964,-0.97115,nan,-1.0103,-1.0070000000000001,-0.98567,-0.9830899999999999,-0.99569,-1.0016,-1.0106,-1.0286,-1.0288,-1.0118,-1.0198,nan,-1.0223,-1.0112,-1.0276,nan,-1.0364,nan,-1.0583,-1.0543,-1.0599,-1.0602,-1.0451,-1.0522,nan,-1.0378,-1.0427,nan,nan,-1.0477,nan,-1.0255,nan,-1.0716,-1.0596,-1.0534,-1.0591,nan,-1.0647,-1.0663,nan,-1.0561,nan,-1.0586,-1.038,-1.0392,-1.0505,-1.047,-1.0443,-1.0495,-1.0446,-1.0448,-1.0617,-1.0636,-1.0489,-1.0501,nan,-1.0582,-1.0484,-1.0439,-1.0483,-1.0490000000000002,-1.0369,nan,-1.0482,-1.0386,-1.0377,-1.0606,-1.069,-1.0609,-1.0575,-1.0498,-1.0402,-1.0527,-1.0687,-1.0547,-1.0453,-1.0702,-1.0709,nan,-1.0293,-1.0489,-1.0269,-1.0345,nan,nan,-1.0288,nan,nan,-1.0285,-1.0383,nan,-1.0321,nan,-1.0375,-1.0328,-1.0385,-1.0487,-1.0418,-1.0268,nan,-1.0351,-1.0307,-1.0239,-1.0254,nan,-1.0236,-1.0164,-1.002,-1.0115,nan,nan,-1.0279,-1.0205,-0.9960200000000001,nan,-1.0176,-1.016,-1.0131,-1.0105,-1.0057,-1.0107,nan,-1.014,nan,-0.98925,-0.98234,nan,-0.99454,-0.9918399999999999,-0.9950399999999999,nan,-0.9751200000000001,-0.9719,-0.97136,-0.9747899999999999,nan,nan,-0.9931,nan,nan,-0.9775200000000001,nan,-0.99241,-0.9809100000000001,-0.99582,-1.0009,nan,-0.97198,-0.98634,-0.9845799999999999,-0.98034,-0.9824200000000001,-0.98385,nan,-0.99549,-0.9915799999999999,nan,-0.97488,-0.96957,-0.97339,-0.9728399999999999,-0.9667100000000001,nan,nan,-0.95686,nan,-0.9591299999999999,-0.97267,-0.9652299999999999,-0.9527200000000001,nan,-0.97267,-0.9495399999999999,-0.9333299999999999,nan,-0.9578899999999999,-0.93904,-0.9605799999999999,nan,-0.94224,-0.9526,-0.9569700000000001,-0.9293399999999999,-0.9247700000000001,-0.9308200000000001,-0.92975,-0.9308700000000001,-0.91981,nan,nan,nan,-0.89961,-0.9216,-0.91976,nan,-0.92896,-0.9117700000000001,-0.9101799999999999,-0.92038,-0.91125,-0.90075,-0.8910299999999999,-0.87882,nan,-0.90774,nan,nan,-0.8796,-0.8753799999999999,-0.8679600000000001,-0.86693,nan,-0.88882,-0.86887,-0.86987,-0.8893399999999999,nan,-0.86182,-0.85482,-0.8559200000000001,-0.85414,nan,nan,-0.8380799999999999,nan,-0.8549399999999999,-0.8340799999999999,-0.8426,-0.85555,nan,-0.85075,-0.8502299999999999,-0.82629,nan,-0.83752,nan,-0.83165,nan,-0.82221,-0.8288,-0.84726,-0.8357700000000001,nan,nan,-0.82016,-0.81455,-0.8339,-0.8484299999999999,-0.8293200000000001,-0.8133,-0.81357,nan,-0.81279,nan,nan,-0.8034100000000001,-0.79879,-0.80513,-0.81519,-0.82335,-0.81853,-0.81062,-0.8042600000000001,nan,-0.79179,-0.79294,-0.77412,nan,-0.78246,-0.76695,-0.7461,-0.75241,-0.76939,-0.76862,-0.7504,-0.74045,-0.7451399999999999,-0.74648,nan,-0.73701,-0.7399399999999999,-0.738,-0.73839,-0.74127,nan,-0.71916,-0.70878,nan,-0.6976600000000001,-0.70307,-0.7069300000000001,nan,-0.71483,-0.72126,-0.71112,nan,-0.6951,-0.69344,-0.6865600000000001,-0.68995,-0.70262,-0.69275,-0.67482,nan,nan,-0.67807,-0.6665399999999999,-0.68065,-0.67547,-0.65252,-0.66141,-0.6755,nan,-0.66704,nan,-0.65647,nan,-0.65736,-0.6544800000000001,-0.6401,-0.65204,-0.6643600000000001,-0.6482399999999999,-0.63712,-0.64536,-0.6451600000000001,nan,-0.6310399999999999,-0.63378,nan,-0.62872,-0.621,-0.61141,nan,nan,-0.60269,-0.59688,-0.60251,-0.60247,nan,nan,nan,-0.6008100000000001,-0.60024,nan,nan,-0.58818,-0.58816,-0.5807,-0.57611,-0.57849,-0.56793,nan,-0.54983,-0.5592199999999999,-0.55078,-0.54071,-0.55283,-0.56867,-0.55886,nan,-0.52688,nan,-0.52181,-0.52815,-0.53743,-0.52477,-0.51407,nan,-0.5078,-0.50549,-0.5174,-0.51055,-0.49646999999999997,nan,-0.50183,-0.50936,-0.49888000000000005,-0.47513,-0.47268999999999994,nan,-0.48482,-0.47033,nan,-0.48299,-0.46629,nan,-0.46279,-0.46256,-0.46753999999999996,nan,-0.47361000000000003,-0.46918000000000004,-0.44911999999999996,-0.44268,-0.46596000000000004,-0.4691,-0.44643,-0.44014,nan,-0.43709,-0.43127,-0.42796000000000006,nan,-0.43044,-0.42128999999999994,-0.42066000000000003,-0.43268999999999996,-0.44068,-0.43623,-0.42532,-0.42101000000000005,nan,-0.4168,-0.42175,-0.42473999999999995,-0.40536,-0.39978,-0.40279,-0.37448000000000004,-0.3708,-0.38885,-0.36380999999999997,-0.3614,-0.38895,-0.36698000000000003,-0.35139000000000004,-0.36925,nan,nan,-0.35828000000000004,-0.35765,-0.348,-0.34084000000000003,-0.33553,nan,nan,-0.34344,-0.3263,-0.32574000000000003,nan,-0.33560999999999996,nan,nan,nan,-0.31187,-0.3116,-0.3016,-0.2908,-0.29646999999999996,-0.30294,nan,-0.30396,nan,-0.29266,-0.30025999999999997,-0.29484,-0.26988,-0.2651,-0.28042,-0.27987,-0.27116,-0.27626,nan,-0.2726,-0.27265,-0.28797,-0.28163,-0.2667,-0.28433,-0.28902,-0.2634,-0.26327,-0.2692,-0.25148000000000004,nan,-0.26416,-0.26095,-0.25722,-0.26169000000000003,nan,-0.26655999999999996,-0.27885,-0.26187,-0.2404,-0.24722,-0.2422,-0.22985,-0.24245999999999998,nan,nan,-0.28335,-0.25937,-0.23831,nan,-0.25187,-0.23603000000000002,nan,-0.2693,nan,nan,-0.25823,-0.25418,-0.24985,-0.25989,-0.25075,nan,-0.24004,-0.25390999999999997,-0.26269000000000003,-0.25992,nan,nan,-0.26083,-0.26018,-0.26106999999999997,-0.25705,-0.26021,-0.27754,nan,-0.27239,-0.28754,-0.28588,-0.26845,-0.26957,-0.27158000000000004,-0.27129000000000003,-0.2818,-0.28846,nan,-0.29245,nan,-0.2842,-0.29274,-0.29162,-0.29522,-0.30413,nan,-0.30034,-0.30298,-0.30376,-0.30051,-0.30593000000000004,-0.31475,-0.31431,-0.31063,-0.31524,-0.32411999999999996,-0.32450999999999997,-0.32498,-0.34639000000000003,-0.3725,-0.37222,nan,-0.3526,-0.35952,-0.35298,-0.35388000000000003,-0.37119,-0.37636,-0.37861999999999996,nan,-0.41248999999999997,nan,-0.41588,-0.42255,-0.41973,-0.43551000000000006,-0.46082,-0.45561,nan,-0.45857,-0.47841000000000006,-0.47229,-0.46812,-0.47991999999999996,-0.48166000000000003,nan,-0.45943,-0.4818,nan,-0.50466,-0.50685,-0.51726,-0.50944,-0.49883,-0.5082300000000001,-0.52346,-0.52645,nan,-0.53588,-0.54619,-0.5455899999999999,-0.56057,-0.58607,-0.58153,nan,-0.5835199999999999,-0.5997399999999999,-0.59938,nan,-0.60958,-0.63071,-0.64472,nan,-0.60236,-0.62737,-0.65289,-0.64002,nan,-0.66032,-0.67483,-0.6735800000000001,-0.6869,-0.69658,-0.69215,-0.69912,-0.7145100000000001,-0.71545,-0.71986,-0.73701,-0.7437,-0.75336,-0.77149,-0.77152,nan,nan,-0.77565,nan,nan,-0.79993,-0.8203299999999999,nan,-0.82534,-0.8338200000000001,-0.8469200000000001,-0.8335299999999999,-0.82691,-0.84621,-0.85595,-0.86177,-0.8864700000000001,nan,-0.8880299999999999,nan,nan,-0.94196,-0.9414799999999999,nan,-0.93073,-0.9461700000000001,-0.9622799999999999,-0.97536,-0.9839100000000001,nan,-0.9573200000000001,-0.97404,-0.99197,nan,-0.9966700000000001,nan,-0.9916799999999999,-0.9994799999999999,nan,-0.9935799999999999,-1.0063,-1.0487,nan,-1.0436,-1.0697,-1.0524,-1.0487,-1.0715,-1.0617,nan,-1.0791,-1.1016,nan,-1.1144,-1.122,-1.1131,nan,nan,-1.1203,nan,-1.1340000000000001,-1.1339,-1.1209,-1.1235,-1.1332,-1.124,-1.119,-1.1366,-1.1521,nan,nan,-1.1212,nan,-1.1545,-1.1431,-1.1234,nan,-1.1347,nan,-1.1223,-1.1411,nan,-1.1429,-1.129,nan,-1.1434,-1.1441,-1.1532,-1.1373,-1.1264,-1.1515,-1.1657,-1.1424,nan,nan,-1.1308,-1.1359,-1.1556,-1.1568,-1.1354,-1.1166,-1.111,-1.1066,-1.0908,-1.0697,-1.0623,-1.0713,-1.067,nan,-1.0655,-1.063,-1.0308,nan,-1.0278,-1.0170000000000001,-0.98782,-0.98246,-0.99565,-0.99551,-0.9894299999999999,-0.99515,-0.9883299999999999,-0.95536,-0.9353799999999999,nan,-0.90879,-0.89102,-0.89979,-0.8951399999999999,nan,-0.85509,-0.8567,-0.8438899999999999,-0.82919,-0.82534,-0.81682,-0.8074899999999999,-0.79147,-0.75289,-0.72268,-0.7169300000000001,-0.70318,-0.67504,-0.66097,-0.65546,-0.63346,-0.61378,-0.61198,-0.59395,-0.5526399999999999,nan,-0.50976,-0.48498,-0.45387,-0.43316000000000004,-0.41172,-0.38738,-0.36835999999999997,-0.33976,nan,-0.28031,-0.25929,nan,-0.19183,-0.17934,-0.1458,-0.10870999999999999,-0.09206900000000001,nan,-0.007797,0.029304000000000004,0.051177999999999994,0.078582,0.10805,0.13682,0.17389000000000002,0.21165,nan,0.3083,nan,0.35806,0.4053,0.44043999999999994,0.47028000000000003,0.50883,0.5383,0.5938899999999999,nan,0.67403,0.68752,0.74141,0.78876,nan,0.86236,0.90553,nan,nan,1.0332,1.0712,1.1233,1.1538,1.1809,1.2218,1.2670000000000001,1.3258,1.385,1.3961,1.4025,1.4663,1.5238,1.5572,1.6177,nan,1.6765,nan,1.7591,nan,1.8491,1.8756,1.9206,1.9912,2.0291,2.0443,2.0833,nan,2.1584,2.1798,2.2178,2.2657,2.3046,2.3413,2.3808,2.4102,2.4428,2.495,nan,2.5734,2.6026,2.6388,2.6731,2.6938,nan,2.7628,2.8019,2.8078,2.8274,nan,2.9199,2.9487,2.9439,2.9287,2.9511,nan,2.9809,nan,2.9774,2.995,3.0038,2.9927,2.9766,2.9713,2.9759,2.9828,2.9713,nan,2.9392,2.9508,2.9508,2.9452,nan,2.9108,2.8877,2.8663,2.8541,2.8495,2.827,2.7976,2.7836,2.7656,2.7427,2.7286,2.7133,nan,2.6953,2.6767,2.6455,nan,2.6183,2.5875,2.5636,nan,nan,2.5135,2.515,2.4869,nan,2.4722,2.461,2.4299,2.4172,2.411,2.3897,2.3708,2.3653,nan,nan,nan,2.3368,2.3011,nan,2.2609,nan,2.2304,2.2162,2.2179,2.2106,2.2051,2.2043,2.1731,2.1527,2.164,2.1388,2.1048,nan,2.1136,2.0664,2.0352,2.0336,2.0359,2.035,2.0353,2.0325,2.0201,2.0054,1.9971,1.9876,1.962,1.9285,1.9147,1.9193,1.9208,nan,nan,nan,1.8765,1.8689,1.8442,nan,1.8357,1.8104,nan,1.8159,1.8098,1.7952,1.78,1.784,1.7821,1.75,1.736,nan,nan,1.7193,1.7268,1.7107,1.6997,1.6913,1.6746,1.6785,1.6861,1.673,1.6582,1.6466,1.6423,1.6436,1.6355,1.6317,1.6321,1.6227,1.6224,nan,1.5969,nan,1.5878,1.5652,1.5487,1.5626,1.5693,1.5595,1.5576,1.5466,1.5256,nan,1.5464,1.5369,1.5418,nan,1.5182,1.5186,1.5455,1.5468,1.5303,1.5226,1.5249,1.5265,1.5197,nan,1.5152,1.5104,1.5008,1.4934,1.4863,1.4802,1.4824,1.4846,1.4766,1.4726,1.4736,1.4654,nan,1.4716,1.4738,1.4727,1.472,1.465,1.4578,1.4485,1.4394,1.4497,nan,nan,nan,nan,nan,1.4322,1.4291,1.43,1.4235,1.409,1.4112,1.4194,nan,1.4131,1.4296,1.4198,1.3979,1.3982,1.4002,1.3895,1.3901,1.4063,1.4044,1.3756,1.3652,nan,1.3506,1.3343,1.3451,1.3319999999999999,nan,1.3438,1.3273,1.3116,1.3229,1.3104,1.3015,1.3126,1.3053,1.3036,1.3135,1.3046,1.2954,1.2877,1.2614,nan,1.2444,1.2594,1.2567,nan,1.2277,1.2367,1.2373,1.2228,1.2162,1.2201,1.2092,1.1840000000000002,nan,1.1802,1.1849,1.1774,1.1673,nan,nan,1.1596,1.1501,1.1531,nan,1.1555,nan,1.1431,1.138,1.1308,1.1236,1.0999,1.0894,1.0996,1.0959,1.0826,1.0661,1.0482,1.0555,1.0713,1.0698,nan,1.0357,1.0149,nan,nan,1.0133,1.0108,1.0249,1.0249,1.0165,1.0143,1.0167,nan,nan,nan,0.9826,0.9861700000000001,0.9727899999999999,0.9611799999999999,0.9626299999999999,0.9560200000000001,nan,0.9516700000000001,0.9326,0.91443,0.9193899999999999,0.9169200000000001,nan,0.8885200000000001,0.8971,nan,nan,0.8874299999999999,0.8890600000000001,nan,0.87629,nan,nan,0.8758799999999999,nan,0.8746700000000001,0.87336,0.84715,0.84125,nan,0.83415,0.82678,0.82124,0.82524,0.843,0.8352299999999999,0.80706,0.8092199999999999,0.8275399999999999,0.8164100000000001,0.80143,0.81176,0.8062199999999999,nan,0.76895,0.7791600000000001,0.7962100000000001,0.79656,0.76559,0.74855,0.75862,0.75592,nan,0.74935,0.7431,0.73611,0.7400100000000001,0.73998,0.73729,nan,0.72941,0.70982,0.71223,0.71619,0.7007800000000001,0.6994600000000001,0.7075600000000001,0.69862,nan,nan,nan,0.67996,0.67432,0.67398,0.66873,0.65955,0.66618,nan,nan,0.67179,0.66427,0.66192,0.6672399999999999,0.66303,nan,0.66752,nan,0.67096,nan,0.63913,nan,0.6212,0.6198600000000001,0.61095,0.6128600000000001,0.60624,0.58767,0.58016,0.5776399999999999,0.58168,0.5986100000000001,0.59326,0.55325,0.5353600000000001,0.55542,nan,0.52472,0.53009,nan,0.5321100000000001,0.5166,0.5209199999999999,0.52766,nan,0.48139,0.49623,0.5153,0.50117,0.48923,0.48011000000000004,0.46345,0.47263999999999995,0.48408999999999996,0.46437,nan,nan,0.45068,0.45066000000000006,0.45411999999999997,0.45028999999999997,0.44272,0.4367,0.42778,0.41095,0.39905999999999997,0.40069,nan,0.3889,0.39414,nan,0.38238,0.3713,0.36462,0.35586,0.36162,nan,nan,0.34535,0.35169,0.35516,0.34883000000000003,0.3417,nan,nan,0.33738,0.31163,0.29167,0.31053000000000003,nan,0.29229,nan,0.3052,0.27723000000000003,0.27936,0.28589000000000003,0.28086,nan,0.27655,0.26913000000000004,0.27039,0.26563000000000003,0.25267,0.251,0.25219,0.23873000000000003,0.22668000000000002,0.22771999999999998,0.22433000000000003,0.21463000000000002,0.21711,0.21597,0.19382,0.18706,0.19726,0.18989,0.18892,nan,0.18253,0.17774,0.185,nan,nan,0.14247,0.13423,0.13432,0.13024000000000002,0.12108,nan,0.12667,0.1001,0.11039000000000002,0.13096,nan,0.07906200000000001,0.095644,0.11431,0.1035,0.093295,0.088684,0.07860299999999999,0.078562,0.079712,0.06744299999999999,0.0588,0.06424500000000001,nan,0.069896,0.069569,nan,0.058824,0.037623000000000004,0.022522,nan,0.037925,0.032345,0.027552999999999998,0.035653,0.035450999999999996,nan,nan,0.02156,0.032976,0.025304,0.01379,nan,0.034451999999999997,0.0096589,nan,0.0036815,-0.0063209,0.0086654,0.017452000000000002,0.004074800000000001,0.005097399999999999,nan,-0.006619,nan,-0.0099065,-0.016825,nan,-0.022646,-0.023769,nan,-0.021571,-0.027377,-0.026614999999999996,-0.033198000000000005,nan,-0.047403,-0.039487,nan,-0.029633,nan,nan,nan,-0.038474,-0.053287,-0.063462,nan,-0.047818,-0.053876,-0.058778,-0.059681,-0.065081,nan,-0.058448,nan,-0.045952,-0.04908,-0.057299,-0.06110499999999999,nan,-0.049012,-0.046717,-0.048636,-0.060683,-0.069756,-0.05821900000000001,-0.04745,nan,-0.061561000000000005,nan,-0.049395,-0.038977,-0.038678,-0.060864999999999995,-0.072159,-0.055476,-0.049344,nan,-0.066713,-0.054997000000000004,-0.049303,-0.039372000000000004,nan,nan,-0.056071,-0.058210000000000005,-0.045226999999999996,-0.033832999999999995,-0.051636,-0.056019000000000006,-0.047269,-0.064157,-0.060348,-0.038269,-0.050836,-0.055322,-0.035863,-0.042629,-0.049062,-0.03238,-0.034502,-0.048596,nan,-0.037916000000000005,nan,-0.040780000000000004,-0.025792000000000002,-0.025057,-0.022151,nan,-0.024344,-0.025833,-0.007781199999999999,0.0043668,0.00029906,-0.0077777,-0.0057295,-0.0023891,-0.011953,-0.015538,-0.006784100000000001,-0.0043538000000000006,nan,-0.0058238,-0.0085488,0.0022389,0.003961500000000001,-0.006448399999999999,0.0048885,0.0012205999999999999,-0.024998,nan,0.006031,-0.015294,-0.012553,-0.0047806,-0.02787,-0.031830000000000004,-0.016305,-0.018098,-0.025717,-0.021672999999999998,-0.01429,-0.016138,-0.018296,-0.012991999999999998,-0.017588999999999997,-0.021119,-0.0030249,0.0038372,-0.013529,-0.0086208,0.008280200000000001,-0.002944,nan,0.0016664000000000002,nan,-0.0038679,0.00072606,nan,nan,-0.0079294,1.4072e-05,0.016727000000000002,0.0022593000000000005,-0.0019030999999999998,0.014903,0.011457,0.006461399999999999,0.016197,nan,0.0011955,0.0078572,0.015746,0.01384,0.00079127,-0.006572399999999999,0.0032172,0.0059995,nan,0.015088999999999998,0.014262,nan,0.0045193,0.0070604,0.005672600000000001,0.0049479,-0.00014784,nan,-0.0063187,nan,-0.006760800000000001,-0.0041698,nan,0.023463,0.010761,-0.0054808999999999995,nan,nan,0.015253999999999998,nan,nan,0.0057772,0.022359999999999998,nan,0.02394,0.016063,nan,0.016501,0.015153,0.012103000000000001,-0.0024341,-0.0044726,0.02025,0.034759,0.023504,nan,0.023409,nan,0.015819,0.010505,0.028808999999999998,0.035549000000000004,nan,0.019707,0.028295999999999998,nan,nan,0.036436,0.026482,0.037737,0.055805999999999994,0.045649,0.034480000000000004,0.051876,nan,0.071582,0.063208,0.05869,0.067261,0.088009,0.08644199999999999,0.068112,0.067686,0.074397,nan,0.081599,0.069664,0.090398,nan,0.06635,nan,0.09919299999999999,0.06967999999999999,0.13297,0.081967,0.070074
2.0,-0.59487,-0.85269,-0.9666299999999999,-0.71533,-0.8105899999999999,-0.86961,-0.7882100000000001,-0.85505,-0.8834,-0.84793,-0.8784299999999999,-0.89141,-0.8734,-0.87954,-0.89366,nan,-0.8991299999999999,-0.9116299999999999,-0.9201,-0.9207200000000001,-0.9323,-0.9404299999999999,-0.92411,nan,-0.92737,-0.95941,-0.97516,-0.94965,-0.92094,nan,-0.96721,nan,-0.9788399999999999,nan,-0.97614,-0.9343100000000001,-0.9838100000000001,-1.0306,nan,nan,-0.9922200000000001,-1.0141,-1.0029,nan,-1.0236,-0.9989600000000001,-0.99815,-1.0183,nan,-1.0095,-0.99455,-1.0091,-1.0258,-1.0137,-1.0046,-1.0058,-0.99193,nan,-0.98406,-0.97411,-0.98798,-1.0208,-1.0157,-1.0061,-1.0222,-1.0158,nan,-1.0218,nan,nan,-1.0232,-1.0069,-0.9632,nan,nan,nan,-0.98782,-0.9818399999999999,-0.98459,-0.9750200000000001,-0.99466,-1.0063,-0.97129,-0.9652200000000001,nan,-0.96719,nan,-1.0062,-0.9986,nan,-0.9653299999999999,-0.96421,-0.9602700000000001,-0.9650700000000001,-0.9637899999999999,-0.9605799999999999,nan,-0.96544,-0.95625,-0.94391,-0.94915,nan,-0.9479299999999999,-0.90346,-0.90322,-0.9215899999999999,-0.90569,-0.8980899999999999,-0.9019799999999999,-0.8655299999999999,-0.82385,-0.8154600000000001,-0.81401,-0.81321,nan,nan,-0.78133,-0.8134399999999999,-0.79798,-0.76645,nan,-0.78614,-0.79724,-0.79795,-0.7814300000000001,-0.77288,-0.7743399999999999,-0.76922,-0.77749,-0.79355,-0.79299,-0.79745,nan,-0.7770199999999999,-0.77837,-0.80978,nan,-0.76868,-0.76593,-0.79214,-0.81955,nan,-0.82357,-0.79143,-0.78498,-0.8154,nan,nan,-0.68077,-0.69445,nan,-0.69765,-0.6913100000000001,-0.69181,-0.6784100000000001,nan,-0.69196,nan,-0.73151,nan,nan,-0.69321,-0.72109,-0.73211,-0.7329100000000001,-0.7319,nan,-0.71148,-0.71978,-0.73277,-0.7117399999999999,-0.6817300000000001,-0.71012,-0.77505,-0.80888,-0.8114399999999999,nan,-0.77642,-0.77332,-0.7762399999999999,-0.75773,-0.75202,-0.77388,-0.78972,-0.7953100000000001,nan,nan,nan,-0.8380299999999999,-0.8299799999999999,-0.84185,nan,-0.79268,-0.77266,-0.79438,-0.79467,-0.7975800000000001,-0.79989,nan,-0.75867,-0.80878,-0.81592,nan,nan,-0.77174,-0.77482,nan,-0.7649,-0.78199,-0.81291,-0.80438,-0.79623,-0.81317,nan,-0.7671399999999999,-0.76758,-0.78969,nan,-0.77803,-0.7631600000000001,-0.74827,nan,-0.69143,-0.69222,-0.70589,-0.7054,-0.6868,-0.6814,nan,-0.73155,-0.71315,nan,-0.73373,-0.7209899999999999,-0.6892699999999999,-0.69324,-0.7085,nan,-0.69101,-0.6904899999999999,-0.68394,-0.69311,-0.70943,-0.69688,-0.6925100000000001,-0.71035,-0.68696,nan,-0.66732,-0.70562,-0.71121,-0.7078300000000001,-0.7036,nan,-0.69672,-0.71623,-0.71172,-0.68883,-0.6975399999999999,-0.73248,-0.7393,-0.71787,-0.71113,-0.7144699999999999,-0.69511,-0.67076,-0.67691,-0.69321,-0.69184,-0.69634,-0.7144,-0.71231,-0.6924600000000001,-0.69076,-0.7086899999999999,-0.71577,-0.70001,nan,nan,-0.7076600000000001,nan,-0.72496,nan,-0.71037,-0.72054,-0.72833,-0.71097,-0.7248100000000001,-0.75856,-0.7398399999999999,-0.70303,nan,nan,nan,-0.7807,-0.79698,nan,nan,-0.7941699999999999,-0.7845300000000001,nan,-0.7907,-0.79727,nan,-0.81085,nan,-0.7916,-0.78943,-0.80879,-0.81361,-0.79683,-0.80387,-0.8431,-0.8464200000000001,-0.8119,-0.8202799999999999,-0.8421200000000001,nan,-0.77507,-0.8043,-0.8113,-0.7963100000000001,-0.8206700000000001,-0.8458899999999999,-0.8361,-0.83152,-0.8347,-0.81402,-0.8032100000000001,-0.83142,nan,-0.81003,-0.8359,-0.8822,-0.8567299999999999,-0.82019,-0.83935,-0.8459200000000001,-0.82209,nan,nan,-0.8668100000000001,-0.86021,-0.90071,nan,-0.90128,-0.9083600000000001,nan,-0.88289,nan,nan,-0.94435,-0.9207799999999999,nan,-0.96354,nan,-0.9252799999999999,-0.90144,nan,nan,-0.96415,nan,-0.9383600000000001,-0.9431700000000001,-0.92966,-0.91755,nan,-0.96159,-0.95754,-0.94331,-0.94875,-0.9672200000000001,-0.96611,-0.95588,nan,-0.9824200000000001,-0.9809100000000001,-0.9823299999999999,-0.9697,nan,-0.9473299999999999,-0.96554,-0.938,-0.92084,-0.95409,-0.97355,-0.9579700000000001,nan,nan,-0.96985,-0.9854299999999999,-0.9604,-0.94171,nan,-1.0033,nan,-0.9716299999999999,-0.94742,-0.9428,-0.9551799999999999,nan,-0.95942,-0.92456,nan,-0.9457200000000001,nan,-1.0033,-1.0013,-0.9500700000000001,-0.94939,-0.9860399999999999,-0.9719399999999999,nan,-0.98641,-0.98893,-0.96998,nan,-0.97364,-0.98582,-0.96325,-0.93069,nan,nan,-0.9488700000000001,nan,nan,-0.96641,-0.95535,-0.9657399999999999,-0.9806799999999999,-0.9757,-0.96577,-0.96219,-0.9578399999999999,-0.9444899999999999,-0.93545,-0.9471299999999999,-0.9647600000000001,-0.95696,-0.92591,-0.9205700000000001,nan,-0.9270799999999999,-0.89999,-0.9315,nan,-0.9835799999999999,-0.9875700000000001,-0.97011,-0.9434299999999999,-0.95619,-0.95494,-0.9228700000000001,nan,-0.96662,-0.9467899999999999,-0.9339299999999999,-0.9429,-0.94199,nan,-0.9647700000000001,nan,-0.9595899999999999,-0.92695,-0.8819,-0.90159,nan,-0.9481299999999999,nan,-0.9212299999999999,-0.93578,-0.9584600000000001,-0.9602,-0.9427,-0.9452,-0.9359799999999999,-0.9021100000000001,-0.90605,-0.91953,-0.8885299999999999,-0.8700700000000001,-0.8814799999999999,-0.8795299999999999,-0.8802200000000001,-0.8769899999999999,-0.84415,nan,-0.8634200000000001,-0.87907,nan,nan,-0.85182,-0.8658399999999999,-0.85515,-0.81713,-0.8266399999999999,-0.86092,nan,-0.82165,-0.81591,-0.80974,nan,-0.8608399999999999,-0.8499899999999999,nan,-0.81718,nan,nan,-0.79781,nan,-0.8075600000000001,nan,nan,-0.8459899999999999,nan,-0.8056,-0.7882600000000001,-0.79727,nan,-0.8096899999999999,nan,-0.79204,-0.79498,-0.79725,-0.79583,-0.78966,-0.77651,-0.7691899999999999,-0.77487,-0.77579,-0.7712899999999999,-0.7720199999999999,-0.75672,-0.73022,nan,-0.75358,-0.73187,-0.6986899999999999,-0.70611,-0.73077,-0.7216199999999999,-0.69339,-0.68694,-0.68815,-0.68842,-0.70403,-0.70522,nan,-0.68762,-0.65291,nan,-0.6664399999999999,-0.6836899999999999,-0.63157,-0.63978,-0.66914,nan,-0.62592,nan,-0.6168399999999999,-0.59235,-0.60988,nan,-0.60546,-0.63159,-0.6472,-0.63731,nan,-0.60864,nan,-0.60777,-0.60787,-0.59958,-0.60956,-0.6250899999999999,-0.61087,-0.58192,-0.56539,-0.55396,-0.54114,-0.53683,-0.54892,nan,nan,-0.51299,-0.47891000000000006,-0.486,-0.51188,-0.50021,nan,nan,-0.5415800000000001,-0.47715,-0.45103000000000004,nan,-0.44525,-0.48533999999999994,-0.5240199999999999,-0.46312,-0.43648000000000003,-0.48103,-0.46125,-0.42661000000000004,-0.45853999999999995,-0.47146000000000005,-0.43798000000000004,-0.4186,-0.41689,-0.41038,-0.39737,-0.39119,-0.39361,-0.3772,-0.3506,-0.35748,-0.37467,-0.36151,-0.34694,-0.35200000000000004,-0.36267,-0.37737,-0.37667,nan,-0.35284,-0.35516,-0.32553000000000004,-0.31055,-0.34539000000000003,nan,-0.36866,-0.3711,-0.37758,-0.33155999999999997,-0.28863,-0.31844,-0.32465,-0.27408000000000005,-0.2802,-0.31578,nan,-0.27516,nan,-0.23108,-0.23263000000000003,-0.2494,-0.23131999999999997,-0.23004000000000002,-0.2507,-0.22143000000000002,-0.17057999999999998,-0.16785,nan,-0.17912999999999998,-0.18796,nan,nan,-0.13729,-0.13271,-0.16142,-0.16293,-0.14373,-0.14595,-0.14104,-0.10717,-0.10041,nan,-0.12537,-0.11594000000000002,-0.12368,-0.12424,-0.11239,-0.10053,-0.095598,-0.10425,nan,-0.079104,nan,-0.10206,-0.098178,-0.10607,-0.12355999999999999,-0.10977999999999999,nan,-0.080362,-0.06326799999999999,nan,-0.061175,nan,-0.028005000000000002,-0.018163,-0.010740999999999999,nan,-0.039366000000000005,-0.016109000000000002,0.022198,0.02446,-0.0031252,nan,0.020074,0.043583,0.007345399999999999,0.00026006,0.057134000000000004,0.059105,0.023996,0.051264,0.067642,0.045656,0.07022,0.09134099999999999,0.068422,0.09234099999999999,0.14552,nan,0.10597999999999999,0.11546,0.11357,0.083577,nan,0.16676,0.16292,nan,0.14197,0.17737,0.1681,0.15254,0.15304,0.15219000000000002,0.1664,nan,0.18850999999999998,nan,0.1923,0.21746,0.21622,0.21458000000000002,nan,0.21095999999999998,0.23368000000000003,0.26018,0.26073,0.25513,nan,nan,0.2631,0.28104,0.28555,0.26892,0.28265999999999997,0.31815,nan,0.29829,nan,0.30501,0.27747,0.30705,0.32365,0.29486,0.29231999999999997,0.30512,0.29607,0.29381,nan,0.3413,0.36608,0.35038,0.31749,0.31440999999999997,0.33126,0.36145,0.39934000000000003,0.39721,0.36123,nan,0.37738,0.40152,0.42135,nan,0.40341,0.38253000000000004,nan,0.40234000000000003,0.39182,nan,nan,0.3901,0.41745,0.42585,nan,0.4203,0.46371999999999997,0.44576000000000005,0.42578,0.46057,0.47631999999999997,0.46286000000000005,0.46465,0.4662,0.4704,0.48558999999999997,0.48827,0.49027,nan,0.46826999999999996,nan,nan,nan,0.47561000000000003,0.47835,0.52189,nan,nan,nan,nan,0.51151,nan,0.55478,0.55274,nan,0.54843,0.53368,0.5354800000000001,0.55281,nan,0.54096,0.5291600000000001,0.54028,nan,0.59322,0.59118,0.60561,0.6133,0.59797,0.59355,0.5909399999999999,nan,0.5826899999999999,0.6176699999999999,0.63648,0.6360899999999999,0.6353300000000001,0.63743,0.6334,0.61132,0.59204,nan,0.6361600000000001,0.6408699999999999,0.63397,0.6351100000000001,nan,0.66798,0.6754899999999999,0.66298,nan,0.65395,nan,nan,0.6754399999999999,nan,0.6844100000000001,nan,0.68907,0.6693600000000001,0.65456,0.65971,0.69819,0.7195600000000001,0.69039,0.68215,nan,0.72775,0.71827,0.71928,0.7094600000000001,nan,0.69784,0.6882699999999999,0.67586,0.69363,0.7269899999999999,nan,0.72433,0.6974,0.7068300000000001,0.72125,0.70157,0.70721,0.73815,0.71986,0.69757,0.71695,nan,0.69589,0.6983699999999999,0.69416,0.70629,nan,0.72227,nan,nan,0.7178100000000001,0.69434,nan,0.70112,nan,0.72825,0.7611,nan,0.74217,0.73959,0.73885,0.73882,0.7430100000000001,0.7370800000000001,0.7235,nan,0.7185699999999999,0.7044699999999999,0.6988,0.72382,nan,nan,nan,nan,0.66591,0.6802699999999999,0.7320300000000001,nan,0.72009,0.75458,0.75178,0.71787,0.72122,0.71375,nan,0.76475,0.73123,0.6754100000000001,0.71862,nan,0.69682,0.71673,0.7529,nan,0.73585,0.73959,0.71918,0.71475,nan,0.7377600000000001,nan,0.73317,nan,nan,nan,0.71782,0.73828,0.73469,0.71925,0.72575,0.71136,0.69611,0.7283,0.7350800000000001,0.70048,nan,nan,0.72016,0.72247,0.71536,0.69785,0.71888,0.74397,0.72511,nan,0.72845,0.74078,nan,0.7219300000000001,0.73669,0.7424,0.73956,0.74061,0.73007,nan,0.73516,0.74095,0.71223,nan,nan,nan,nan,nan,0.72428,0.73873,nan,0.7158800000000001,0.71294,0.74038,nan,nan,0.7107899999999999,0.71767,nan,0.71932,nan,0.70599,nan,0.74021,0.7277100000000001,0.72335,0.7391800000000001,0.72802,0.71835,0.71848,0.703,0.7076600000000001,nan,0.7475,0.73375,0.73866,nan,nan,0.69785,0.7357600000000001,0.7287,0.69696,0.72111,nan,0.73814,0.72543,0.71737,nan,0.73816,0.7346,0.71891,0.72463,0.71167,0.69688,0.71817,nan,0.6771199999999999,nan,0.69984,0.67781,0.68128,nan,0.7192,0.7267399999999999,0.74802,0.7427,0.70906,0.70192,0.71831,0.71878,0.72624,0.7401399999999999,nan,0.69805,nan,0.71512,0.6957899999999999,0.71339,0.7391800000000001,0.73705,0.7229399999999999,0.71499,0.72402,0.72493,0.70094,0.7038,0.72232,0.70211,0.70524,0.7400100000000001,0.7108300000000001,0.67577,0.7105100000000001,0.72113,0.69531,nan,nan,0.71854,0.73237,nan,0.71239,0.67985,0.68501,0.6993699999999999,0.70049,nan,0.69722,nan,nan,0.67824,0.69726,0.6943199999999999,0.6745399999999999,0.6724,0.6885399999999999,0.6975399999999999,0.68743,nan,0.65417,0.6573399999999999,0.6510199999999999,0.6342800000000001,0.63394,0.63686,0.61237,nan,0.6430899999999999,0.6754899999999999,0.65166,0.6326,0.63462,0.62135,nan,nan,0.63622,0.64382,nan,0.62174,0.5807,0.59006,0.61432,0.61314,nan,0.6290100000000001,0.6399699999999999,0.63605,nan,0.6062,0.57412,0.5603,nan,0.5947899999999999,0.5644600000000001,0.55208,0.56977,0.5624899999999999,0.55024,0.56852,0.5626399999999999,0.5163300000000001,0.50444,0.53674,0.55183,0.5497,0.54838,0.51988,0.48857,0.5000399999999999,0.50765,0.48893000000000003,nan,0.5361899999999999,0.52037,0.47896000000000005,0.467,0.48381,nan,0.45871000000000006,0.44353000000000004,0.46226000000000006,0.46374,0.45958000000000004,0.49373999999999996,nan,0.4615,0.43615,0.44848999999999994,0.44977,0.44928,0.46858,0.47363999999999995,0.45247,nan,0.45258999999999994,nan,0.42557,0.44631000000000004,0.43751,nan,0.45708999999999994,0.46251000000000003,0.42122,nan,0.4368,0.42221000000000003,nan,0.41105,0.40101,0.36914,0.37223,0.40269,0.42041000000000006,0.43317,0.42326,nan,0.36323,0.38028,0.38326,0.38671,nan,0.35867,0.38386,0.42343000000000003,0.40021999999999996,nan,0.40191,0.3842,0.3566,0.36144,0.34317,nan,0.33576999999999996,0.36909000000000003,0.35353,nan,0.35873,0.35964,0.34115,nan,0.36241,nan,0.30894,0.36679,0.40623000000000004,0.35746,nan,0.33562,0.34915999999999997,0.33979000000000004,0.34184000000000003,0.32376,nan,0.31033,nan,0.33361,0.3017,0.3034,0.32447,nan,0.30504000000000003,0.29941,0.31543000000000004,0.32615,0.31643000000000004,0.30177,0.29496999999999995,0.30033000000000004,0.31701,0.31726,0.29411,0.30428,0.36069,0.37882,0.32247,0.2716,0.28231,0.302,0.28599,0.27931,0.2977,0.29054,0.27849,nan,0.3303,0.31655,0.29164,0.26753000000000005,0.28036,0.31928,0.3051,nan,0.29541,0.29147,0.27771999999999997,nan,0.31361,0.27664,nan,0.30582,0.29634,0.2986,0.29452,nan,0.28914,0.30207,nan,nan,0.26619,0.27734000000000003,nan,0.25437,0.25539,nan,0.28659,0.27963000000000005,0.25611,0.27028,0.297,0.27583,nan,0.27619,0.2661,0.22091999999999998,0.21124,nan,nan,0.2346,0.23881,0.23449,0.23424,0.23487,nan,nan,0.20447,0.24422,0.2398,0.21673,0.18206,nan,0.16897,nan,0.18208,0.15236,0.15516,0.15719,0.13313,0.13499,nan,0.12294000000000001,0.086859,0.11779,0.14565999999999998,0.12442,0.10930999999999999,0.1112,0.10768,0.10883,0.10622000000000001,0.08480399999999999,0.06919,0.071515,0.065103,0.050055,0.047243,nan,nan,0.054919,0.041942,nan,0.014031,0.023053,0.0079988,0.016145,0.0219,nan,-0.076486,-0.058724,-0.034314,-0.045385,-0.061142999999999996,-0.059040999999999996,-0.060121,-0.080973,nan,-0.092705,-0.080512,-0.075949,-0.080097,-0.10163,-0.13257,-0.14057999999999998,-0.12384,-0.12630999999999998,-0.15312,nan,-0.11728,-0.13126,nan,-0.13091,-0.16045,-0.18657,-0.15680999999999998,-0.18792999999999999,-0.24896999999999997,-0.21014000000000002,-0.18585,-0.24409,-0.24925999999999998,nan,-0.24409,-0.26883,-0.26450999999999997,-0.26728,-0.27756,-0.2953,nan,-0.30972,-0.31178,-0.31288,-0.30387,-0.31813,nan,-0.35393,nan,nan,nan,nan,nan,-0.34979,-0.35189000000000004,-0.35103,-0.3581,-0.37824,-0.39273,nan,-0.39464,nan,nan,-0.42145,-0.4478,-0.47306000000000004,-0.47781,nan,nan,-0.50818,nan,-0.50073,nan,-0.47666000000000003,-0.47707,-0.48177,-0.5179600000000001,-0.57187,nan,-0.57484,-0.6067,-0.62561,-0.5907,-0.5922,-0.62844,nan,nan,nan,nan,nan,-0.69157,-0.65788,nan,nan,-0.68253,-0.69512,-0.69218,-0.67294,-0.7215699999999999,-0.77612,-0.73285,-0.70762,-0.77366,-0.8167800000000001,-0.80388,-0.79711,nan,-0.8170000000000001,-0.81721,-0.8006,nan,-0.8143199999999999,-0.8242,-0.80318,nan,nan,-0.8706,-0.83826,-0.8645200000000001,-0.90809,nan,-0.9023899999999999,-0.9258700000000001,-0.9232600000000001,-0.91353,nan,nan,-0.95514,-0.9631200000000001,-0.9627,-0.9736,nan,-0.96667,-0.9629,-0.99205,-1.0218,nan,-1.0216,-1.0065,-1.0011,-1.0044,-1.0033,-1.0109,-1.0291,-1.0288,-1.0176,-1.0303,-1.0461,-1.0429,-1.0502,-1.0533,nan,-1.0051,nan,-1.0291,nan,-1.0739,-1.0303,-1.0077,-1.0663,nan,-1.0637,-1.0577,-1.0736,-1.0664,-1.0599,-1.0765,-1.0902,-1.0879,-1.0827,-1.0668,-1.0553,-1.0876,-1.1112,-1.0674,-1.0358,nan,-1.1046,-1.1033,-1.0903,-1.0838,-1.087,nan,-1.04,nan,nan,-1.1022,-1.0773,-1.0897,-1.1065,-1.1046,-1.0913,-1.0629,-1.0355,-1.0467,nan,-1.1107,nan,-1.0713,-1.0599,-1.0489,-1.0629,-1.1007,-1.1125,-1.0859,-1.0553,-1.0474,-1.0574,-1.0705,-1.1033,nan,-1.1132,-1.0686,-1.0829,-1.0771,nan,-1.0424,-1.0662,-1.0322,-1.0276,-1.0481,-1.014,-0.99465,-1.0386,nan,-1.0102,-0.9790399999999999,-0.9953700000000001,-1.023,nan,-1.0065,-0.99777,-0.97588,-0.94431,-0.9481700000000001,-0.96446,-0.94788,-0.93424,-0.9441700000000001,-0.9444899999999999,nan,-0.8926200000000001,-0.85851,-0.867,nan,-0.84805,-0.82099,-0.81502,-0.80958,-0.8269799999999999,-0.83588,-0.79199,nan,-0.75369,nan,-0.71775,nan,nan,-0.71111,nan,-0.6920000000000001,-0.68991,-0.6914,-0.66079,-0.63351,nan,-0.62188,-0.62773,-0.62763,nan,-0.61129,-0.6276,-0.60153,-0.57138,-0.56514,-0.55002,-0.53292,-0.52441,nan,-0.49566000000000004,-0.50156,-0.50417,nan,-0.46216,-0.41828999999999994,-0.38087,-0.37394,nan,-0.36080999999999996,-0.33442,-0.34991,-0.37915,-0.35869,nan,-0.33958,-0.33914,-0.28824,-0.26587,nan,-0.23433,-0.19810999999999998,-0.20423,-0.20027,-0.17527,-0.14920999999999998,-0.12301,-0.12563,-0.14411,-0.11710999999999999,-0.066758,-0.055499,-0.072851,-0.076904,-0.062841,-0.049275,-0.032292,-0.002263,0.020439,0.024784,0.024227000000000002,0.036225,0.077234,nan,nan,0.092875,0.12699000000000002,0.12032999999999999,0.11134000000000001,nan,0.21731999999999999,0.21249,nan,0.25729,0.28063,0.29791999999999996,nan,0.27753,0.30126,0.3507,0.38303000000000004,0.39914,nan,nan,nan,0.45785,0.46479,0.46416999999999997,nan,0.5089899999999999,0.54077,nan,0.57022,0.58391,0.60845,0.63455,0.64167,0.6349899999999999,nan,0.6917,0.69615,0.67599,0.6842699999999999,nan,nan,0.7733800000000001,nan,0.88489,0.8875200000000001,0.85152,0.8419700000000001,0.88333,0.91665,0.9079,0.9157700000000001,0.98096,nan,nan,nan,1.0451,1.1132,1.1499,nan,1.1595,1.1658,nan,1.1877,1.2135,1.2427,1.2491,1.2841,1.3575,1.3929,1.3925,1.4087,1.4189,nan,nan,1.4873,1.4978,nan,1.5871,1.5979,1.5747,1.6305,1.6937,1.6884,1.7016,1.73,nan,1.7565,1.8211,1.8498,nan,1.8995,nan,1.9692,2.0032,nan,nan,2.1113,2.1271,nan,2.1734,2.2285,nan,2.2946,nan,nan,2.4006,nan,2.4195,2.5097,nan,2.542,2.5917,2.6073,2.6293,2.675,2.7101,nan,2.8423,2.8207,2.7937,2.8202,2.839,2.8507,2.8821,nan,nan,2.9685,nan,3.002,3.0308,3.032,3.0408,3.0895,3.1322,nan,3.1168,3.1271,3.1806,3.2207,nan,3.1707,3.1759,3.1919,nan,nan,3.2619,nan,3.2423,3.2392,3.2423,nan,3.2827,3.2776,nan,3.2429,3.2699,3.2829,nan,nan,nan,3.2949,nan,nan,nan,nan,3.3345,3.3523,3.3195,nan,3.3088,3.3034,nan,3.2767,3.2875,3.3056,3.2953,3.2834,nan,nan,3.2880000000000003,3.3231,3.3135,3.2823,3.3079,3.3455,3.3222,3.2856,nan,3.3055,3.3023,3.3157,3.3269,3.323,3.3358,3.325,nan,nan,3.3463
1.0,0.35102,0.15661,nan,0.16664,0.23373000000000002,0.22453,0.2293,0.23365999999999998,0.21406999999999998,0.2145,0.24791999999999997,0.21005,0.22865,0.27521,0.20995999999999998,nan,nan,0.24231999999999998,0.25933,0.25951,nan,0.25068,0.27362,0.34147,0.33084,0.32821,nan,0.40523000000000003,0.4107,nan,nan,nan,0.43915,0.41768999999999995,0.43404,0.46134,0.43248000000000003,0.43606999999999996,nan,0.42594,0.4644,0.44222,0.44756,0.46137,0.46343999999999996,nan,nan,nan,nan,0.46824,nan,0.4714,0.46416,nan,0.46008000000000004,nan,0.47385,nan,0.46758999999999995,0.45271999999999996,0.43535,nan,0.43632,0.43676000000000004,0.43767,0.43775,0.4374,nan,0.43621000000000004,0.43551000000000006,nan,0.38924000000000003,nan,nan,0.40139,0.39164,nan,0.39091,0.36961,0.38472,0.3991,0.38778,0.39910999999999996,nan,0.36879,nan,0.3455,0.36463,0.35939,0.34099,0.34918000000000005,nan,nan,0.34441,0.32899999999999996,0.28384000000000004,0.29841999999999996,0.33839,0.303,0.27655,0.27668000000000004,0.27621,0.28235,nan,0.24031999999999998,0.26141,0.25590999999999997,0.28567,0.27275,0.2306,nan,0.26098000000000005,0.24036,0.22876,0.23448000000000002,0.23003,0.25797,0.27955,0.21664,0.22457,nan,0.21774000000000002,0.22638000000000003,0.17905,0.18728,0.18732000000000001,0.1822,0.20724,0.20239000000000001,nan,0.19833,0.2065,0.15934,0.11760999999999999,0.12929000000000002,0.15858,0.083699,0.055829,0.10876,0.088622,0.070898,0.072091,0.056802,nan,0.038437,0.047982,0.01564,0.0033661999999999997,-0.021427,-0.044593,nan,-0.04473,-0.080814,-0.091815,-0.11722,-0.13623,-0.13483,-0.091584,-0.09590800000000001,-0.13552,-0.11509000000000001,-0.11785,-0.13099,-0.10918,-0.13505999999999999,-0.15719,-0.15449000000000002,nan,-0.18944,-0.20339000000000002,nan,-0.23092,-0.2499,-0.24244000000000002,nan,-0.26187,-0.26089,-0.29584,-0.26515,-0.29945,-0.31814000000000003,-0.27708,-0.26550999999999997,-0.28454,-0.2934,-0.2896,nan,-0.31853000000000004,-0.31786,nan,-0.33571999999999996,-0.32563000000000003,nan,-0.386,-0.36937,-0.34236,-0.36561,-0.31525,-0.36576,-0.37266,nan,-0.37215,-0.37465,-0.43061000000000005,-0.36593000000000003,nan,-0.40388,-0.43888999999999995,nan,-0.3886,-0.46346000000000004,-0.42813999999999997,-0.40721999999999997,-0.4079,-0.40734000000000004,-0.3927,-0.38511,-0.41641999999999996,-0.4329,-0.45621999999999996,-0.45725,-0.43035,-0.44498000000000004,-0.45421000000000006,-0.45297,-0.45288,-0.48377,-0.49838999999999994,-0.43391,nan,-0.48112,-0.46991000000000005,-0.47361000000000003,-0.47678000000000004,-0.47086000000000006,-0.45576000000000005,-0.49635,-0.46863,-0.44026000000000004,nan,-0.4707,-0.47777,-0.47172,-0.45558999999999994,-0.47376999999999997,-0.46118000000000003,-0.44581000000000004,-0.46484,-0.47611000000000003,nan,-0.45218,-0.45532,-0.45721000000000006,-0.4326,-0.43093000000000004,-0.42283000000000004,-0.44583999999999996,-0.47523000000000004,-0.45261,-0.47542,-0.48148,-0.43714,-0.42711000000000005,-0.43478,-0.46423000000000003,nan,-0.43726000000000004,-0.49962,-0.44061999999999996,-0.43941,-0.44973,-0.41736,-0.43736,nan,nan,-0.43001999999999996,nan,-0.45247,-0.45488,-0.44298000000000004,-0.42535,-0.4322,-0.43108,-0.4518,-0.47968,-0.43708,-0.44166000000000005,-0.44637,nan,nan,nan,nan,-0.43191999999999997,-0.4406,-0.46296000000000004,-0.43155,nan,nan,-0.4075,-0.40515,-0.4466,-0.44428999999999996,-0.41694,nan,-0.44255,-0.40267,-0.40896,nan,nan,-0.45366999999999996,-0.43756000000000006,-0.43096,-0.42,-0.38035,nan,-0.4135,-0.37656,-0.42176,-0.40763,nan,-0.34995,-0.34681999999999996,-0.40886999999999996,nan,-0.36051,-0.34515999999999997,nan,-0.38966999999999996,nan,-0.40946,nan,-0.34447,-0.31738,-0.3255,-0.35151,-0.36567,nan,-0.33981,-0.36365,-0.36685,nan,-0.33962,-0.3279,-0.31066,-0.31788,-0.3149,-0.29454,-0.2896,nan,-0.30571,nan,-0.30426,nan,-0.29249,-0.29408,nan,nan,-0.30049000000000003,-0.28029,-0.30988000000000004,-0.34039,-0.34124,-0.34271999999999997,-0.28101,-0.26658000000000004,nan,-0.28736,-0.31826,nan,nan,-0.29211,-0.29711,-0.26004,-0.24803000000000003,-0.29109,-0.28095,-0.27578,-0.29304,-0.27198,-0.29223000000000005,-0.2622,nan,-0.24368,-0.26031,-0.29166,nan,-0.24699000000000002,-0.24984,-0.2465,-0.24506,nan,nan,-0.22768000000000002,-0.24934,-0.20714000000000002,-0.19469,-0.21725999999999998,-0.2291,-0.20692,-0.17293,-0.2097,-0.22599,-0.20145,-0.22143000000000002,-0.20079,nan,-0.20102,-0.22213000000000002,-0.19948,-0.20302,-0.20292000000000002,-0.18602,-0.1576,-0.16598,-0.17761,-0.18166,-0.20260999999999998,-0.17997,nan,-0.19977999999999999,-0.18713,-0.17229,-0.17979,-0.17532,-0.18069000000000002,-0.2025,-0.18508,nan,-0.17167000000000002,-0.16852,-0.15657000000000001,-0.1837,-0.17627,-0.1777,-0.22093000000000002,-0.21149,nan,-0.20847,-0.18561,-0.15202000000000002,-0.16000999999999999,-0.20013,-0.20976999999999998,nan,-0.18044000000000002,-0.19385,-0.13955,-0.17005,-0.20204,-0.20054,-0.22714,-0.18825999999999998,-0.18609,nan,-0.17089000000000001,-0.18005,-0.17887999999999998,-0.17939000000000002,-0.16047,nan,-0.1868,-0.16501,-0.19575,-0.22158000000000003,-0.17775,-0.17772000000000002,nan,-0.19180999999999998,nan,-0.20016,-0.19844,-0.20556999999999997,nan,-0.20329,-0.21775999999999998,nan,-0.17828,-0.18641,nan,-0.17295,-0.1803,-0.22319,nan,-0.21938000000000002,nan,-0.18157,-0.22246,nan,nan,-0.20640999999999998,-0.17936,-0.17578,-0.1853,-0.20698000000000003,-0.19574,-0.20603000000000002,nan,-0.20254,-0.21906,nan,-0.15162,-0.17240999999999998,-0.20561999999999997,-0.19991,-0.17995999999999998,-0.15858,-0.16710999999999998,-0.19637000000000002,-0.19818,nan,-0.1925,nan,-0.17794000000000001,nan,nan,-0.14884,nan,-0.18773,-0.18266,-0.2015,-0.17953,-0.19671,-0.20312,-0.20062,-0.19125,-0.17393,-0.17681,-0.15648,-0.17589000000000002,-0.20524,nan,nan,nan,-0.17019,-0.15381,nan,nan,-0.18844,-0.15204,nan,-0.20085,-0.16304000000000002,-0.16117,-0.17897000000000002,-0.15903,-0.1698,-0.18664,-0.1568,-0.16714,-0.1748,nan,-0.20189000000000001,-0.15988,nan,nan,-0.19012,-0.18978,nan,nan,nan,-0.16016,-0.16857,-0.18581,-0.16491,nan,-0.21916,nan,-0.17983,-0.18188,nan,-0.20203,nan,-0.19501,-0.22098,nan,-0.17952,nan,-0.20786,nan,-0.16352,-0.17337,-0.15788,nan,-0.20382999999999998,-0.15779,-0.17319,-0.17553,-0.18247,-0.16363,nan,-0.20235999999999998,-0.1796,nan,-0.18613,-0.17376,nan,nan,-0.19802,-0.17941,-0.22408000000000003,-0.2129,-0.17118,-0.19931,-0.18458,-0.18892,-0.22768000000000002,-0.19938,-0.201,-0.20665,-0.17849,-0.18902,-0.20445,-0.19485999999999998,-0.17312,nan,-0.22441,-0.20848000000000003,-0.19317,-0.21666999999999997,-0.21982,nan,-0.18124,nan,-0.18085,-0.18980999999999998,-0.22798000000000002,nan,nan,-0.17769000000000001,-0.18009,-0.20363,-0.22338000000000002,-0.23154,-0.17847000000000002,nan,-0.16771,-0.17864000000000002,nan,-0.17965,-0.18064000000000002,-0.15775999999999998,-0.16849,-0.18583,-0.21644000000000002,-0.21439,nan,-0.17956,-0.17715999999999998,-0.19816,-0.18629,-0.18244000000000002,-0.20342000000000002,-0.16328,-0.16230999999999998,nan,-0.20265999999999998,-0.20152,-0.18755,-0.17098,-0.18132,-0.17325,nan,-0.24894000000000002,-0.2576,-0.1877,nan,-0.20540999999999998,-0.19769,-0.20351,-0.22968000000000002,-0.24988000000000002,-0.22555999999999998,-0.24228000000000002,nan,-0.22544,-0.25709,-0.24086999999999997,-0.25365,-0.29361,-0.27488,nan,-0.26715,-0.28254,-0.28604,-0.27219,-0.29425999999999997,-0.27421999999999996,-0.26746,nan,-0.29454,-0.28209,nan,-0.27416999999999997,-0.29541,nan,nan,-0.31415,-0.3147,-0.31985,-0.34706,-0.33249,-0.34398,-0.38611,-0.34133,-0.37087,-0.36363,nan,nan,-0.36224,-0.38592,-0.36739,nan,-0.39869,-0.38927,-0.34608,-0.38213,nan,-0.40668000000000004,-0.38237,-0.4064,-0.38861999999999997,-0.39168000000000003,nan,-0.37415,nan,-0.40848,-0.40464,-0.44442,-0.45583,-0.45824,-0.48158999999999996,-0.46411,-0.42621000000000003,-0.43238000000000004,-0.45558999999999994,-0.43161000000000005,nan,-0.44491,-0.42417,-0.43308,-0.46019,-0.49988999999999995,-0.47918,-0.47107,-0.47534,-0.4732,-0.47226999999999997,-0.47707,-0.47181999999999996,-0.43249,-0.44658000000000003,-0.47635,-0.45793,-0.45779,-0.48452,-0.49763999999999997,-0.47172,-0.47463999999999995,-0.52122,-0.4869,nan,-0.50589,-0.49432,-0.534,nan,-0.5001899999999999,-0.51655,-0.524,-0.51857,-0.5199600000000001,-0.52264,-0.51677,-0.4992,-0.5213300000000001,-0.52408,-0.51712,-0.53183,nan,-0.56317,-0.5384899999999999,-0.52232,-0.52228,-0.5374,-0.56533,-0.55082,-0.54519,-0.53632,-0.52156,nan,-0.5192,-0.5636800000000001,-0.54505,-0.57053,-0.57505,-0.54483,-0.5974,-0.58991,-0.6079899999999999,-0.63955,-0.6138899999999999,-0.62384,-0.63144,-0.60532,-0.61622,-0.6137600000000001,-0.60947,nan,-0.6480199999999999,nan,nan,-0.63073,-0.63959,nan,-0.6301100000000001,-0.6956,-0.67745,-0.66499,nan,-0.7185,-0.70409,-0.70581,-0.70314,nan,-0.73156,-0.71854,-0.73866,nan,-0.7275699999999999,-0.75203,-0.75374,-0.7447199999999999,-0.7651899999999999,-0.7693300000000001,-0.7762399999999999,nan,-0.82099,-0.8206899999999999,-0.7966300000000001,-0.79569,nan,nan,-0.8123199999999999,nan,-0.86241,-0.82068,-0.8523700000000001,nan,-0.89797,-0.90412,nan,-0.89166,-0.9116299999999999,nan,-0.9062100000000001,-0.9279200000000001,-0.9298700000000001,-0.93619,-0.92389,nan,-0.97721,nan,-0.96791,-0.9793700000000001,-0.9869700000000001,-0.99477,nan,-1.0071,-1.0005,-0.9984799999999999,-1.0553,-1.0899,-1.0881,-1.093,nan,-1.0959999999999999,-1.1172,-1.1157,-1.1321,-1.1518,-1.1708,nan,-1.183,nan,nan,-1.2288,-1.2368,-1.1901,-1.2063,-1.2723,nan,nan,-1.2998,-1.3171,-1.3568,-1.3679,-1.3607,-1.3653,-1.3657,-1.395,-1.4143,-1.3906,-1.4031,nan,-1.4108,nan,-1.4425,-1.4144,-1.4584,-1.4576,-1.4718,-1.4715,-1.4427,-1.4693,-1.4766,-1.4846,-1.528,nan,-1.5229,-1.5432,nan,-1.6062,-1.6007,-1.6411,-1.6202,-1.6342,-1.6402,-1.6376,-1.632,-1.6489,-1.6584,nan,nan,nan,-1.6945,-1.6963,-1.6963,-1.7393,-1.7319,-1.7562,-1.7552,-1.7554,-1.7325,-1.7527,nan,-1.7730000000000001,nan,nan,-1.8263,-1.8132,-1.8688,-1.8185,-1.8277,nan,-1.8634,-1.8949,-1.8935,-1.9072,-1.9065,nan,-1.9141,-1.9317,-1.9135,nan,-1.9793,-2.0054,-1.9884,-1.9785,-1.9789,nan,nan,-2.0298,nan,nan,-2.0852,-2.0759,-2.0446,-2.0823,-2.0695,-2.0764,-2.0993,-2.074,-2.0869999999999997,-2.0936,nan,-2.1469,-2.1402,nan,-2.1424,-2.1405,-2.1378,nan,nan,-2.1218,-2.144,nan,-2.1252,-2.1087,-2.1639,nan,-2.1551,-2.1675,-2.1647,-2.1668,-2.1487,-2.116,-2.1448,-2.1685,-2.1601,nan,-2.1655,-2.1664,-2.1823,nan,nan,-2.1818,-2.1856,nan,-2.1441,nan,-2.1631,-2.1802,nan,-2.1876,-2.1793,-2.1647,-2.1915,-2.1912,-2.1682,-2.1477,-2.1324,-2.1518,nan,-2.1656,-2.1659,-2.1641,-2.1887,-2.1551,nan,-2.1751,nan,-2.1434,-2.1423,nan,-2.1396,nan,-2.1279,-2.1315,-2.0826,nan,-2.1218,-2.0973,nan,-2.0455,nan,-2.0557,-2.0442,-2.0218,nan,nan,-2.0194,-1.9945,nan,-1.9499,nan,-1.9169999999999998,-1.9172,-1.8942,nan,-1.9041,-1.911,nan,-1.8735,-1.8615,-1.8256,-1.8672,-1.8321,-1.8337,-1.8269,nan,-1.7643,-1.7341,-1.756,-1.6938,-1.6964,-1.702,-1.6740000000000002,-1.6898,-1.6804,nan,-1.6209,nan,-1.6543,-1.585,-1.5818,-1.5773,-1.5183,nan,-1.4849,nan,-1.4611,nan,-1.4401,nan,-1.4213,nan,nan,-1.3713,-1.3202,-1.2635,-1.2348,nan,-1.1894,-1.2063,-1.1626,nan,nan,-1.1319,-1.0939,-1.0583,nan,-0.99982,-0.9770700000000001,-0.99935,-0.96578,-0.8875299999999999,-0.90175,-0.89326,-0.8363299999999999,nan,-0.80319,-0.75376,-0.74942,nan,-0.70189,-0.6411399999999999,-0.60954,-0.5905199999999999,-0.56897,-0.53614,nan,-0.52068,nan,-0.44723,nan,-0.36422,-0.36815,-0.28949,nan,-0.23278000000000001,nan,-0.1822,-0.12070999999999998,-0.06733600000000001,-0.08597,nan,-0.061659000000000005,-0.05486,0.014516999999999999,0.052801999999999995,0.079599,nan,0.21638000000000002,0.19408,nan,nan,0.32032,0.42895,0.41089,0.45631000000000005,0.48876000000000003,0.45761999999999997,0.4962,0.55196,0.5482199999999999,nan,0.6685,0.66474,0.71541,0.7922600000000001,0.8101,0.8562299999999999,nan,0.91656,0.94234,0.98336,1.0194,1.0706,1.075,1.0958,1.1276,nan,1.1466,1.1668,1.1842,1.2064,1.2258,1.2468,1.2672,1.2863,1.3044,nan,1.33,1.3124,nan,1.3155,1.3288,nan,1.3755,1.3796,1.3262,1.3635,1.3555,1.3242,1.361,1.3457,1.3507,1.3554,1.3065,1.3328,1.3515,1.3092,1.3119,1.3571,1.3492,1.3027,1.3427,nan,1.327,1.3153,nan,1.2554,1.2352,1.2585,1.2406,1.2498,1.2544,1.2312,1.2356,nan,nan,1.2168,1.1898,nan,1.2064,1.1848,1.1897,1.1638,1.1441,1.1465,1.1267,nan,1.1925,1.1329,1.1082,1.1697,1.1229,nan,nan,1.1059,1.1332,1.1631,1.1168,nan,1.1454,1.1426,1.1471,1.1454,1.1438,nan,1.139,1.1217,1.1438,1.1416,1.1778,nan,1.1569,nan,1.1228,1.1452,1.1447,nan,1.1293,1.1197,1.126,1.1625,nan,1.1425,nan,1.1656,1.161,1.1198,1.1488,1.1943,1.1626,nan,1.1883,1.1897,nan,1.1992,1.2206,1.2067,nan,1.2349,1.2111,1.2507,1.2498,1.2387,nan,1.2497,1.2372,1.2587,1.2613,nan,1.2794,1.2790000000000001,1.2990000000000002,1.3317,1.3265,1.3265,1.3062,1.3032,1.3022,1.3166,1.3245,1.3005,1.3337,1.3731,1.3552,1.3444,1.3698,1.3668,1.3449,1.3567,1.3739,1.3512,1.3439,nan,1.3846,1.3782,nan,1.3917,nan,nan,1.403,1.371,1.4011,1.4229,1.4219,1.4464,1.4396,1.4188,1.4156,nan,1.4464,1.429,nan,nan,1.4177,nan,1.4648,1.429,1.4338,1.4279,1.4346,1.4578,1.3937,nan,nan,1.4046,1.4141,nan,1.4295,1.4437,nan,1.4169999999999998,1.4424,1.4102,1.4013,1.4235,1.4216,1.443,1.4169,1.4146,nan,1.4417,1.4376,1.3999,1.4071,1.4415,1.3938,1.389,1.4345,1.446,1.4383,1.4512,nan,nan,1.4176,1.4209,1.4101,1.4461,nan,nan,1.4085,nan,1.4404,1.4046,1.3996,1.4463,1.4284,1.4169999999999998,nan,nan,1.4173,1.422,1.3957,1.4202,1.4522,1.4322,1.4161,1.4196,1.4405,1.4425,nan,1.4421,1.4378,1.4067,1.4324,nan,1.4185,1.4396,nan,1.4425,1.4704,nan,1.4857,nan,nan,1.4942,1.4968,1.5225,1.5512,1.5424,1.5104,1.5325,1.5295,1.5781,1.5278,1.5286,1.5566,nan,1.5594,1.5562,nan,1.6049,1.5885,1.5574,1.5761,1.5965,1.5513,1.5781,1.6012,1.5971,nan,1.6275,1.6184,1.5916,1.5779,1.6004,1.6219,1.6288,1.5959999999999999,1.5673,1.5909,1.5998,1.6031,1.6234,1.5856,1.5624,1.6314,1.6337,1.5882,1.6109,1.6224,1.6003,1.598,1.6192,1.6272,1.6223,nan,1.6223,1.6251,1.624,1.601,1.6182,1.6167,1.5909,nan,1.6189,1.5726,1.5749,1.6214,1.6085,nan,1.6366,1.6065,nan,1.6038,1.6236,1.6223,1.6293,1.6073,1.6038,1.5915,1.5801,nan,1.5779,nan,1.6207,1.6198,nan,nan,1.6204,1.5755,1.598,1.5876,1.5562,1.5651,nan,1.629,1.5901,1.5785,1.6228,1.5902,1.5663,1.5976,1.5934,1.5732,1.5797,1.5759999999999998,nan,nan,1.5490000000000002,1.5843,1.5964,nan,1.5756,1.5555,1.5572,1.5358,nan,1.5595,nan,1.5161,1.4878,1.5088,1.486,1.4956,1.433,1.4548,nan,1.4403,nan,1.4409999999999998,1.4418,1.4416,1.443,1.4407,1.4446,1.4372,1.4165,1.4175,nan,1.4026,1.3883,1.4106,1.4169999999999998,1.4242,1.4409999999999998,1.4185,1.4002,1.3724,1.4023,1.4154,1.3892,1.3971,1.3944,1.3948,1.3772,nan,1.3748,1.3761,1.3686,1.3459,nan,1.3246,1.3688,nan,1.334,nan,1.3316,nan,1.3039,1.3259,1.3258,nan,nan,1.3287,1.3392,nan,1.3055,nan,1.268,nan,nan,1.2231,1.2213,1.2651,nan,nan,1.1864,1.2129,1.1818,1.1367,nan,1.1826,1.168,1.1729,1.1385,1.1614,1.008,0.96186,1.0731,1.0511,1.0764,1.0551,1.0748,nan,nan,nan,nan,1.0107,0.98505,0.98416,nan,nan,0.9335899999999999,0.95352,0.9552299999999999,0.91086,0.8712700000000001,nan,nan,0.74085,0.72792,nan,nan,0.78014,0.7793399999999999,nan,0.7468899999999999,0.7290399999999999,0.73021,0.70208,0.71638,nan,0.6653600000000001,0.6844100000000001,nan,0.6434,0.64439,0.59814,0.6108399999999999,0.61263,0.57121,0.59945,nan,nan,nan,nan,0.57831,0.5234800000000001,0.52657,0.49312,0.49253,nan,nan,0.46823000000000004,0.48421000000000003,nan,nan,0.44356999999999996,0.40052,0.40615,0.40126999999999996,0.3617,0.37278,0.39171999999999996,0.33596,0.19463,0.26507,nan,nan,nan,0.29841999999999996,nan,0.25784,nan,0.25395999999999996,nan,0.17887999999999998,0.22775,0.22505,0.20909,0.25085,0.24218,0.21266999999999997,nan,0.20514000000000002,0.17856,0.16265,nan,0.14196,0.13839,0.14275,0.13355999999999998,0.10405999999999999,0.098776,0.090258,0.047472,nan,0.091824,nan,0.080661,0.080846,0.093875,0.070702,0.093558,0.081064,0.032484,0.025847000000000002,0.02111,-0.0096788,nan,-0.038375,0.0028054,-0.031477,-0.068253,-0.048546,nan,nan,-0.07442599999999999,-0.085989,-0.06667999999999999,-0.085564,-0.070771,-0.072884,nan,-0.084984,-0.084575,-0.06553099999999999,-0.066341,-0.06598899999999999,-0.075445,-0.10329,-0.10877,-0.11116,-0.10685,-0.086921,nan,-0.12034,-0.16344,-0.11429,-0.084342,-0.12097000000000001,-0.13505,nan,nan,-0.15953,-0.11,-0.082189,-0.13066,-0.12686,-0.14076,-0.18001,-0.17955,-0.1639,nan,-0.18905999999999998,-0.18344000000000002,nan,-0.20619,-0.17842,-0.17338,nan,-0.22787,-0.2117,-0.19932,-0.2388,-0.24269000000000002,-0.20287,nan,-0.22415,-0.23800000000000002,-0.24781,-0.25425,-0.27098,-0.24495,nan,-0.25136,-0.24139000000000002,nan,nan,-0.24094000000000002,-0.23321999999999998,-0.2072,-0.29317,-0.25898000000000004,nan,-0.25263,-0.25058,-0.27958,-0.26366999999999996,-0.24836999999999998,-0.2495,-0.24809,-0.24816,-0.24479,-0.25595,-0.27576999999999996,-0.26646,-0.24714,-0.22716,-0.20321,-0.21266999999999997,-0.23528000000000002,nan,nan,-0.17613,-0.18095,-0.20310999999999998,-0.16432,-0.15322,nan,-0.12584,nan,nan,-0.13477999999999998,nan,-0.083717,-0.11937,-0.13007,-0.08580299999999999,-0.05946799999999999,nan,-0.1131,-0.1131,-0.10387,-0.13241,-0.1166,-0.1165,-0.13497,-0.13467,-0.13392,-0.11016,-0.14679,nan,nan,-0.17862999999999998,nan,-0.13658,-0.15868,-0.15808,-0.15678,-0.14582,nan,-0.06977699999999999,-0.10747000000000001,-0.099789,-0.11345,-0.15457,-0.060292
6.0,-0.1702,nan,-0.28969,nan,-0.30861,-0.26174000000000003,nan,-0.29825999999999997,nan,-0.28134000000000003,-0.28498,-0.28431,-0.28204,nan,-0.30251999999999996,-0.29867,-0.26932,-0.28456,-0.2956,nan,-0.29657,-0.2829,nan,nan,nan,-0.27908,nan,-0.28755,-0.31046,-0.29331999999999997,-0.27736,-0.28386999999999996,-0.27032,nan,-0.28025,-0.27974,-0.26945,-0.26832,-0.27395,-0.29135,-0.29679,-0.28433,-0.28481,-0.27521999999999996,-0.27084,-0.28384000000000004,-0.27176999999999996,-0.27719,nan,-0.28481999999999996,nan,nan,-0.28174,nan,nan,nan,-0.2625,-0.27163000000000004,-0.28283,-0.28342,nan,-0.28393,nan,-0.28071999999999997,-0.28985,-0.29718,-0.2846,-0.27948,-0.28800000000000003,-0.27781,nan,-0.31077,-0.28743,-0.26511999999999997,nan,-0.29727,-0.30343000000000003,-0.31346,nan,-0.2988,-0.29523,-0.29972,-0.29399000000000003,nan,-0.29263,-0.3,-0.2968,-0.31198000000000004,-0.31566,-0.29327,-0.31146,-0.33959,nan,-0.30407,nan,-0.30946999999999997,nan,-0.30388000000000004,-0.28784,-0.28378000000000003,-0.29766,-0.31005,-0.3064,nan,-0.32502,-0.30288000000000004,-0.29312,-0.29864,-0.29788000000000003,-0.298,nan,-0.30271,-0.31049,-0.30983,-0.32193,-0.31875,-0.30849,nan,nan,-0.29951,-0.30567,nan,-0.30262,-0.31537,-0.30768,nan,-0.28925,-0.27310999999999996,nan,nan,-0.32647,-0.31312,nan,nan,-0.31121,-0.30883,-0.31232,-0.30491999999999997,-0.28374,-0.27942,-0.2932,nan,-0.31311,-0.32681,nan,-0.2757,nan,nan,-0.29902,-0.29091,-0.28219,-0.28415999999999997,-0.27379000000000003,-0.26797,-0.29244000000000003,-0.29801,-0.26216999999999996,-0.25503000000000003,-0.27549,nan,-0.25427,-0.2647,-0.26416,-0.23765,-0.22737,-0.23306999999999997,nan,-0.19979,nan,nan,-0.19735999999999998,-0.22309,-0.22863000000000003,-0.19335,-0.18311,-0.21236999999999998,nan,-0.20675,-0.17762,-0.17649,-0.20425,-0.20414000000000002,-0.17373,-0.18389,-0.19894,-0.17495,-0.16851,-0.17190999999999998,-0.15091,-0.14524,nan,nan,-0.15032,-0.1419,nan,-0.09798899999999999,-0.12409,nan,-0.086207,-0.10676,-0.084236,nan,-0.074863,nan,-0.034218,-0.033552,-0.020308,-0.012872,nan,-0.042952,-0.018588999999999998,-0.017339,-0.017164,0.0065236,0.0042068999999999995,-0.018406,-0.012633,0.0019434,0.0087765,nan,0.002727,0.023981,nan,0.020867,0.040594,0.062562,0.063817,nan,0.091206,nan,0.073699,0.07844,0.089781,0.098126,0.11559000000000001,nan,0.10438,0.1244,0.13608,0.13285,0.14559,nan,0.16376,0.15780999999999998,0.16136,0.1852,nan,0.17419,0.18929,0.18905,0.18405,0.19727999999999998,0.22096,nan,0.21925,0.21655,0.21470999999999998,0.21513000000000002,0.22991999999999999,0.22203,nan,0.24356999999999998,nan,nan,0.24611,nan,0.24056,0.26066,0.28021999999999997,nan,nan,nan,0.30963,0.3089,nan,0.28189000000000003,0.29385,0.301,0.31276,0.32550999999999997,0.32702,0.32784,0.32547,0.31414000000000003,0.31009000000000003,0.31761999999999996,0.32905999999999996,0.33975,0.34241,0.34017,0.34068000000000004,0.32677,0.31127,0.3223,0.32554,0.32666999999999996,0.33237,0.302,nan,0.35575,0.34413,0.33951,0.33634000000000003,nan,0.33981,0.33871,nan,0.34751,0.32584,nan,0.36219,0.33478,nan,0.3414,nan,0.35551,0.35375999999999996,0.36625,0.35762,0.32750999999999997,0.32961,0.34106,0.32915,nan,nan,nan,0.36774,0.36830999999999997,0.36694,nan,0.33815,0.36335,0.38659,0.36418,0.35100000000000003,0.37296,0.38273,0.36391999999999997,0.36408,0.40591,0.43098000000000003,0.39668000000000003,nan,0.38795999999999997,0.40116,0.39461,0.39563000000000004,0.38633,0.38132,0.41073000000000004,0.42161000000000004,0.39912,0.39569,0.39241,0.38076,nan,0.3802,nan,0.39471,nan,0.39862,0.4176,0.40385,0.40876,0.41573000000000004,nan,0.39111,0.40776999999999997,0.37351999999999996,0.38044,nan,0.39966999999999997,0.37753000000000003,0.42078999999999994,0.40051,0.36817,0.41928999999999994,0.43538999999999994,0.40621999999999997,0.41436000000000006,nan,0.38304,0.3914,0.39325,0.38154,nan,0.39096,0.38051,0.40010999999999997,0.41008,0.39183,0.37619,nan,0.40771,0.40443,0.38451,0.38397,0.38129,0.37664000000000003,0.4023,0.40478000000000003,0.39655999999999997,0.41092,0.38287,0.37122,0.39864,0.38538,nan,0.38724000000000003,0.37893000000000004,nan,nan,nan,0.35699000000000003,0.36718,0.36049000000000003,0.34062,nan,0.35234,0.3306,nan,0.32716,0.32699,0.32806,0.31364000000000003,0.32295,0.34244,nan,0.31553000000000003,0.30615,0.29715,0.29763,nan,nan,0.29286,nan,0.28970999999999997,0.25855,0.243,0.25794,nan,0.23976999999999998,0.24348000000000003,0.22471999999999998,0.20269,0.19780999999999999,0.21170999999999998,nan,0.21519000000000002,0.23076999999999998,0.21681999999999998,0.19885,0.20129,0.19130999999999998,0.17920999999999998,0.17023,0.17504,0.17740999999999998,0.14184000000000002,nan,0.17786,0.15095999999999998,0.11556,0.1316,nan,0.10465999999999999,0.11721,nan,0.088004,0.09054,nan,0.07668,0.072295,0.046537,0.036427999999999995,0.02306,nan,-0.00062506,0.020744,0.013072,0.0038079999999999998,-0.011858,-0.034272000000000004,-0.023712,-0.02076,nan,-0.048804,-0.058679999999999996,-0.064715,-0.06224,-0.095529,-0.12987,-0.11813,-0.12725999999999998,-0.14400000000000002,nan,-0.127,nan,-0.17179,-0.17324,-0.18238,-0.19067,-0.20340999999999998,nan,-0.19311,-0.23256,-0.25806,-0.24076999999999998,-0.24968,-0.27597,-0.28696,nan,nan,-0.32824000000000003,-0.31793000000000005,-0.33179000000000003,-0.3657,-0.36225,-0.33676999999999996,-0.34421999999999997,-0.35358,-0.35714,-0.39607,-0.40305,nan,-0.44155,-0.45611999999999997,nan,nan,-0.46648,nan,-0.43349,-0.45753999999999995,-0.47846000000000005,-0.47436000000000006,-0.4915,-0.50548,-0.50593,nan,-0.53557,-0.53309,-0.5482,-0.5593,-0.5551,-0.53398,-0.53762,-0.57225,-0.5617800000000001,-0.53504,-0.5727300000000001,-0.57724,-0.5367,-0.58859,-0.6076199999999999,-0.57535,nan,-0.6075699999999999,-0.56652,-0.60588,-0.60634,nan,-0.63035,-0.6247699999999999,-0.59196,-0.57592,-0.57387,-0.59675,-0.62956,-0.6218100000000001,-0.61277,-0.63856,-0.6443800000000001,-0.6190399999999999,-0.61797,-0.63384,-0.6289,nan,-0.64745,nan,-0.65694,-0.65774,-0.6463,-0.64288,-0.64245,-0.6437,-0.66409,nan,-0.6724899999999999,-0.68602,-0.67592,-0.65976,-0.65413,-0.65825,-0.68018,-0.68512,-0.65294,-0.64635,-0.6692600000000001,-0.66995,nan,nan,nan,-0.6889,-0.66694,nan,-0.6861,nan,-0.6644899999999999,-0.6744100000000001,-0.6867300000000001,-0.69876,-0.68988,-0.68529,-0.7015399999999999,-0.70121,nan,-0.6855,nan,-0.7147100000000001,-0.69184,nan,nan,-0.71439,-0.70996,-0.7267399999999999,-0.74185,-0.72473,-0.71114,-0.7239800000000001,-0.71943,-0.71548,nan,-0.75676,nan,-0.7186899999999999,-0.741,-0.72677,-0.73406,-0.7338899999999999,-0.70028,-0.71285,nan,-0.7327899999999999,-0.7269399999999999,nan,-0.72711,nan,-0.75056,-0.7155,nan,-0.74133,-0.72191,nan,-0.7297399999999999,-0.7194,-0.73122,-0.74138,nan,-0.7257600000000001,-0.72292,-0.7280300000000001,-0.75163,nan,nan,-0.7559999999999999,-0.74408,-0.73268,-0.7489899999999999,-0.75343,-0.7538600000000001,-0.77372,-0.78032,-0.76356,nan,-0.78267,-0.76678,-0.75029,-0.75573,-0.76464,nan,-0.7967,-0.77828,nan,-0.78666,-0.79404,-0.7781,nan,-0.79389,-0.79222,-0.79906,-0.81082,nan,nan,nan,nan,-0.8143100000000001,-0.8001,-0.82449,-0.85224,-0.83934,-0.83455,-0.83229,-0.82337,-0.83547,-0.84693,nan,-0.86651,-0.86615,-0.8727299999999999,-0.8851,nan,-0.86661,nan,-0.8867,-0.87905,-0.9112899999999999,-0.9238700000000001,nan,-0.91581,nan,-0.89213,-0.92601,-0.96401,-0.95773,-0.9501,-0.9367200000000001,-0.9370299999999999,nan,-0.94936,-0.94568,-0.95699,-0.96229,-0.9789700000000001,-0.9918100000000001,nan,-0.9882799999999999,-1.0203,-1.0179,-1.0239,-1.0326,-1.0316,-1.0458,-1.0390000000000001,nan,-1.0219,-1.0471,-1.0663,-1.0833,nan,-1.0721,-1.0717,-1.0764,-1.0959,-1.0981,-1.0856,-1.1142,-1.1302,-1.1102,-1.1281,-1.1558,nan,-1.1268,-1.1435,-1.1647,-1.1747,nan,-1.1581,-1.1904,nan,-1.1885,-1.2021,-1.2251,nan,-1.2349,-1.2549,nan,-1.2518,-1.2462,nan,nan,nan,-1.2424,-1.2579,nan,-1.2665,-1.2658,-1.2645,-1.2679,-1.2793,nan,nan,-1.3549,nan,-1.3351,-1.3422,-1.349,nan,nan,nan,-1.416,-1.4198,-1.4167,-1.4317,-1.4240000000000002,-1.4226,-1.4459,-1.4366,nan,-1.4669999999999999,-1.4762,-1.4742,-1.4729,-1.4761,-1.4764,-1.4604,-1.4725,-1.4895,-1.4742,-1.4706,-1.4925,-1.5047,-1.5199,nan,-1.55,-1.5684,-1.5872,-1.5742,nan,-1.557,-1.5567,-1.5732,nan,-1.598,-1.6029,-1.6138,-1.6111,-1.6222,-1.6211,-1.6142,nan,-1.6798,nan,-1.6658,-1.6569,-1.6522,-1.6537,-1.6318,-1.6284,nan,nan,-1.6742,-1.6978,-1.6742,nan,-1.716,-1.7205,-1.6973,nan,-1.7051,-1.6962,nan,-1.712,-1.7074,-1.7115,-1.7248,-1.7282,nan,nan,-1.7530000000000001,-1.7279,-1.7311,-1.7597,nan,nan,-1.7642,-1.7612,-1.77,-1.7928,-1.7845,-1.7782,nan,nan,-1.8339,nan,-1.8607,-1.8491,-1.8587,nan,-1.8658,-1.8954,-1.916,nan,-1.9082,-1.9056,-1.9305,-1.9429,-1.9496,-1.9595,-1.9482,-1.9294,-1.9474,-1.9831,-1.9878,-1.9721,nan,nan,-1.9842,-1.9709999999999999,nan,-2.002,-2.0023,-2.0154,nan,-1.9906,nan,-2.03,-2.0155,-2.0216,-2.0259,-2.0307,-2.0549,-2.0399,nan,-2.0609,nan,-2.0834,-2.1017,-2.0761,-2.0564,-2.083,-2.1043,-2.0926,-2.0852,-2.0837,nan,nan,-2.0847,nan,-2.0704,-2.0653,-2.0573,-2.0682,-2.0732,-2.0684,-2.0889,-2.1002,-2.0758,-2.0724,-2.0831,-2.0595,nan,-2.0718,-2.0608,-2.0442,-2.0568,-2.0302,-1.9876,-2.0055,-2.0082,nan,-1.9851,-1.9992,-1.9633,-1.953,nan,-1.9433,-1.9592,-1.9585,-1.9155,-1.9040000000000001,-1.9044,-1.8679,-1.8652,-1.8745,-1.8453,-1.8229,-1.8134,-1.7961,-1.7749,-1.7656,-1.7773,nan,-1.71,-1.6966,-1.7279,-1.734,-1.6938,-1.6561,-1.6411,-1.6409,nan,-1.6104,-1.5869,-1.5875,-1.571,nan,-1.4899,-1.4809999999999999,-1.4604,nan,nan,nan,-1.4226,-1.4177,nan,-1.3742,-1.3438,-1.3302,-1.305,-1.2704,-1.2592,nan,nan,-1.2403,-1.2101,nan,-1.1403,-1.1313,-1.099,-1.0676,nan,-1.0463,-1.0314,-1.0253,-0.97983,-0.93325,nan,-0.88782,-0.85364,-0.84877,-0.8045100000000001,-0.76586,-0.77265,-0.74116,-0.68786,-0.67494,-0.64784,-0.6047,-0.60226,nan,-0.52504,-0.5203399999999999,-0.48486,-0.39295,-0.37311,-0.37032,-0.31705,-0.30796999999999997,-0.30734,nan,-0.19371,-0.18705,nan,-0.12347999999999999,-0.09062100000000001,nan,nan,0.010066,0.036470999999999996,0.079204,0.1098,0.15662,0.20604,nan,0.1832,0.23745,0.30128,nan,0.38977,nan,nan,0.45973,nan,0.50942,0.5666899999999999,0.642,0.6738,nan,0.72236,0.76263,0.8016,nan,nan,nan,nan,nan,nan,0.99892,1.0297,1.0733,1.1264,1.1794,1.2313,1.2548,1.2709,1.3295,nan,1.3701,1.4267,1.4477,1.4544,1.4635,nan,nan,1.5948,nan,1.6283,1.6401,1.6652,1.7127,1.7259,1.7454,1.7731,1.786,nan,1.847,1.8524,1.8517,1.8675,1.8659999999999999,nan,1.8766,1.8745,1.8778,1.9334,1.9395,1.8907,nan,1.9467,1.9288,1.9235,1.9492,nan,1.9373,nan,nan,1.9194,1.9199,nan,1.9365,nan,1.8905,1.9112,nan,1.9039,1.8856,1.9137,1.9127,1.8898,1.8907,1.8859,nan,1.8631,1.8635,1.8694,1.849,1.8366,nan,1.8339,1.8067,1.7877,1.766,1.7556,1.7456,1.7375,nan,1.729,1.7134,1.7097,1.6932,1.6593,1.6429,nan,1.6413,nan,1.6164,nan,nan,1.6003,nan,1.6031,1.5945,nan,1.5586,1.5639,1.5457,1.5144,1.5166,1.5159,1.4883,1.4958,nan,nan,1.4724,1.4904,1.4623,nan,1.4709,1.4521,1.4339,nan,1.4622,1.4576,1.4480000000000002,1.4485,1.4543,1.4746,1.4716,1.4624,1.4707,1.4352,1.4269,nan,1.4423,1.44,1.4729,1.4606,nan,nan,1.4396,1.4178,1.4295,nan,1.4504,1.4335,1.4351,1.4204,1.4335,1.4491,1.4345,1.4434,1.4526,nan,1.4486,1.4373,1.4361,1.4622,1.4757,1.465,1.4528,1.4454,1.4517,1.4629,nan,1.4456,1.4511,1.463,1.4673,1.4493,1.4552,1.4618,nan,1.4421,1.4474,1.4526,1.4981,nan,1.4989,1.5051,1.4916,1.482,nan,1.5179,1.5183,1.5409,1.537,1.5114,1.5341,1.5603,1.5513,1.5766,1.6006,1.5879,1.5989,1.5894,1.5746,1.5993,1.5932,1.5932,1.6212,1.615,1.6015,nan,1.5831,nan,1.6013,nan,1.591,1.601,nan,1.6115,1.6078,nan,1.5864,1.5987,1.6007,1.6003,1.6006,1.5934,1.575,1.5793,1.6013,1.5931,nan,1.5999,1.6143,1.5925,1.5736,1.5779,1.5898,nan,1.5762,1.5709,nan,1.5187,1.5157,nan,1.5181,1.5178,1.4971,1.4752,1.4808,1.49,1.4789,1.4638,nan,1.4773,1.4765,1.4664,1.4607,nan,nan,1.4609,1.4667,1.4574,nan,nan,1.4308,1.4211,1.4352,nan,1.3896,nan,1.3875,nan,1.3708,1.3437,1.3251,1.3517,1.3366,1.3092,1.31,1.2945,nan,1.2909,nan,1.2806,1.2692,1.2635,1.2433,nan,1.2672,1.2622,nan,1.2364,1.2141,1.1915,nan,1.1957,nan,1.2106,1.1748,1.1773,nan,1.163,1.1447,1.1449,1.1429,1.1432,nan,1.1123,nan,1.1167,1.0972,nan,nan,1.0881,nan,1.0895,1.0879,1.0884,1.0887,nan,1.0681,1.078,1.0898,1.0666,1.0641,1.0733,1.0484,1.0488,1.0769,1.0672,1.0602,1.0757,1.0571,nan,1.0758,nan,1.0743,nan,1.06,1.0728,1.0686,1.054,1.064,1.0741,1.0656,1.0545,nan,1.0739,1.062,1.0604,1.0594,1.0773,1.1041,1.0757,1.06,1.075,1.0617,1.0657,1.0791,nan,nan,1.0744,1.0786,1.0919,1.0881,1.0847,nan,nan,1.0884,1.1005,nan,nan,1.1076,1.129,nan,1.1146,1.1167,1.1038,1.0959999999999999,1.1169,nan,1.0882,1.1002,1.1002,1.1112,1.1293,nan,1.1066,nan,1.1001,1.1119,1.1339,1.1186,1.1214,1.1433,nan,1.1145,nan,1.1294,1.122,1.1528,nan,nan,1.1244,1.1354,1.1254,1.131,1.1314,1.1186,1.1183,1.1144,nan,1.1108,1.1214,nan,nan,1.0921,1.0846,nan,nan,1.0735,1.085,1.0825,1.0569,1.0479,1.0390000000000001,1.0306,1.0331,nan,1.0058,1.0032,nan,0.9773200000000001,1.0013,0.9953200000000001,0.97172,0.97854,nan,nan,0.9680200000000001,0.96559,0.98959,0.9873200000000001,0.96793,0.94239,0.9097200000000001,0.9141100000000001,0.9263399999999999,0.8966200000000001,0.8670100000000001,0.8759399999999999,0.88256,0.8554,0.8383,0.83154,0.79585,nan,nan,0.79188,0.7548199999999999,nan,nan,0.75905,0.73624,0.71805,nan,0.71405,0.68197,0.67223,0.69404,nan,0.65217,0.63163,0.63461,0.62963,0.61766,0.61541,0.58301,0.5623199999999999,0.57589,0.56491,0.5696100000000001,0.5728,0.54794,nan,0.5344399999999999,0.5204,0.51979,nan,nan,0.47567,nan,0.47739,0.47101000000000004,0.46676000000000006,nan,nan,0.44738999999999995,0.44151,0.39876,0.39493,nan,0.39674,nan,nan,0.38583,nan,nan,nan,0.33876999999999996,nan,0.32748,0.31294,nan,0.30945,nan,0.31804,0.31293000000000004,0.29783000000000004,0.29973,0.27354,0.25690999999999997,0.28278000000000003,0.27329000000000003,0.25369,nan,0.21327,0.18304,nan,0.25495999999999996,nan,0.21174,nan,0.1963,0.18704,0.18800999999999998,nan,0.20515,nan,0.15937,0.17927,0.18123,0.14334000000000002,0.15328,0.17393,0.14463,nan,0.17582,0.13243,nan,nan,nan,0.1329,0.11764000000000001,0.08269,nan,0.075436,0.087505,0.08792,0.07638400000000001,0.079153,0.059476999999999995,0.04827,0.029575999999999998,-0.0048752,0.014109,0.012852,-0.027379,-0.034467000000000005,-0.034142,nan,-0.022045,nan,-0.051945000000000005,-0.04113,-0.055904999999999996,-0.07661799999999999,-0.086388,nan,nan,-0.12895,nan,-0.13002,-0.15725999999999998,-0.15557,-0.15736,-0.19080999999999998,nan,-0.20218,-0.21478000000000003,nan,-0.22891,-0.24355,-0.24363,-0.26547,-0.26404,-0.25448000000000004,-0.29054,-0.3118,-0.29712,-0.30693000000000004,-0.32621,-0.31239,-0.31123,nan,-0.36646,-0.36665,-0.37708,-0.38303000000000004,-0.40324,-0.40709,nan,-0.3755,-0.40478000000000003,-0.42495,-0.44833,-0.44568,-0.46416,nan,-0.49121000000000004,nan,-0.50359,nan,nan,-0.50471,-0.5179699999999999,-0.5350199999999999,-0.5340699999999999,-0.53647,-0.51531,-0.53701,-0.57591,nan,-0.5482199999999999,-0.56482,-0.5588,-0.56079,nan,-0.54351,-0.5451,nan,nan,-0.55711,nan,nan,-0.54938,-0.55505,-0.58272,nan,-0.55909,-0.57055,-0.57018,-0.55796,-0.55988,-0.56228,-0.55501,nan,-0.57527,nan,-0.55848,-0.55865,-0.56138,-0.57365,-0.5607300000000001,nan,-0.54837,-0.54919,-0.53167,-0.53784,nan,nan,-0.50471,-0.52765,-0.51271,-0.5056,nan,-0.47103999999999996,-0.46387,nan,-0.43958,-0.43283,-0.43013,-0.40581,-0.4052,-0.41563999999999995,-0.3927,-0.38059,-0.39393,-0.38625,-0.37246,-0.35991999999999996,-0.32647,-0.30798000000000003,-0.31177,-0.28296,nan,-0.25675,-0.23839000000000002,-0.22803,-0.2434,-0.22198,nan,nan,-0.15754,nan,-0.15288,-0.12847999999999998,-0.1167,nan,nan,-0.033701999999999996,-0.040659,-0.047986,-0.030886,-0.058124,-0.072393,-0.046491000000000005,-0.06688200000000001,nan,-0.052051,-0.034629,nan,-0.0313,-0.008243200000000001,nan,0.0063209,nan,-0.015,0.0051832,0.0057815,-0.03119,nan,-0.006921300000000001,-0.019371,nan,-0.010777,-0.042624,-0.011174,0.019919,0.028162,0.053341,0.083327,0.090777,0.081589,0.073007,0.083387,0.10509,0.1086,0.096545,nan,0.091258,0.10173,0.12277,0.13530999999999999,nan,nan,0.13712,0.14419,0.13263,nan,0.17569,0.16705,nan,0.16011,0.16304000000000002,0.15569000000000002,0.16910999999999998,0.17152,0.15793,0.18333,nan,0.16253,0.19817,0.19676,0.18571,0.18545999999999999,0.17265999999999998,0.19438,0.2036,0.20567,0.21523,0.19193,nan,0.22005999999999998,nan,0.19752999999999998,0.21554,nan,0.20026,0.20035,0.21179,nan,0.21381,nan,0.19982,0.20524,nan,0.20123,0.22628,nan,0.18837,0.18950999999999998,0.22543000000000002,0.23087,0.22851,0.19407,nan,0.23103,nan
5.0,-0.085176,-0.36694,-0.32516999999999996,-0.24611,-0.33924,nan,-0.34749,nan,-0.32516999999999996,-0.35556,-0.35219,nan,nan,-0.3397,-0.35846999999999996,-0.36122,nan,-0.37466,-0.36327,-0.36427,-0.37534,-0.37501,nan,-0.38803000000000004,nan,-0.38722,-0.39445,-0.39959,nan,-0.40861,-0.43071000000000004,-0.42502,nan,-0.42003,-0.42113,-0.39605,-0.41734,-0.45758999999999994,nan,-0.43487,-0.4467,-0.41678000000000004,nan,nan,nan,-0.44369,-0.45765,-0.45047,-0.43571000000000004,nan,nan,-0.49496999999999997,-0.51798,-0.52522,nan,nan,-0.52053,-0.49536,-0.5062800000000001,-0.53233,-0.52028,-0.5220199999999999,-0.52969,nan,-0.52569,nan,-0.5372399999999999,nan,-0.5300600000000001,nan,-0.52856,-0.51884,nan,-0.5343600000000001,nan,-0.53175,-0.54166,-0.53272,-0.53542,-0.56623,-0.55311,-0.53542,-0.54369,-0.53277,-0.53615,nan,-0.5754199999999999,-0.55548,nan,-0.55734,-0.5435,-0.56187,nan,-0.55129,-0.56868,-0.57875,nan,-0.5796600000000001,-0.57996,-0.56738,-0.56784,-0.58136,nan,-0.58018,-0.60532,-0.59488,-0.56706,-0.5892,-0.60368,-0.5895100000000001,-0.6109399999999999,-0.62585,-0.59854,-0.5929300000000001,-0.60411,nan,-0.59848,-0.6292300000000001,-0.62107,-0.60688,-0.62016,-0.61616,-0.6084,-0.6346,-0.62905,-0.59264,-0.60217,-0.62542,-0.6080300000000001,-0.60327,-0.6212,-0.62543,-0.62827,-0.63922,-0.63141,-0.62454,-0.64252,nan,-0.6283,-0.65352,-0.66156,-0.62141,-0.61568,-0.6279899999999999,-0.62829,-0.6541,-0.67151,-0.65576,nan,-0.6606,-0.66392,-0.66203,-0.66469,-0.67784,nan,-0.6955,-0.6674800000000001,-0.64644,-0.66361,-0.69129,-0.6994199999999999,nan,-0.7338,nan,nan,-0.6669,-0.66106,-0.6654899999999999,-0.6892699999999999,nan,-0.7539600000000001,-0.7609899999999999,-0.73605,-0.69194,nan,-0.73652,-0.74707,-0.7470399999999999,nan,-0.72518,-0.71262,nan,-0.7158800000000001,-0.74541,-0.75247,nan,nan,-0.77036,nan,-0.7562,-0.7610899999999999,-0.76053,-0.75757,-0.75958,nan,-0.75885,-0.76322,-0.7731899999999999,nan,-0.7594,nan,-0.76993,-0.76162,-0.7568199999999999,-0.7632800000000001,-0.77265,nan,-0.75983,-0.76265,-0.77164,-0.7710899999999999,nan,-0.78017,-0.77041,nan,nan,-0.77099,-0.7612800000000001,-0.7793,nan,-0.74969,-0.7748,-0.81093,-0.77735,-0.76158,-0.78498,-0.76467,-0.7653800000000001,-0.78495,-0.77298,-0.76886,-0.76742,-0.7753800000000001,-0.7965,-0.7722600000000001,-0.75759,-0.7890199999999999,-0.78809,-0.76525,-0.78172,-0.79583,-0.78384,nan,nan,-0.77091,-0.77668,-0.7941,-0.79292,-0.79735,-0.7981699999999999,nan,nan,-0.79708,-0.78695,-0.77905,-0.78474,-0.79556,-0.80633,-0.80152,nan,-0.79704,-0.78473,-0.78565,-0.79623,-0.78542,-0.78523,-0.80014,-0.7945300000000001,-0.77385,-0.77045,nan,-0.80935,-0.7989,-0.78735,-0.78003,-0.78503,-0.79492,-0.78727,-0.7843399999999999,nan,-0.78641,-0.7861,-0.81408,-0.81202,-0.77661,nan,-0.79937,-0.79855,-0.78268,nan,-0.81098,-0.80305,-0.76879,-0.78304,nan,-0.7874800000000001,-0.7854,-0.79502,-0.78454,nan,-0.79807,-0.79367,-0.7971699999999999,-0.7874399999999999,-0.77758,-0.78618,-0.79645,-0.7947,-0.7971699999999999,-0.8106800000000001,-0.8106899999999999,nan,nan,nan,-0.7983,-0.78391,nan,-0.78347,nan,-0.79284,-0.78879,-0.77163,-0.77792,-0.7872,-0.77817,-0.77261,nan,-0.75431,nan,nan,-0.7783899999999999,nan,nan,-0.78628,-0.75852,-0.7743399999999999,nan,-0.7731600000000001,nan,nan,-0.76799,-0.7675,-0.77595,-0.76435,nan,-0.7848,nan,-0.77485,nan,-0.75556,nan,-0.75012,nan,-0.77788,-0.78005,-0.76772,-0.77131,-0.78533,nan,-0.78765,-0.75073,-0.74497,-0.7438600000000001,-0.75144,nan,-0.7783,-0.76683,-0.77166,-0.7614,-0.76656,-0.7902899999999999,-0.78292,nan,-0.76389,nan,-0.77261,-0.77273,-0.75497,-0.72924,-0.74738,-0.7661100000000001,-0.7387699999999999,-0.74163,-0.77173,-0.74622,-0.73559,-0.7644,nan,-0.75575,-0.7581100000000001,-0.74597,nan,nan,nan,-0.77094,-0.76042,-0.75938,-0.7561399999999999,nan,-0.74605,-0.7468899999999999,-0.74764,-0.76126,-0.7641,-0.74731,-0.75102,-0.7615,-0.74625,-0.7575,-0.76913,-0.73944,-0.72749,-0.74112,-0.74854,nan,-0.73636,-0.73941,nan,-0.75354,-0.7309,-0.74306,-0.7611100000000001,nan,-0.7208399999999999,nan,-0.73685,-0.74268,nan,-0.74249,-0.74803,-0.76489,nan,nan,-0.7598699999999999,nan,-0.7358899999999999,-0.74665,-0.72519,-0.73328,-0.75156,-0.74774,-0.75773,nan,-0.75955,-0.75963,-0.73856,-0.73606,-0.75237,nan,-0.76126,-0.75088,-0.74698,-0.74922,-0.73615,-0.7380800000000001,-0.74861,-0.74867,-0.75471,nan,-0.7439100000000001,-0.74651,-0.75437,nan,-0.71235,nan,-0.73231,nan,nan,nan,-0.72502,-0.71653,-0.71319,-0.7214,-0.72024,-0.7248600000000001,-0.72401,-0.7008,nan,-0.7088899999999999,-0.7006899999999999,nan,-0.71538,-0.69713,-0.72117,-0.72641,-0.68783,-0.69413,-0.7338,-0.7169399999999999,-0.69008,-0.7175600000000001,-0.71915,-0.68147,-0.70563,nan,-0.69617,-0.67852,nan,nan,-0.7145199999999999,-0.68779,-0.67802,-0.71333,-0.70606,-0.69362,-0.69902,-0.68885,nan,-0.70413,-0.69581,-0.68811,nan,-0.66355,-0.66688,-0.68633,-0.67995,-0.67006,-0.6622100000000001,nan,-0.67075,-0.6874399999999999,-0.66196,nan,-0.64172,-0.65715,-0.6765,-0.67665,-0.66752,-0.6604399999999999,-0.65296,nan,nan,-0.66428,-0.66463,nan,-0.6752199999999999,-0.65851,-0.65015,-0.66491,-0.6480199999999999,-0.62636,-0.64686,-0.65594,-0.64668,-0.65266,-0.64386,nan,-0.62831,-0.62721,-0.62129,-0.6441899999999999,-0.6430899999999999,nan,-0.6036699999999999,-0.63017,-0.61892,-0.60435,-0.61233,-0.61043,-0.6018100000000001,-0.6040800000000001,-0.59502,-0.58701,-0.59142,nan,-0.56011,-0.5534600000000001,-0.5695899999999999,-0.58844,-0.5919800000000001,-0.5884699999999999,-0.5919800000000001,nan,-0.5644,-0.57075,-0.5796600000000001,-0.5656899999999999,-0.57347,nan,nan,nan,-0.5617,nan,-0.5566800000000001,-0.53661,-0.5296,-0.5451199999999999,-0.54374,-0.55235,nan,-0.54865,-0.52767,-0.55282,-0.53868,-0.50656,-0.52494,-0.53214,-0.53215,-0.54371,-0.52331,-0.514,-0.51675,nan,-0.5384899999999999,-0.53667,-0.53014,-0.53232,-0.5027,-0.49367,-0.5091100000000001,nan,nan,-0.53274,-0.5131600000000001,-0.50549,nan,-0.51043,-0.50883,-0.51942,nan,-0.47603,-0.48363999999999996,-0.47415,nan,-0.47328000000000003,-0.47068999999999994,-0.45742,-0.46498999999999996,-0.46839,nan,-0.48211000000000004,-0.47039,-0.45641000000000004,-0.44905,-0.42211000000000004,-0.43713,nan,-0.46286000000000005,-0.44417,-0.44991000000000003,-0.46068000000000003,-0.46142,-0.4408,-0.43373,nan,nan,-0.42007,-0.42571000000000003,-0.43515,-0.42446999999999996,-0.41818999999999995,nan,-0.42323999999999995,-0.42008,-0.42558,-0.43638999999999994,nan,-0.42196999999999996,-0.42532,-0.43518,nan,nan,-0.42826000000000003,nan,nan,-0.42018999999999995,-0.42246000000000006,-0.42091000000000006,-0.41002,-0.41486000000000006,nan,-0.42273999999999995,-0.42322,-0.40838,-0.39516,-0.41161000000000003,nan,nan,-0.39555999999999997,-0.41063999999999995,nan,-0.41134,-0.41288,-0.43456000000000006,-0.42167,-0.39685,-0.41711000000000004,nan,-0.40831999999999996,-0.39614,-0.41236000000000006,-0.42096999999999996,nan,-0.41294,-0.41221,-0.44195,-0.4389,nan,-0.42461000000000004,-0.43705,-0.41697,-0.40975,nan,-0.41446000000000005,-0.4025,-0.41375,-0.42312,-0.41913,-0.42704,-0.43443999999999994,nan,-0.43531000000000003,-0.42668,-0.42253999999999997,nan,-0.43378,-0.43606000000000006,-0.44773,nan,-0.43088999999999994,-0.46258,nan,-0.46273000000000003,nan,-0.47351000000000004,-0.47071,-0.46653999999999995,-0.47746000000000005,-0.48027,nan,nan,-0.49711000000000005,-0.50649,-0.50748,-0.5229199999999999,-0.5321,-0.52979,nan,nan,-0.51663,-0.53384,-0.53372,-0.51972,-0.54701,-0.56558,-0.5351,-0.53573,-0.5641,-0.5667300000000001,-0.56447,-0.56694,nan,-0.55635,-0.5581699999999999,-0.58286,-0.58759,-0.57977,nan,-0.58275,-0.58096,-0.6029800000000001,-0.60251,-0.60941,-0.62859,-0.61827,-0.61469,-0.63674,-0.637,-0.61792,nan,-0.61853,-0.6429,-0.6632,-0.65723,-0.6744,nan,-0.6726,-0.66172,nan,-0.70114,-0.68058,nan,-0.73598,-0.7143,-0.71145,nan,-0.71675,nan,-0.75698,-0.74254,-0.7243,-0.7560399999999999,-0.7611899999999999,-0.76441,nan,-0.7655,-0.75188,-0.7643,nan,-0.77222,-0.76451,-0.77977,-0.80992,-0.80872,-0.81037,-0.8220799999999999,nan,nan,-0.8382799999999999,-0.84377,-0.84486,-0.84195,nan,-0.8743700000000001,-0.88266,-0.8521200000000001,-0.84498,-0.87297,-0.8805799999999999,-0.8801399999999999,-0.90243,-0.91746,-0.9064700000000001,-0.9044399999999999,-0.92355,-0.9283,-0.9077799999999999,-0.90284,-0.92643,-0.96654,-0.981,-0.9531799999999999,-0.94071,-0.9650200000000001,-0.9667,nan,nan,nan,nan,-0.9813299999999999,-0.9909600000000001,-1.0004,-1.004,-1.0182,-1.0098,-0.98734,-1.0079,-1.0264,-1.0127,-1.0185,-1.0366,-1.0292,-1.0139,nan,-1.0224,-1.0403,-1.0501,-1.0556,-1.0642,-1.0564,nan,-1.0578,-1.0573,-1.0646,-1.0843,nan,-1.0738,nan,-1.0842,-1.0912,-1.0934,-1.0845,-1.0844,-1.0768,nan,-1.0863,-1.0854,-1.0847,-1.1015,-1.0983,-1.0739,-1.0782,-1.0817,nan,-1.0884,-1.0984,nan,nan,-1.0739,-1.0503,nan,-1.0842,nan,-1.0688,nan,-1.0757,-1.0571,-1.0437,-1.0501,-1.0422,-1.0163,-1.0149,-1.0266,-1.0151,-1.0108,nan,nan,-0.9751299999999999,-0.97515,-0.9749,-0.97695,-0.96983,-0.95476,-0.9523799999999999,-0.94371,-0.91791,-0.9209999999999999,nan,nan,-0.9052399999999999,-0.88861,nan,-0.8275600000000001,-0.83857,-0.81927,-0.80953,-0.82016,-0.80393,-0.7721600000000001,nan,nan,-0.73979,-0.73095,-0.71402,nan,-0.67929,-0.6721199999999999,nan,-0.6239100000000001,-0.6101300000000001,-0.61664,-0.60748,-0.57715,-0.55618,nan,-0.52991,-0.53475,-0.51599,-0.48013,nan,-0.42141999999999996,-0.40471999999999997,-0.38564,-0.3426,-0.34433,-0.34148,-0.29179,nan,-0.23605,nan,nan,-0.15837,-0.13357,-0.11355,-0.07670199999999999,-0.058200999999999996,-0.027141000000000002,0.01672,0.023168,0.042955,0.10151,0.13339,0.14774,0.19719,0.24428000000000002,0.2526,0.27574,0.32624000000000003,nan,nan,0.42336999999999997,0.44885,nan,0.53888,0.5856600000000001,nan,0.67271,0.71616,nan,nan,0.8041,0.8796299999999999,nan,0.9505600000000001,0.9950700000000001,1.0405,1.0743,1.1165,1.1598,1.1955,1.2309999999999999,1.2664,1.3019,1.3547,1.4108,1.4432,1.4809,1.5382,nan,1.5859999999999999,1.6345,1.6897,nan,1.7958,1.8395,1.86,1.8833,1.9555,2.0196,nan,2.0633,2.1248,2.1396,2.1846,2.2541,2.2769999999999997,nan,2.3484,2.3842,2.4216,2.4673,2.5107,2.5772,2.6251,2.6208,2.6531,2.7101,2.7321,2.7705,2.8195,2.8484,nan,2.9232,2.9533,nan,nan,nan,3.0507,3.0738,3.097,3.1463,3.1739,3.1817,3.2011,3.2016,nan,nan,3.2238,3.2525,nan,3.2537,3.2488,3.2494,3.238,nan,3.2382,3.2416,nan,3.1917,3.2101,3.2067,3.1788,3.1815,nan,3.1371,3.1311,nan,3.0764,3.0852,3.0589,3.0342,3.0406,3.0241,nan,2.9601,2.9607,2.9092,2.8675,2.8812,2.8587,nan,2.8526,2.8363,2.7772,2.758,2.7502,2.7279,2.7215,2.7075,2.6778,2.6679,2.654,2.6375,2.6404,2.6152,2.5817,nan,2.5804,2.539,2.53,2.5198,2.4837,2.4935,2.5023,2.4709,2.468,2.4602,2.4441,nan,nan,nan,2.3837,2.3457,2.3221,2.324,2.312,2.2955,2.2679,2.2705,2.2885,2.2695,nan,2.2582,2.2285,2.2325,nan,2.2196,nan,2.2023,nan,nan,nan,2.1461,2.1436,nan,2.1247,2.1009,2.0945,nan,2.0611,2.06,2.0539,2.0345,2.0255,2.0159,2.0109,2.0107,1.9942,1.9794,1.9737,1.9746,1.9865,1.9805,1.9573,1.9408,nan,1.9104,1.916,1.9072,1.8882,1.9011,1.9007,1.8787,nan,1.8969999999999998,1.8643,1.8562,1.8411,nan,1.8302,1.8093,nan,1.8332,1.8185,1.8091,1.7967,1.7791,1.771,1.7543,1.7413,nan,1.7116,1.7074,1.7119,1.7094,1.7096,1.7109,1.7080000000000002,1.6956,nan,1.6947,1.6944,1.6725,1.6616,1.6643,1.6579,1.6377,1.6175,nan,1.6309,nan,1.598,1.5904,nan,1.6027,1.5795,1.5509,1.5428,1.5523,1.5538,1.5534,1.538,1.5086,1.5042,1.5012,1.4795,nan,1.4685,1.4728,1.4815,1.4744,1.4609999999999999,1.4569,1.4566,1.4445,nan,1.3942,1.3862,1.3658,nan,1.374,1.3627,1.3465,1.3259999999999998,1.3121,1.3230000000000002,1.3236,1.3019999999999998,nan,1.2791,1.2695,1.2635,1.2644,1.2657,1.2601,nan,1.228,1.2177,1.2145,1.1973,1.1804,nan,1.1719,1.1513,1.1339,1.1195,1.1286,nan,1.1191,1.1387,1.1363,nan,1.0962,1.0847,1.0655,nan,1.0497,1.0468,1.0453,1.0222,1.0101,1.0146,0.98603,0.96281,0.98467,0.97441,0.94665,0.9502799999999999,0.9516100000000001,0.95536,0.94506,0.9059,0.90409,0.92709,0.9242,0.9066700000000001,0.88144,0.8607299999999999,0.8697799999999999,nan,0.88695,0.8726299999999999,0.8527600000000001,0.83341,0.8270200000000001,0.81189,0.7937,0.80357,nan,nan,0.79356,nan,0.7658699999999999,0.76068,nan,0.73044,0.72702,0.74956,0.7374,nan,0.72585,nan,0.71918,0.73052,nan,0.6859999999999999,0.71492,0.7249800000000001,0.7024699999999999,0.69793,0.70048,0.6926100000000001,0.68345,0.67277,0.65783,0.6404,0.6398699999999999,0.63807,nan,0.59678,0.6046600000000001,0.60296,nan,0.59163,nan,0.57827,0.57318,0.55935,nan,0.56608,0.5594899999999999,0.55512,0.5523399999999999,0.5326,nan,0.54282,0.52798,nan,0.49125,nan,0.48057,0.46336000000000005,nan,0.47097,nan,nan,0.4619,0.44238999999999995,0.44351,nan,0.45546000000000003,0.42673,0.39836,0.40560999999999997,0.40838,0.39608000000000004,nan,0.39232,0.3823,nan,nan,0.37585999999999997,0.38404,nan,nan,0.36811,0.35628000000000004,0.33673000000000003,0.32826,0.32013,0.30994,0.30104000000000003,0.30509000000000003,nan,0.3215,0.30208,0.30733,0.31306,nan,0.29002,nan,0.27502,0.27608,0.27758,nan,0.25842,0.23915,0.23005,0.22805,0.23056999999999997,0.23939000000000002,0.24485,0.2301,0.21341,0.21475999999999998,0.21425,0.18884,0.16462000000000002,nan,0.17808,0.18244000000000002,0.17862,0.16005999999999998,0.14176,0.15542999999999998,0.16688,0.14902,nan,0.12797999999999998,0.11899000000000001,0.13002,0.13335999999999998,0.13416,0.1308,0.1121,nan,0.10342,0.08328300000000001,nan,0.1157,0.10352,0.095529,0.098622,0.092735,0.082467,0.082728,0.087642,0.079225,0.071339,nan,0.083612,0.062766,0.059762,0.072679,0.063169,0.062628,nan,0.027648000000000002,0.037364,0.066353,0.058367999999999996,nan,0.043576,0.035272000000000005,0.035341000000000004,0.0212,nan,0.014722999999999998,0.023033,0.022614,0.027689,nan,0.0014532,nan,0.015550999999999999,nan,0.0016901,-0.0017751999999999998,0.0054908000000000005,0.01,-0.0060003,-0.018001,-0.0044943000000000006,0.010104,0.013244999999999998,nan,-0.0028555,-0.013031000000000001,-0.019121,-0.031793,nan,-0.025885000000000002,-0.028803,-0.044066,-0.049382,-0.049469,-0.049301,nan,-0.051216,-0.069093,nan,-0.06632,-0.07565,nan,-0.083959,-0.07022300000000001,-0.08683400000000001,-0.088335,-0.078658,-0.088838,nan,-0.06894199999999999,-0.089375,nan,-0.10920999999999999,-0.11832999999999999,-0.11192,-0.0956,-0.10732,nan,-0.10515999999999999,-0.1094,nan,-0.10720999999999999,-0.10736,-0.10932,-0.10937000000000001,-0.10422000000000001,-0.11464,-0.13495,nan,-0.1257,-0.1173,nan,nan,-0.1247,-0.12202,-0.13410999999999998,-0.1315,-0.13874,-0.14406,nan,-0.14537,nan,-0.16938,-0.17006,nan,-0.15447,-0.15693,-0.15591,-0.16329000000000002,-0.1689,-0.17003,-0.17874,-0.18243,nan,-0.18245999999999998,-0.18107,-0.18366,-0.19747,-0.19508,-0.17087,-0.17832,-0.21353000000000003,-0.21908000000000002,-0.1967,-0.19505,nan,-0.2059,-0.20249,-0.20496999999999999,nan,-0.20413,nan,-0.21836999999999998,-0.21665,-0.20636,nan,-0.22509,nan,-0.20794,-0.20260999999999998,-0.20265999999999998,-0.20631999999999998,nan,-0.24324,-0.22111,nan,-0.22823000000000002,-0.22305999999999998,-0.21583000000000002,-0.21796999999999997,-0.20897,-0.20237,-0.22224000000000002,-0.23145,-0.21574000000000002,-0.22332,-0.22776999999999997,nan,-0.20985,-0.2147,-0.20521999999999999,-0.22304000000000002,-0.23214,nan,nan,-0.21379,nan,-0.20199999999999999,-0.20611,-0.19655,-0.19566,-0.2263,nan,-0.19782,-0.20310999999999998,nan,-0.21045,-0.17565999999999998,-0.19788,-0.2168,-0.19672,-0.19401,-0.21208000000000002,-0.21716,-0.20806,nan,-0.18122,-0.20793000000000003,nan,nan,-0.18867,nan,-0.15093,-0.15783,-0.18314,-0.15853,-0.15012999999999999,-0.16082,-0.1539,-0.15683,nan,-0.15245999999999998,-0.15839,-0.15865,nan,-0.15009,-0.15556,-0.13583,-0.13928,nan,-0.16764,-0.14748,-0.14790999999999999,nan,-0.157,-0.14636,-0.14418,-0.14445,-0.14686,nan,-0.17639000000000002,-0.16062,-0.14629,nan,-0.16915999999999998,-0.16992000000000002,-0.17122,-0.14281,-0.13125,-0.14823,-0.14731,-0.13744,nan,-0.12201,-0.13243,-0.12647,-0.11612,-0.10842,-0.11250999999999999,-0.14490999999999998,nan,-0.098389,-0.12379000000000001,-0.13216,-0.11756,-0.12212,-0.10325999999999999,-0.096679,nan,nan,-0.11512,nan,nan,-0.097711,-0.097631,-0.096789,-0.11174,-0.11282,nan,-0.09562799999999999,-0.1222,-0.10303,-0.09086799999999999,nan,-0.098075,nan,nan,-0.098553,-0.098557,-0.084062,-0.095209,nan,-0.098926,nan,-0.096773,nan,-0.09881799999999999,-0.08631799999999999,-0.087943,nan,-0.08767,nan,-0.065093,nan,-0.046465,-0.058953,nan,nan,-0.073517,-0.062105999999999995,nan,-0.060534000000000004,-0.02787,-0.034041,-0.049398000000000004,-0.038229,nan,-0.045091,-0.03466,nan,-0.0012068,-0.009643500000000001,-0.023472,-0.0020292,-0.01004,-0.033272,-0.037883999999999994,-0.048376999999999996,-0.039309,-0.011763,-0.014653,-0.025232,-0.019038,-0.031597,-0.036761,-0.013647,-0.019913999999999998,-0.017335,0.010218000000000001,0.0058058,nan,-0.00086049,-0.013085,nan,-0.021879,-0.037265,-0.015726,0.0030015000000000003,-0.0052385,-0.012453,-0.0028566,0.012816,nan,-0.014436000000000001,-0.014029,-0.0039602,0.0038721,nan,-0.012028,-0.0044856,0.0014317,-0.00074834,nan,0.0086815,-0.0017488,-0.0012054000000000001,nan,0.020175,0.023602,nan,nan,nan,3.6261e-05,0.0098748,0.006335,0.000935,0.012874000000000002,0.003775,nan,0.016235,0.02043,-0.0094672,nan,0.014111000000000002,-0.0017965,nan,0.00639,0.016918,0.022231,0.0056363,0.0019517,nan,0.010472,0.0027186,-0.00046855,0.0019611,0.009842,0.013279,0.011292,0.010926,0.00162,-0.0047740000000000005,0.010232,0.008164,-0.011744,0.0011714,0.015084,0.010618,0.021341,nan,0.0044407,-0.013982,-0.017134,0.0098447,0.023885,-0.0010576,nan,0.011788,0.0083851,-0.00093261,0.0088613,0.010870999999999999,-0.0032786,-0.012493,-0.012466,-0.0077564999999999995,0.0016175,0.0014807,-0.0092137,-0.0083569,0.00023837,nan,-0.028223,nan,-0.023899,-0.011328,-0.014922999999999999,-0.006868099999999999,-0.014056,nan,-0.038486,-0.022559,-0.037667,-0.037846,-0.038952,nan,nan,-0.054092999999999995,-0.063152,nan,-0.059622,-0.073798,-0.068234,-0.093248,nan,-0.073689,-0.11035999999999999,nan,-0.069836,-0.19727
6.0,0.40765999999999997,nan,0.30346999999999996,0.34421999999999997,nan,0.32943,0.33252,0.30841999999999997,0.32278,0.33141,0.32395,nan,0.3187,0.32258000000000003,0.31218,0.29599000000000003,0.28815,0.2874,0.28723000000000004,nan,0.25994,0.25498000000000004,0.25503000000000003,0.25456,nan,0.24998,0.23310999999999998,0.24003000000000002,0.24486999999999998,nan,0.23085999999999998,nan,0.22762,0.21126,0.21129,0.20945999999999998,0.20019,0.2003,nan,0.19933,0.19038,0.18864,0.19372999999999999,0.1885,0.17225,0.1632,0.15500999999999998,nan,0.12700999999999998,0.12433,0.11348,0.10469,nan,0.10178,0.093066,0.09537899999999999,0.08749900000000001,0.070844,0.071143,nan,0.05599199999999999,0.039888,0.037214,0.042587,0.037682,nan,0.016852000000000002,0.018276,nan,-0.0018597000000000002,-0.0023940000000000003,nan,-0.018583000000000002,-0.033111,-0.034933,-0.035118,nan,-0.06191699999999999,-0.057721,-0.053321,nan,-0.078792,-0.07792,-0.092426,-0.10203,-0.10164,-0.10855999999999999,-0.10933,-0.11334000000000001,-0.13088,nan,-0.14853,-0.15542999999999998,nan,-0.15081,-0.16691,-0.16533,nan,-0.17722000000000002,-0.17665999999999998,-0.18834,nan,-0.21911,-0.21853000000000003,-0.22382,nan,-0.24191999999999997,-0.24841,-0.25099,nan,-0.25951,nan,-0.2731,-0.28497,-0.30212,nan,-0.29393,-0.30301999999999996,nan,-0.30355,-0.30583,-0.30378,-0.30766,-0.31769000000000003,-0.3251,nan,nan,nan,-0.34481,-0.3477,-0.34868000000000005,-0.35673,-0.36423,nan,-0.3913,-0.40063000000000004,nan,-0.40256,nan,-0.40337,-0.41884,-0.42522,-0.41166,-0.42306000000000005,nan,nan,-0.4305,-0.45345,-0.45783999999999997,-0.43026000000000003,-0.4242,-0.43513,-0.43373,nan,nan,-0.44556,-0.45153999999999994,nan,-0.45679,-0.46435,-0.47136000000000006,nan,-0.4889,-0.47946000000000005,-0.47984,-0.48891999999999997,-0.48728,-0.49296999999999996,-0.49831000000000003,-0.4893,nan,-0.50569,-0.5103800000000001,-0.5084,nan,nan,-0.52177,-0.5202899999999999,-0.51989,-0.5220199999999999,-0.5277,-0.5391,nan,nan,-0.55298,-0.5584,-0.57528,nan,-0.5625399999999999,nan,-0.58586,nan,-0.59072,-0.60877,-0.6096,-0.60156,nan,-0.62746,-0.62748,-0.62981,-0.64032,-0.63948,nan,nan,nan,-0.6589,-0.66359,-0.67219,-0.67118,-0.66964,-0.6716,-0.67996,nan,-0.70363,nan,-0.68915,-0.69945,nan,-0.7036600000000001,nan,nan,-0.71529,-0.72787,nan,-0.74647,nan,-0.75389,-0.75474,-0.7483,-0.75078,-0.76639,nan,-0.78973,nan,nan,-0.79143,-0.7892100000000001,-0.78984,-0.79028,-0.79675,-0.81477,-0.82071,nan,-0.81552,-0.8265100000000001,-0.8199200000000001,-0.8107300000000001,nan,-0.82339,-0.8339700000000001,nan,-0.83657,nan,nan,-0.8497399999999999,-0.8433200000000001,nan,nan,nan,-0.8672200000000001,-0.8671,nan,-0.86875,nan,nan,-0.8804299999999999,-0.8875200000000001,-0.87808,-0.877,-0.89176,-0.8983,nan,nan,-0.8888299999999999,-0.8962899999999999,-0.8929,-0.8843700000000001,-0.88749,-0.8947299999999999,-0.8958200000000001,-0.8984200000000001,-0.90633,-0.9053399999999999,-0.8921,nan,nan,-0.8965799999999999,-0.8980100000000001,-0.8979,nan,-0.9002399999999999,-0.90917,-0.89905,-0.89884,-0.90922,-0.90041,-0.89307,-0.8980799999999999,-0.8980100000000001,nan,-0.91233,-0.90756,-0.8891,-0.88915,-0.89851,nan,-0.89584,nan,-0.8982100000000001,nan,-0.8901399999999999,-0.8878,-0.8968299999999999,-0.8973899999999999,-0.89615,-0.8980299999999999,-0.89545,-0.90196,-0.90791,-0.89912,nan,-0.89874,-0.8977799999999999,-0.88795,-0.8883200000000001,-0.9000799999999999,nan,-0.90248,-0.89271,-0.8987299999999999,nan,-0.9014700000000001,nan,-0.90748,-0.90386,-0.8921899999999999,-0.8987,-0.9133100000000001,-0.9250700000000001,-0.93034,-0.92212,nan,-0.91046,nan,-0.91227,-0.90328,-0.91007,-0.9104,-0.89765,-0.89951,-0.90951,nan,-0.894,nan,-0.8901600000000001,-0.8771100000000001,-0.87718,-0.8884299999999999,-0.88974,-0.8799,-0.87629,-0.86977,-0.83945,-0.81595,-0.8231,-0.82544,-0.81402,nan,-0.8204899999999999,-0.8230700000000001,-0.8205,-0.82315,-0.82286,-0.8192299999999999,nan,-0.8246,-0.80788,-0.79904,nan,-0.81389,nan,-0.8133600000000001,-0.8222299999999999,-0.8154899999999999,-0.8097,nan,-0.8042100000000001,-0.79588,-0.80162,-0.8022600000000001,nan,-0.7909,-0.79166,-0.77877,-0.78476,-0.80186,nan,-0.7961199999999999,-0.78479,-0.7792100000000001,-0.79486,-0.79586,-0.7917,-0.81499,-0.8269,-0.8197,-0.8225100000000001,nan,nan,-0.8224600000000001,nan,-0.80835,-0.8115399999999999,-0.81194,-0.8106399999999999,-0.80816,-0.79985,nan,-0.78877,-0.79014,-0.79095,nan,-0.76858,nan,-0.7349600000000001,-0.73829,-0.73214,-0.71604,-0.71095,nan,-0.71477,-0.71332,-0.71335,-0.7139300000000001,-0.7146100000000001,nan,-0.71396,-0.71483,-0.71219,-0.71868,-0.7256600000000001,-0.72531,nan,-0.73801,-0.7368100000000001,-0.7275,-0.7191,nan,-0.70545,-0.7013,-0.70554,-0.70489,-0.69355,-0.69604,-0.70531,-0.7047899999999999,-0.70328,-0.70285,-0.70533,-0.70612,-0.69597,nan,-0.70411,-0.69707,-0.69215,-0.69423,nan,-0.68593,-0.69243,-0.67485,nan,-0.67319,-0.6722600000000001,-0.66287,-0.65854,-0.6622100000000001,nan,nan,-0.6491100000000001,-0.64054,-0.60111,nan,-0.5767899999999999,-0.5856899999999999,-0.57765,-0.57175,-0.5654,-0.55267,-0.55695,-0.56416,-0.55497,-0.5511199999999999,-0.55125,-0.54325,-0.53974,nan,-0.5421600000000001,-0.5419,-0.54113,-0.541,nan,-0.51907,-0.52674,nan,-0.5123,-0.51275,-0.5222399999999999,nan,-0.5273899999999999,-0.52873,-0.52063,-0.5202399999999999,-0.5203300000000001,-0.52156,-0.52241,-0.50594,-0.49468999999999996,-0.5002,-0.50036,-0.49268999999999996,-0.48589,nan,-0.48706000000000005,-0.4603,-0.4327,-0.43196,-0.43177,nan,-0.41373999999999994,nan,nan,-0.41312,-0.40421999999999997,-0.39894,-0.40221999999999997,-0.39355,nan,-0.37156,-0.38193,-0.37396999999999997,-0.36428,-0.37334,nan,-0.37371,-0.3676,nan,-0.36393000000000003,nan,-0.33686,-0.33846,-0.33216999999999997,-0.32136,-0.31644,nan,-0.31288,-0.30093000000000003,-0.29362,-0.30171,-0.30062,-0.2839,-0.28006,-0.28795,nan,-0.2726,-0.2805,-0.28121,-0.27349,nan,-0.26821999999999996,-0.26066999999999996,-0.26189,-0.25718,-0.24520999999999998,-0.24173000000000003,-0.24056999999999998,-0.24211999999999997,-0.25342,-0.25371,-0.23462,-0.23001999999999997,-0.2306,-0.21156999999999998,nan,-0.21955999999999998,-0.21025,nan,-0.2076,-0.19877,-0.18738,-0.18633,-0.18684,-0.18699000000000002,-0.18274,nan,-0.16562000000000002,-0.17375,-0.17192000000000002,-0.16404000000000002,-0.16477999999999998,-0.16019,-0.15114,-0.14484,-0.13423,-0.1343,-0.14562999999999998,-0.14573,-0.1359,-0.13158,nan,-0.13326,-0.12905,-0.12028,-0.11141,-0.11357,nan,-0.12305999999999999,-0.11009000000000001,nan,-0.12162,-0.11195999999999999,-0.11395,-0.12352,-0.12261,-0.12115999999999999,-0.1187,-0.1097,-0.10199,nan,-0.10312,nan,-0.105,-0.09712,-0.10224,-0.10945999999999999,nan,nan,-0.11104000000000001,-0.11657000000000001,nan,-0.12097999999999999,nan,-0.11868,nan,-0.13466,-0.12075,nan,-0.1456,-0.14629,-0.13627,-0.13202,nan,-0.13307,nan,nan,-0.11888,-0.1291,-0.13127,-0.12286,-0.12065999999999999,-0.12072999999999999,-0.12264000000000001,-0.12374,-0.11319000000000001,-0.11245999999999999,-0.12208,-0.11389,-0.11199,nan,nan,nan,nan,-0.13363,-0.12952,-0.13568,-0.13272,-0.11982999999999999,-0.13285999999999998,-0.14298,-0.12475,nan,-0.12479000000000001,-0.13397,-0.14273,nan,-0.14669000000000001,nan,-0.13919,-0.13516,-0.15606,-0.15026,-0.13679000000000002,-0.14715999999999999,-0.15523,-0.15233,-0.15783,-0.16565,-0.15841,nan,-0.15645,-0.15654,-0.14927,nan,-0.17672000000000002,nan,-0.16609000000000002,-0.17751,nan,-0.1785,-0.19032000000000002,-0.18781,-0.18125,-0.20023,-0.22121,-0.22014,-0.21658000000000002,-0.21905,-0.2197,-0.22432,nan,-0.2413,nan,-0.24416,-0.25419,-0.26255,-0.26747,-0.28095,-0.29568,-0.2954,-0.28989000000000004,-0.29721,nan,-0.30322,-0.30849,nan,nan,-0.32,-0.32858000000000004,-0.32792,-0.32461999999999996,nan,-0.33962,nan,-0.34751,-0.34908,-0.36883,-0.39493,-0.40237,nan,nan,-0.39649,-0.40802,-0.42467,-0.41358999999999996,nan,-0.44748000000000004,nan,-0.44601999999999997,nan,-0.46701000000000004,nan,nan,-0.49996,-0.50648,-0.51653,-0.5212600000000001,-0.52158,-0.52495,-0.53583,-0.54279,-0.54123,-0.5454899999999999,-0.55483,-0.55429,-0.5492100000000001,-0.5575100000000001,nan,-0.56242,nan,-0.57335,-0.57327,-0.59229,nan,-0.62964,nan,-0.6368,-0.64139,-0.6504800000000001,-0.64662,-0.65588,nan,nan,-0.62978,-0.65661,-0.6705399999999999,-0.67667,-0.6831,nan,-0.68826,-0.69672,-0.6905600000000001,-0.69108,-0.70826,nan,-0.71562,-0.7389600000000001,nan,nan,-0.76435,nan,-0.79277,-0.8014,nan,-0.81689,-0.82216,-0.8212799999999999,-0.8333200000000001,nan,-0.8453700000000001,-0.8462200000000001,nan,-0.89038,-0.89666,-0.9012399999999999,-0.91156,-0.92056,-0.9257299999999999,-0.9348799999999999,-0.94075,-0.9403600000000001,nan,-0.9399200000000001,nan,-0.9797299999999999,-1.01,nan,-1.0373,-1.0349,-1.0383,nan,-1.0377,-1.0662,-1.0792,-1.0602,-1.0726,-1.0964,nan,nan,-1.138,-1.1343,-1.1420000000000001,-1.1514,-1.1585,-1.1683,-1.171,-1.1882,-1.2136,-1.2199,nan,-1.2348,-1.2432,-1.2478,-1.2576,-1.2644,-1.2704,-1.2864,-1.2975,nan,-1.3058,nan,-1.3406,-1.3391,nan,-1.3535,-1.3611,-1.3646,-1.3772,nan,nan,-1.3924,-1.4047,-1.4043,nan,nan,-1.4154,-1.4216,-1.4280000000000002,-1.4235,-1.4346,-1.4603,nan,-1.4703,-1.4853,-1.4895,-1.4905,nan,nan,-1.4876,nan,nan,-1.5122,-1.5267,-1.5349,nan,-1.5238,nan,-1.5389,nan,-1.5813,-1.5874,-1.584,-1.589,-1.6114,-1.6356,-1.6398,-1.6421,nan,-1.6487,nan,-1.6743,-1.6722,nan,-1.6845,-1.6840000000000002,nan,-1.6779,-1.6743,-1.6887,nan,-1.6813,-1.6827,-1.6848,-1.6807,-1.6853,-1.6916,-1.6947,-1.6939,-1.686,-1.6741,-1.6714,nan,-1.6769999999999998,-1.6917,-1.6928,-1.6834,-1.6879,-1.671,-1.6423,-1.6455,-1.6498,-1.6392,nan,-1.6312,nan,-1.621,nan,-1.6056,-1.5984,-1.6076,-1.6063,-1.6114,-1.6212,-1.6041,-1.5929,-1.598,-1.5829,nan,-1.5368,-1.5244,-1.5133,-1.5064,-1.5,nan,-1.5029,-1.4949,-1.4813,-1.4725,-1.4564,nan,-1.4254,-1.4249,nan,-1.4166,-1.3983,-1.3885,-1.3815,-1.3645,-1.3493,nan,nan,-1.3178,nan,-1.2834,-1.2736,-1.2698,nan,-1.2217,-1.2185,-1.1903,-1.1547,-1.1534,-1.1547,-1.1399,-1.126,-1.0977,nan,-1.0483,-1.0407,-1.0254,-1.0125,-0.9975200000000001,nan,-0.9545399999999999,-0.93926,-0.9207299999999999,-0.91561,-0.88323,nan,-0.8327399999999999,nan,-0.77718,-0.75258,-0.72806,-0.69703,-0.6842,-0.66457,-0.6360100000000001,-0.60575,nan,-0.53779,-0.52774,nan,-0.47458,-0.46192,-0.44443,-0.41136999999999996,-0.38531,nan,-0.29946999999999996,-0.2793,nan,-0.22951999999999997,nan,-0.15696,-0.11423,-0.10207000000000001,-0.087373,-0.048351,-0.0034986999999999996,0.031304000000000005,nan,0.08053400000000001,0.11914000000000001,nan,0.18924000000000002,0.24431,nan,nan,0.3386,nan,nan,0.43976000000000004,0.48096000000000005,0.53763,0.57758,nan,0.6448,0.68416,0.72585,0.78155,0.8327399999999999,0.86524,0.89776,0.94352,0.99266,1.0353,1.0727,1.1155,1.1702,1.2221,1.2670000000000001,1.3112,nan,1.3838,1.4484,1.4937,1.5343,1.5905,nan,1.6345,nan,1.7712,nan,nan,1.9242,1.9458,1.9735,2.0491,2.0962,2.1256,2.1946,2.2652,2.3116,2.3626,nan,2.4599,2.5174,nan,2.6449,2.6859,2.7401,2.7934,nan,2.8734,2.9213,2.9588,2.9911,3.0224,nan,3.1108,3.1422,3.1536,3.175,nan,3.2354,3.2583,nan,3.2865,3.2928,nan,3.2944,3.3065,3.3144,3.3127,nan,3.3141,3.3043,3.3004,nan,3.2532,3.2286,3.2026,nan,3.1561,3.1383,3.1133,3.0916,3.0628,3.0289,3.0012,nan,2.9705,nan,2.8888,2.8612,2.8384,2.8071,2.7828,2.7606,2.7373,2.7156,nan,nan,2.6136,2.5976,nan,2.5382,2.4904,2.4735,nan,2.4414,2.4062,2.3898,nan,2.3393,2.3133,2.2921,2.2698,2.2469,2.2169,2.1888,2.1749,2.1574,nan,nan,2.0715,2.0571,2.0522,2.0380000000000003,2.0071,1.9807,1.9677,1.953,1.9387,1.935,1.9280000000000002,1.9069,1.8839,1.8613,nan,nan,1.8029,1.7784,nan,nan,nan,1.7353,1.7244,1.7049,1.6726,1.6558,1.6545,1.6451,nan,1.5976,1.5782,1.5707,1.5630000000000002,nan,1.5578,1.5646,1.5711,1.5544,1.5285,1.528,1.5202,1.4955,1.4872,1.4723,1.4494,1.45,1.4446,1.4226,1.4175,1.4207,1.4131,nan,1.4071,1.4036,1.3939,nan,1.38,1.3697,1.3635,nan,1.3457,nan,1.3439,nan,nan,1.3425,1.3256,1.3213,1.3352,nan,1.3232,nan,1.3209,1.3216,1.317,1.3095,1.3103,1.3134,1.3069,1.2997,1.3003,1.2957,1.288,1.2973,1.3116,nan,nan,1.3087,1.3089,nan,1.2984,1.308,1.3117,1.3109,1.3107,1.3115,1.3106,1.3106,1.3126,nan,1.2998,1.2989,1.3032,1.3137,1.3212,nan,1.3106,1.3109,1.3143,1.3351,1.3411,1.3228,1.3254,1.3321,1.3209,nan,1.3214,1.3217,1.3304,1.3328,nan,1.3428,nan,1.3254,1.3353,1.3452,nan,1.3242,nan,1.3384,1.3277,nan,1.3332,1.3298,1.3335,1.3321,1.3297,nan,1.3299,1.3202,1.3291,nan,1.3208,1.33,1.3262,nan,1.3171,1.3254,1.3186,nan,1.3187,nan,1.3011,1.304,nan,1.3009,1.3514,nan,nan,1.3326,1.3211,nan,1.2670000000000001,1.2685,1.2531,nan,1.2456,1.237,1.2344,nan,1.2244,1.2195,1.2048,1.1913,1.1931,1.1837,1.1855,1.2202,1.2333,1.2139,1.2151,nan,nan,1.1893,nan,1.1821,1.1631,nan,1.1612,1.1558,1.1455,1.1299,1.1185,1.1174,1.1164,1.1087,1.1035,1.1071,1.1069,1.0945,nan,1.0619,1.0463,1.0332,nan,1.0316,nan,1.0193,1.0195,1.0126,1.0032,0.99649,nan,1.0017,0.9910100000000001,0.9763799999999999,0.97751,0.9696600000000001,0.95129,0.9451200000000001,0.9401,0.93081,0.93361,0.93711,nan,0.9233,0.92448,0.90923,0.89931,nan,0.8869100000000001,0.8753,0.88084,0.8730899999999999,0.8519899999999999,0.85015,0.8573299999999999,0.85165,nan,nan,0.81733,nan,0.80094,0.7933600000000001,0.79618,0.78498,0.77035,0.77193,0.76278,0.74559,0.73944,0.73218,0.72922,nan,0.74321,0.72512,0.71729,0.71753,0.70398,0.693,0.69744,0.69822,nan,0.68418,0.68501,nan,0.6803600000000001,0.67442,0.67614,0.6646,0.65012,0.64284,0.6337,0.63447,0.64312,nan,0.64345,0.6402399999999999,0.6229399999999999,0.60593,0.59448,nan,0.5886600000000001,nan,nan,0.5676100000000001,0.56716,0.56858,0.56692,0.55989,0.5494899999999999,0.54592,0.55478,0.57139,0.58343,0.57696,0.56014,nan,0.557,0.55628,0.5576399999999999,0.55567,0.5565,nan,nan,nan,0.5455399999999999,0.5270199999999999,0.50998,0.51302,nan,0.48453999999999997,0.47993,0.47093,0.47166,0.4668,nan,0.46879,0.46753999999999996,0.45838,0.45951000000000003,nan,nan,0.44778999999999997,nan,0.41973,0.41631,0.41617,0.41801000000000005,nan,0.4047,0.39915,0.3871,nan,0.36282,0.35866,0.3451,0.32963000000000003,0.32215,0.3154,0.30649,0.2993,0.29728000000000004,nan,0.29775,nan,0.26944,0.26468,0.2577,0.24715,nan,0.24376,nan,0.23083,0.21914,0.20313,0.20143,0.19969,0.1898,0.1903,0.18808,0.17782,nan,0.17824,0.16112,0.14683,0.14841,0.14198,nan,nan,0.11925,0.11135999999999999,0.10365,0.10769000000000001,0.095603,0.081116,0.082651,0.077048,0.072838,0.07222100000000001,nan,0.053892999999999996,0.07483,0.076377,0.062373000000000005,0.064461,0.07170900000000001,0.067354,0.054548,0.036367000000000003,nan,0.018419,nan,0.0074266,0.00071096,-0.0085876,-0.015092,-0.0063989,-0.00019088,-0.005963800000000001,-0.014685,-0.017006999999999998,nan,nan,-0.018588,nan,nan,-0.035533999999999996,nan,-0.046516,-0.047594,nan,-0.059311,-0.057102,-0.066076,-0.088377,-0.10933,-0.12327,nan,nan,-0.13349,-0.14277,-0.15252000000000002,-0.15250999999999998,nan,nan,-0.16465,-0.14445999999999998,nan,-0.10212,-0.1133,-0.11123,-0.11125,nan,-0.10239,-0.11982999999999999,nan,-0.11775,-0.11093,-0.10019,-0.11047,nan,-0.14561,-0.13352,nan,-0.14475,-0.14352,-0.14655,-0.15674000000000002,-0.15644,nan,nan,nan,-0.16558,-0.1558,-0.14173,-0.14265999999999998,-0.14979,-0.15775,-0.16569,-0.15977,nan,-0.14504,-0.15389,-0.15513,nan,nan,-0.15367999999999998,-0.15588,-0.15388,nan,-0.16413,-0.15893,nan,-0.14559,-0.12938,nan,-0.088364,nan,-0.08682100000000001,-0.090351,-0.09933600000000001,-0.09713300000000001,-0.088486,-0.08075800000000001,-0.07087,-0.066794,-0.068477,-0.066345,-0.069164,nan,-0.057597,-0.06358899999999999,-0.065944,-0.058645,nan,-0.051746,-0.047899000000000004,-0.064081,-0.067091,nan,-0.047404,-0.046548,-0.046247,-0.046718,-0.038414,-0.031122000000000004,-0.039323000000000004,nan,-0.039208,-0.033505,-0.036351999999999995,nan,nan,-0.034942,nan,nan,-0.029445,-0.025557,-0.034117,-0.034369,-0.038159,-0.047293,-0.03879,-0.035308,-0.035456,nan,nan,-0.034125,nan,-0.031906,-0.032565,-0.025176,-0.033485,-0.031577999999999995,-0.024021999999999998,-0.034776999999999995,-0.038038999999999996,-0.033524,nan,nan,-0.015406,nan,nan,-0.024344,-0.02471,-0.025102,-0.022652000000000002,-0.030832,-0.034774,-0.02578,nan,-0.039053,-0.035829,-0.025851,-0.023433000000000002,-0.025371,-0.033991,-0.045152,-0.043518,-0.036155,-0.028349,-0.018196,-0.029837,nan,-0.031958,-0.025377,-0.036532,-0.027025,-0.027127,-0.036597000000000005,-0.03528,nan,-0.043114,-0.036594,-0.051895000000000004,-0.056157000000000006,-0.045655,-0.0552,-0.061524,-0.05438,-0.058696000000000005,-0.066226,-0.06664199999999999,-0.068799,-0.077226,-0.080679,-0.076301,-0.079561,-0.087685,-0.088783,-0.09099700000000001,-0.099531,-0.10135,-0.10019,nan,nan,-0.10407999999999999,-0.11164,-0.11109000000000001,-0.11017,-0.1099,nan,-0.11217,-0.10647000000000001,-0.11370999999999999,-0.13155999999999998,-0.12322000000000001,-0.10588,-0.11099,-0.11939000000000001,-0.12212,-0.12165,nan,-0.12811,nan,nan,-0.12308,-0.14978,-0.19371,-0.23356,-0.25190999999999997,-0.2454,-0.21165,-0.15657000000000001,-0.10887000000000001,-0.075038,-0.050183,nan,-0.048089,-0.057477999999999994,-0.06327,-0.04381,nan,-0.025409,-0.011515000000000001,0.015786,0.036842,0.058036000000000004,0.060904999999999994,0.062094,nan,0.060334000000000006,0.051374,0.060814,0.053189,nan,0.059846,0.034364,0.032665,0.055827,0.051595,nan,0.039803,0.038781,nan,0.038114999999999996,0.041589,0.049504,0.050335000000000005,0.052496,0.049054,0.039251,0.048957,nan,nan,nan,nan,0.081719,0.082553,nan,0.06995499999999999,0.070534,0.07887899999999999,0.062803,0.049908999999999995,0.068012,0.07109700000000001,0.060286,0.06994600000000001,0.076675,nan,0.07191399999999999,nan,0.067062,nan,0.060708000000000005,0.066722,0.074808,0.07147300000000001,nan,0.063631,0.087255,0.07078,0.033968,0.088537,0.048125,-0.0089729
2.0,-0.31513,-0.38733,-0.32929,-0.42112,-0.38778,-0.42263999999999996,-0.41308,nan,nan,-0.43745,-0.44068,nan,-0.43515,-0.43523,-0.45876000000000006,-0.45445,-0.45603,-0.45703,-0.47095,nan,-0.4958,-0.484,-0.48277,nan,-0.49231,-0.49387,-0.50238,nan,nan,-0.5141,-0.52303,-0.51664,nan,-0.52967,nan,-0.53967,nan,-0.54711,-0.54983,-0.56109,-0.56118,-0.5614899999999999,-0.54896,-0.5706100000000001,-0.5879300000000001,-0.5753,nan,nan,-0.59631,-0.59995,-0.5985699999999999,-0.59915,-0.59887,-0.5987,-0.6016100000000001,-0.6176699999999999,-0.62503,-0.62571,-0.6240399999999999,nan,-0.63944,-0.64055,nan,nan,nan,-0.6379,-0.66085,nan,-0.64666,-0.66418,-0.65349,nan,nan,nan,-0.68681,-0.7016399999999999,-0.7133,-0.70449,-0.71755,-0.71741,-0.73228,nan,-0.72551,-0.6784399999999999,nan,-0.6932699999999999,-0.70129,nan,-0.70389,nan,-0.71531,-0.7237600000000001,nan,nan,-0.74978,-0.72431,-0.72336,-0.74753,-0.73861,-0.7468899999999999,-0.75737,-0.7551399999999999,-0.75854,-0.77099,nan,nan,-0.7962600000000001,-0.7965,-0.79443,-0.80718,-0.80807,-0.81662,-0.83062,nan,-0.82506,-0.8233299999999999,-0.84329,-0.84105,-0.8298200000000001,-0.8375600000000001,-0.8489700000000001,nan,-0.85115,-0.8592,nan,-0.86301,-0.87572,-0.8757299999999999,-0.87376,-0.8889799999999999,nan,-0.89454,-0.8810100000000001,-0.87885,-0.88103,-0.86915,nan,-0.87676,nan,-0.88203,-0.8877700000000001,-0.8814,-0.89312,-0.91576,-0.93022,-0.93639,-0.9279999999999999,-0.9380799999999999,-0.887,-0.88618,nan,-0.8863700000000001,-0.89738,-0.8999299999999999,-0.8985700000000001,-0.89825,-0.89941,-0.89569,-0.9072,-0.9066799999999999,-0.8953399999999999,-0.8994200000000001,-0.90004,-0.91717,-0.90545,-0.90255,-0.91189,-0.9166,-0.93855,-0.91374,-0.93922,-0.9647399999999999,-0.98993,-0.99372,-0.9807799999999999,-0.97435,-0.9908100000000001,nan,-0.98619,-0.98359,nan,-0.99387,nan,-0.9908899999999999,-0.99292,nan,-0.99977,nan,-0.9921399999999999,nan,-0.99284,-0.99325,-0.9928899999999999,-0.99271,-0.9915200000000001,-0.9927,-0.98925,nan,nan,-0.99566,-0.9960600000000001,-0.99551,nan,-0.99125,-1.0071,nan,-1.0056,-1.0002,-1.0068,-0.9981399999999999,-0.9801,-1.0054,-0.99255,nan,-0.99239,-1.0037,-0.9938,-0.9989100000000001,-1.0074,-0.9908100000000001,nan,-1.0028,-1.0038,-0.9956299999999999,-0.98977,nan,-0.99345,nan,-0.9836,nan,-0.99041,-1.0065,-1.0028,-0.9925,-0.9933299999999999,nan,nan,-0.9898899999999999,-0.99346,nan,-0.9746600000000001,-0.98875,-0.9832,-0.9748899999999999,-0.9737600000000001,-0.95594,-0.97941,-0.98666,-0.9766100000000001,-0.9737100000000001,nan,nan,nan,-0.94983,-0.9399299999999999,nan,-0.8878799999999999,-0.9002700000000001,-0.8763,nan,-0.89161,-0.8822,-0.88718,-0.88434,nan,-0.8921399999999999,-0.89955,-0.8981899999999999,nan,-0.9061799999999999,-0.93104,-0.9192299999999999,-0.91461,-0.92668,-0.9093600000000001,nan,nan,-0.9144399999999999,-0.91406,-0.91327,-0.91427,nan,nan,-0.8804299999999999,-0.89512,-0.8406299999999999,-0.8219700000000001,-0.8315299999999999,-0.81902,-0.84415,-0.8435299999999999,-0.85167,-0.8607600000000001,-0.8601200000000001,-0.86005,-0.8615299999999999,-0.8598100000000001,-0.8478899999999999,-0.84859,-0.8356399999999999,-0.8344799999999999,-0.8349200000000001,-0.83391,nan,-0.80807,-0.81777,-0.81521,nan,-0.81879,-0.81377,-0.80667,nan,-0.79102,-0.7964899999999999,-0.79252,-0.7971199999999999,-0.79156,-0.78335,-0.79591,nan,-0.7834300000000001,-0.7829699999999999,-0.78315,nan,-0.7702,nan,nan,-0.7635,-0.77445,-0.75,-0.74673,-0.75734,-0.75574,nan,nan,-0.7592399999999999,-0.7525,-0.7408399999999999,nan,nan,-0.7279399999999999,-0.69153,-0.66582,nan,-0.6641199999999999,nan,-0.66974,-0.65054,-0.66171,nan,nan,-0.65251,-0.64985,-0.6523899999999999,-0.64704,-0.63174,-0.62162,nan,-0.61755,-0.62163,-0.59932,-0.5998899999999999,nan,-0.60155,-0.58817,nan,-0.59062,nan,nan,-0.59028,-0.58345,-0.58834,-0.58208,-0.59143,-0.56903,-0.56629,-0.59414,-0.6030800000000001,-0.6109,-0.5965600000000001,-0.6018,-0.5987899999999999,-0.60228,nan,-0.60121,-0.60113,-0.60141,nan,nan,-0.58795,-0.5872,-0.57604,-0.57819,-0.5909399999999999,-0.5753199999999999,-0.5736600000000001,nan,-0.5611,-0.57715,-0.5666800000000001,-0.55953,-0.5576399999999999,-0.5474,nan,-0.5585899999999999,-0.5495899999999999,-0.54965,nan,-0.50565,-0.5009899999999999,-0.46923000000000004,-0.47948,-0.48215,-0.48771000000000003,-0.50325,nan,-0.5251600000000001,-0.5099899999999999,-0.51317,-0.5170100000000001,nan,-0.52566,-0.51542,nan,-0.52276,-0.5212899999999999,-0.52242,nan,-0.50949,nan,-0.51063,-0.48507,-0.48999,-0.49691,-0.49088999999999994,-0.49762,-0.48283000000000004,-0.4889,-0.48916000000000004,-0.47908,-0.48201000000000005,-0.48432,-0.4951,-0.47426,-0.4724,-0.48127,-0.46923000000000004,-0.4846,-0.48308,nan,-0.46948999999999996,nan,nan,-0.47293999999999997,-0.46365,-0.48541999999999996,nan,-0.41708,nan,-0.40601,-0.42022,-0.41298,-0.4188,-0.41135,-0.40156,nan,-0.40283,-0.40449,nan,nan,-0.40475,-0.3912,-0.40413000000000004,-0.39223,nan,nan,-0.38479,-0.39255,nan,-0.39246,nan,-0.38119000000000003,-0.39271999999999996,-0.38597,-0.3957,-0.40102,-0.38686,-0.39218000000000003,-0.3876,-0.37906,-0.39189,-0.39115,nan,-0.40385,-0.40531999999999996,-0.39191,-0.38949,-0.39071999999999996,-0.38237,-0.37290999999999996,-0.3891,-0.37993000000000005,-0.38459,-0.38359,-0.38113,-0.38748,nan,-0.3774,-0.38089,-0.3892,-0.37826,-0.39215,-0.39089,-0.3916,-0.37999,nan,-0.39098,-0.37979,-0.37808,-0.37605,-0.38750999999999997,-0.38261999999999996,nan,-0.37673,-0.38295999999999997,nan,-0.37221,-0.38432,-0.38679,-0.37628,-0.37856999999999996,-0.37815,-0.37858,-0.37939,-0.39182,nan,-0.39025,-0.39316,-0.37601,-0.40202,-0.39044,nan,-0.40821999999999997,-0.41488,-0.43583999999999995,-0.42476,-0.43612,-0.44359,-0.43628999999999996,-0.43113999999999997,-0.44485,nan,-0.44538999999999995,-0.45583999999999997,-0.44106999999999996,-0.43118999999999996,-0.43175,-0.43146,-0.43095,-0.43098000000000003,-0.42944,-0.43933,nan,-0.43326000000000003,-0.42738000000000004,-0.43187,-0.4254,-0.4388,-0.43458,-0.43411000000000005,nan,-0.42908999999999997,-0.42662,-0.41795,-0.43066000000000004,-0.41623999999999994,-0.43325,-0.44338,-0.43185,-0.41875,-0.41588,-0.43028999999999995,-0.41968999999999995,-0.41557,nan,-0.41698999999999997,-0.41413,-0.41963,-0.4097,-0.42733999999999994,-0.38413,-0.35443,-0.37676,-0.34406,-0.35529,-0.36814,-0.3766,-0.35115,-0.38128,-0.37954,-0.35209,-0.37744,-0.3682,-0.36259,-0.36695,nan,-0.36811,-0.35772,-0.37943000000000005,-0.35796,-0.36383000000000004,-0.36959000000000003,-0.34962,-0.36614,nan,-0.35679,-0.36453,-0.36558,-0.3643,-0.35147,-0.35301,nan,-0.36595,nan,nan,-0.36376,-0.36656,-0.35338,-0.3573,-0.36841999999999997,-0.35447,-0.35035,-0.3494,-0.35534,-0.36657,-0.36236999999999997,-0.36624,-0.36122,-0.35167,-0.3676,-0.36363,-0.35279,-0.36625,-0.36591,-0.36603,nan,nan,-0.36021,-0.37727,-0.36213,-0.33728,-0.34412,-0.3583,-0.36635999999999996,nan,-0.34768000000000004,-0.35552,nan,-0.36175999999999997,-0.35005,-0.37051,nan,-0.35259,-0.3799,-0.36680999999999997,nan,nan,nan,-0.39118,-0.37731,nan,-0.39671,-0.38737,-0.38451,-0.37477,-0.37764000000000003,-0.38088,-0.39203000000000005,-0.38656,-0.37301999999999996,nan,-0.36436,-0.3662,-0.36401,nan,-0.36624,-0.35281999999999997,-0.36383000000000004,-0.36615,-0.36433000000000004,nan,nan,nan,-0.35658,-0.36801999999999996,-0.35962,-0.37294,-0.37285999999999997,-0.36149000000000003,-0.36541999999999997,nan,-0.36511,-0.36425,-0.36557,-0.36448,nan,-0.35301,-0.36588000000000004,nan,-0.36577,nan,-0.36769,-0.35038,-0.37024,-0.37269,-0.35886999999999997,-0.37281,nan,-0.37108,-0.36494,nan,-0.36879,-0.37011,nan,-0.35208,-0.38243,-0.39148,-0.40526,nan,-0.43166000000000004,-0.41758999999999996,-0.42991999999999997,-0.41875,nan,-0.43058,-0.43144,nan,nan,nan,nan,-0.43308,nan,-0.43038999999999994,-0.43105,-0.44551,-0.43846999999999997,-0.43118,-0.42916000000000004,-0.41844,-0.44401,-0.44388,-0.44265,-0.44333,nan,-0.45171000000000006,-0.45958999999999994,-0.44132,-0.45296000000000003,-0.44543,-0.44823999999999997,-0.45403000000000004,-0.46286000000000005,-0.45923,nan,-0.45976000000000006,-0.45238,-0.45861,-0.47068999999999994,-0.46773000000000003,nan,-0.47088,nan,-0.46893999999999997,-0.48373,nan,nan,-0.49676000000000003,-0.49218999999999996,-0.49483999999999995,-0.49283999999999994,-0.49377,nan,-0.49253,-0.49799,-0.51022,nan,-0.51268,nan,-0.50735,-0.5249,-0.53538,-0.53555,-0.53599,-0.53581,nan,-0.5355800000000001,nan,-0.54632,-0.53892,-0.53051,-0.54278,-0.5534399999999999,-0.56695,-0.57416,-0.5703,-0.5773699999999999,-0.58826,-0.58405,nan,-0.58381,-0.59077,-0.59909,-0.60335,-0.61182,-0.54972,-0.5722,-0.57484,-0.58457,-0.5776399999999999,-0.5706100000000001,-0.57335,nan,-0.5954,-0.60101,nan,-0.60728,-0.60578,-0.60151,nan,-0.6129100000000001,-0.6280899999999999,nan,-0.64474,-0.6643399999999999,-0.6532600000000001,nan,-0.65393,nan,nan,-0.67469,-0.6993699999999999,-0.7048800000000001,-0.70939,-0.72525,-0.73523,-0.75058,-0.7564,nan,-0.78187,-0.79261,-0.77754,-0.7850600000000001,-0.79655,-0.7939,-0.79806,-0.8243,-0.82288,-0.8231200000000001,-0.8348399999999999,-0.8337,-0.8459700000000001,-0.8470799999999999,-0.8555299999999999,-0.87008,nan,-0.8868,-0.88285,nan,-0.9013100000000001,nan,-0.9051799999999999,-0.9108799999999999,-0.91666,-0.9239,-0.91269,-0.92835,nan,-0.9406200000000001,-0.9531799999999999,nan,nan,-0.93984,-0.93514,-0.9597899999999999,nan,-0.9707899999999999,-0.98182,-0.971,-0.9934700000000001,-1.0021,-1.0087,-1.0154,nan,nan,-1.0172,-1.0321,-1.031,nan,-1.0442,-1.0454,-1.0454,-1.0441,-1.0557,-1.0559,-1.0563,-1.0536,-1.0583,-1.0483,-1.0726,-1.0311,-0.9944700000000001,-1.0045,-1.0068,-1.0139,-1.0021,-1.021,-1.0134,nan,-1.0139,-1.0061,nan,-1.0187,-1.0178,-1.0184,-1.0168,-1.0175,-1.0162,-1.0167,nan,-1.0165,nan,-1.0219,-1.0327,-1.0222,-1.0147,-1.0161,-1.0182,-1.0337,-1.0256,-1.0182,-1.0147,-0.99235,-1.0054,-1.0051,nan,nan,nan,-0.98246,-0.97531,-0.97867,nan,-1.0075,-1.02,-1.0042,-0.97734,-0.9552799999999999,-0.9509200000000001,-0.94724,nan,-0.93926,-0.9362299999999999,-0.92484,-0.91206,-0.90036,nan,-0.8885,-0.8632200000000001,-0.84952,-0.8360200000000001,-0.82525,-0.81017,-0.80201,nan,-0.77031,-0.7550600000000001,-0.73524,-0.71665,nan,nan,nan,-0.65591,nan,-0.6078100000000001,-0.60019,-0.5859,-0.5607800000000001,-0.53647,-0.52245,-0.51143,-0.48541000000000006,nan,nan,-0.43487,-0.40460999999999997,nan,-0.39758000000000004,nan,-0.34365,nan,nan,-0.26666999999999996,-0.23813,-0.23629,-0.20706,-0.12004000000000001,-0.09022999999999999,-0.078185,nan,-0.053763,-0.016388999999999997,0.021315999999999998,0.048406,0.081786,0.11607,0.11849000000000001,0.13215,nan,0.17854,0.18958,0.20617,0.23931999999999998,0.27071,0.27802,0.31386,0.34269,0.3588,0.40965,0.44746,0.49683999999999995,0.50808,0.53254,nan,0.59304,0.63364,0.65904,0.69272,0.73252,0.75559,nan,0.84104,0.8877,nan,nan,0.9722799999999999,nan,1.0439,1.0683,1.1292,nan,1.2161,1.2395,1.264,1.3133,1.3535,1.3777,1.4148,1.4408,nan,1.555,1.5727,1.6064,1.6805,1.696,1.7109,1.7690000000000001,1.794,nan,1.8765,nan,nan,nan,2.0505,2.0997,2.1642,2.1686,2.1843,nan,2.2913,2.3507,2.3787,2.4112,2.4487,2.4904,2.5442,2.5883,nan,2.6237,2.6488,2.6991,2.7538,2.8267,nan,2.8485,nan,2.9101,2.9342,2.9407,2.9223,2.9442,2.9533,nan,nan,2.9403,2.9418,2.9539999999999997,2.9436,2.9352,2.9379,2.9357,nan,2.9322,2.8925,nan,2.8981,2.8718,2.8588,2.8484,2.8127,nan,2.7849,2.7571,nan,2.7257,nan,2.7078,2.6572,2.6710000000000003,2.6460000000000004,2.6193,2.6276,2.6181,2.5928,nan,2.5842,2.5688,2.5454,2.5328,2.5081,2.4955,2.4794,2.5019,2.5009,2.4797,2.4827,2.4656,2.4436,2.4384,2.4088,2.3831,2.3938,2.3802,2.3573,2.3469,2.3523,2.3613,nan,2.3384,2.3369999999999997,2.298,2.2966,2.2968,2.299,2.2767,2.2699,2.265,2.2534,2.2641,2.2418,nan,nan,2.2186,2.2159,2.2043,2.205,2.1887,2.1777,2.1662,2.1681,nan,2.1541,2.1662,2.1694,2.1541,2.1556,2.15,2.1685,2.1543,2.1615,2.1278,2.1668,2.2079,2.1672,2.188,2.1687,2.1507,2.1367,2.1258,2.112,2.0864,2.0747,nan,2.0232,nan,nan,nan,2.0066,2.0214,2.0186,1.9917,1.9827,1.9839,1.9867,nan,1.9527,1.963,1.9713,1.9499,1.9495,1.9381,nan,2.0017,1.9828,1.9459,1.9445,1.9583,nan,1.9315,1.9232,1.9167,1.9203,nan,1.9194,1.9188,1.9155,1.8969999999999998,1.8954,1.8881,1.8807,nan,nan,1.8797,1.8659,nan,1.8533,nan,1.8419,1.8422,1.8289,1.8389,nan,1.8061,1.8312,nan,1.8078,1.8106,nan,1.7984,nan,1.7879,1.7712,1.7601,nan,1.7499,nan,nan,1.7355,nan,1.7353,1.7366,1.7339,1.7472,1.7422,nan,1.7234,1.7244,1.7234,1.7217,1.6996,1.7044,1.7038,1.6808,1.6828,1.6702,1.6706,1.6412,nan,1.6059999999999999,1.5925,1.605,1.5971,1.5699,1.5667,1.568,nan,nan,1.5499,1.5487,nan,nan,1.5419,1.5364,1.5264,nan,1.5290000000000001,1.5229,1.4853,nan,1.4879,1.4749,1.4758,1.4624,1.4627,1.4515,1.4508,1.4396,1.4436,1.4477,1.4237,nan,1.4171,1.4406,nan,1.4464,nan,1.4496,1.4485,1.4345,1.4211,1.3966,1.3973,1.4093,1.3998,1.3841,1.3869999999999998,1.3624,1.3642,1.3766,1.3542,1.3352,nan,nan,1.2905,1.2921,1.2941,nan,1.2815,1.2744,1.2344,nan,1.2014,1.2003,nan,1.1746,nan,1.1521,1.1269,1.1225,nan,1.0855,1.0831,nan,1.0718,nan,1.0612,1.0545,1.04,1.0308,1.0308,1.0138,0.9892700000000001,nan,0.95367,0.95355,0.9403799999999999,0.9524100000000001,0.9453799999999999,0.9171799999999999,0.90486,0.8898,0.8914,0.8729100000000001,0.85793,nan,0.85565,nan,0.80669,0.7803399999999999,0.78574,nan,0.7449899999999999,0.7584,0.74074,0.71732,0.7046600000000001,0.70463,0.70623,0.68214,0.6668,0.6679,0.6580600000000001,0.64381,nan,nan,0.59142,0.5894199999999999,0.5809,0.5484600000000001,0.53746,0.55265,0.52423,nan,nan,0.48507,0.49456000000000006,0.45571000000000006,nan,0.43351999999999996,nan,0.42391999999999996,0.39469,0.38576,0.3584,0.35241,0.34791,0.33336,0.31653000000000003,0.28966,0.29099,0.27876,nan,nan,0.23634000000000002,0.25009000000000003,0.2297,0.20867,0.20876999999999998,0.19521,0.1952,0.18587,0.14635,nan,nan,0.13319,0.10733,0.077855,0.08317999999999999,nan,0.06191900000000001,nan,nan,0.02928,0.081631,0.15320999999999999,0.06450399999999999,0.064927,0.021034,0.027880000000000002,0.025255,0.025506,0.014355000000000001,-0.010496,-0.024241,-0.026331,-0.023642,-0.034104,-0.046039,-0.05894099999999999,-0.06467200000000001,-0.066445,-0.087585,-0.08429299999999999,-0.076389,-0.07348400000000001,-0.063279,-0.08336,nan,-0.09294,-0.10387,-0.10389000000000001,-0.10411,-0.10327,-0.12845,-0.13093,nan,-0.14806,nan,-0.15629,-0.1716,-0.16589,-0.16737,-0.1729,-0.18358,-0.17912,-0.18441,nan,-0.20675,-0.19226,-0.19771,nan,-0.23795999999999998,-0.27431,-0.27397,-0.27341,-0.27268000000000003,-0.28398,-0.28711,-0.29215,-0.31361999999999995,nan,-0.30791,-0.30516,-0.30124,-0.31994,-0.33008000000000004,-0.33903,-0.33686,nan,-0.33991,-0.35265,nan,-0.34304,-0.37942,nan,-0.35156,-0.37665,nan,nan,nan,-0.32941,-0.32081,-0.337,nan,-0.33562,-0.35743,-0.34076,nan,-0.35291,nan,-0.35386,-0.36768,-0.38059,-0.39154,-0.39066,-0.39179,nan,-0.4318,-0.41816000000000003,-0.41762,-0.41471,-0.42881,-0.42663999999999996,-0.44795,-0.45443,-0.46396000000000004,-0.46101000000000003,-0.45982,-0.46468000000000004,-0.45832,-0.49051000000000006,-0.47298999999999997,nan,-0.49482,-0.48117,nan,nan,-0.49596999999999997,nan,-0.50905,-0.50675,-0.5202399999999999,-0.51163,-0.50437,-0.51679,-0.52198,-0.52284,nan,nan,-0.52507,-0.53003,-0.52204,-0.53585,-0.53618,nan,-0.53227,-0.5362100000000001,-0.53489,-0.53614,-0.54901,-0.54914,-0.54795,nan,-0.54595,-0.55807,-0.5522100000000001,-0.54388,nan,-0.5603899999999999,-0.55758,nan,nan,nan,nan,-0.49943999999999994,-0.5261399999999999,-0.53618,-0.54996,-0.5477,-0.54973,-0.56147,-0.54951,nan,nan,-0.55703,-0.56247,-0.54918,-0.54737,-0.5459,nan,-0.5383399999999999,-0.53422,-0.52749,-0.51977,nan,-0.52618,-0.52975,-0.50564,-0.5250100000000001,-0.5191899999999999,-0.5089100000000001,nan,-0.49591999999999997,-0.49543999999999994,-0.48475,-0.48081999999999997,-0.48502,-0.47013999999999995,-0.46943999999999997,-0.46516,-0.47973999999999994,-0.46821999999999997,nan,nan,nan,-0.45078999999999997,-0.44798000000000004,-0.4282,-0.44676000000000005,nan,-0.41672,-0.43283,nan,-0.41831999999999997,-0.43115,-0.4302,-0.43395,nan,-0.39698,-0.40698,-0.39958,nan,-0.39321,-0.389,-0.38845999999999997,-0.39115,-0.38379,-0.37961999999999996,-0.39061999999999997,-0.37154,-0.36657,-0.37989,nan,nan,nan,nan,-0.35293,-0.34005,-0.33703,nan,-0.33513000000000004,-0.3425,-0.31795999999999996,-0.31316,nan,nan,nan,nan,-0.28003,nan,-0.26659,nan,-0.24086999999999997,-0.25638,-0.23740999999999998,-0.23046999999999998,-0.09249099999999999,nan,nan,-0.15172,-0.13885999999999998,-0.12475,nan,-0.11133,-0.11853,-0.10845,-0.096456,-0.11725999999999999,-0.12603,nan,-0.11634000000000001,-0.11649000000000001,-0.11294000000000001,-0.10314000000000001,nan,-0.11577,-0.11773,-0.11728,-0.10393,nan,-0.1071,-0.08040900000000001,-0.075839,-0.079465,-0.067229,-0.056762,-0.038912999999999996,nan,-0.014574,0.028311000000000003,0.024174,0.032947000000000004,0.042226,0.037642,0.025657,0.045729,0.049902999999999996,0.026106,0.053482,0.052541,0.051512999999999996,0.065362,0.054255,0.061742,0.068986,0.061197,nan,0.06278500000000001,0.05749,0.069972,nan,nan,0.065304,0.064916,0.047191000000000004,nan,0.06999,nan,0.054416,0.064179,0.052328999999999994,0.064465,nan,0.063308,nan,nan,nan,0.12549000000000002,nan,0.16872,0.1974,0.19358,nan,0.20963,0.2152,0.22426,0.22579000000000002,0.23644,0.23586,nan,nan,nan,0.27434000000000003,0.27444,0.27466999999999997,0.28441,nan,0.27505999999999997,0.28604,0.27921,0.28712,0.31016,nan,0.30218,0.31248000000000004,0.29806,0.30233000000000004,0.30083000000000004,0.30016,0.30196,0.29846999999999996,nan,nan,0.2863,nan,0.29978,0.34412,0.36858,0.36365,0.36891,nan,0.37622,0.38123,0.37956999999999996,0.38027,0.38327,0.40178,0.40168000000000004,0.39219,0.39159,0.37658,0.38236,0.39219,0.3778,0.37899,0.37892,nan,0.37851999999999997,0.36854000000000003,0.36463,0.36744,0.3656,0.3669,0.37203,nan,0.3669,0.38084,0.39048,0.3787,0.37782,0.38755,nan,0.3937,0.40415999999999996,0.39255999999999996,0.40417,0.39186,nan,nan,0.40284000000000003,0.39659,0.39033,0.39557,0.39016999999999996,nan,nan,0.41201000000000004,0.42136,0.41725,0.42016000000000003,0.41723999999999994,0.42196000000000006,nan,0.42878999999999995,0.41628999999999994,0.40325,0.42052,nan,0.39204,nan,0.40586,0.41594,0.40842,0.41248,0.42200000000000004,0.41627,0.42113999999999996,0.4119,0.39807,nan,0.40449,0.41756000000000004,0.38368,0.43493000000000004
3.0,-0.19912,-0.31176,-0.21711999999999998,-0.28259,-0.22839,-0.27702,-0.2643,-0.27319,-0.28386,-0.29468,-0.29335,nan,nan,-0.33612,-0.33266999999999997,-0.33229000000000003,-0.33991,-0.34575,-0.36596,-0.35206,-0.36616,-0.36739,-0.3512,-0.37033,nan,-0.37906,nan,-0.4028,-0.41533000000000003,nan,-0.42268999999999995,-0.42406000000000005,-0.43513,nan,-0.44355,-0.44723,-0.44996,-0.46658,nan,-0.47295,-0.48365,nan,-0.47217,-0.48115,-0.49432,-0.4844,-0.48544,nan,-0.50254,-0.5119199999999999,-0.51483,-0.50639,-0.51994,nan,-0.51863,nan,-0.54065,-0.53162,-0.53303,-0.54314,-0.53861,-0.5417,-0.54022,-0.54246,-0.55471,-0.56565,-0.56595,-0.56438,nan,-0.56652,-0.59268,-0.6179,-0.60692,-0.6184,-0.63598,-0.63685,-0.64856,-0.63572,-0.64586,-0.63723,-0.6462600000000001,-0.66235,-0.6601,nan,-0.6697,-0.67285,-0.6724399999999999,-0.67192,-0.68185,-0.68214,-0.68293,nan,-0.67247,-0.6888,-0.69405,-0.69457,-0.69468,-0.6957,-0.6957,nan,nan,-0.7057899999999999,nan,-0.71685,-0.6957899999999999,-0.70004,nan,-0.71759,-0.72022,nan,-0.7159300000000001,-0.73374,nan,-0.66676,-0.6957399999999999,-0.6855100000000001,-0.68516,-0.69531,nan,-0.69562,-0.7066100000000001,-0.71996,-0.7066100000000001,-0.71587,-0.71017,nan,-0.7156600000000001,-0.7049300000000001,nan,-0.7289100000000001,-0.7191,-0.71913,-0.7395,-0.7432,-0.74451,nan,nan,-0.78246,-0.78615,-0.7944399999999999,nan,-0.8017,-0.81381,-0.80276,-0.8083100000000001,-0.81503,-0.81414,-0.82994,-0.81184,-0.8216700000000001,-0.8334299999999999,-0.82506,-0.8365100000000001,-0.82478,-0.84636,-0.83891,nan,-0.84951,-0.84641,-0.8449399999999999,-0.85472,-0.87272,-0.85777,-0.86161,-0.86149,-0.85905,-0.8711700000000001,-0.8637,-0.8611200000000001,-0.8835299999999999,-0.87051,-0.86055,nan,-0.87192,-0.8726200000000001,-0.8615299999999999,-0.85965,-0.8690100000000001,nan,-0.85916,-0.8686200000000001,-0.85861,-0.82636,-0.8228700000000001,-0.82558,nan,nan,-0.8583,-0.8610700000000001,-0.8654200000000001,-0.8805799999999999,nan,-0.88215,-0.8819799999999999,-0.8826299999999999,-0.8830399999999999,nan,-0.8843200000000001,-0.8834299999999999,nan,-0.88177,nan,-0.8801100000000001,-0.8848,-0.87598,nan,-0.89681,nan,-0.8734,-0.8826700000000001,nan,-0.88064,nan,nan,-0.87666,nan,-0.87231,-0.88387,-0.8712799999999999,nan,-0.8839,-0.87376,-0.87077,-0.8718299999999999,-0.8668100000000001,-0.85272,-0.8705200000000001,-0.8800100000000001,-0.8729299999999999,-0.8705299999999999,-0.8493700000000001,-0.8716200000000001,-0.86198,-0.86264,-0.8297700000000001,-0.80572,-0.81085,-0.79737,-0.82142,-0.83752,-0.8497399999999999,-0.83716,nan,nan,-0.7816,-0.77156,nan,nan,-0.7506,-0.75398,-0.75349,-0.75393,-0.74288,nan,-0.7447199999999999,-0.72801,nan,-0.72296,nan,-0.7087899999999999,-0.7045,-0.70727,nan,-0.70791,-0.70729,-0.70738,nan,-0.68545,-0.67516,-0.6685800000000001,-0.6727,nan,-0.65842,-0.6602100000000001,-0.66078,-0.67108,-0.6747,-0.65174,-0.64488,nan,-0.64618,-0.6463399999999999,-0.64786,-0.64451,-0.62079,-0.61374,nan,-0.61564,nan,-0.59991,-0.59837,nan,-0.59426,-0.58735,nan,-0.57572,-0.5773699999999999,-0.5770000000000001,-0.57668,-0.57462,-0.57892,-0.56072,-0.5542699999999999,nan,nan,-0.53679,nan,-0.55371,-0.52986,-0.55073,-0.53823,nan,-0.5281600000000001,-0.55569,-0.56158,-0.5525899999999999,-0.56917,-0.57698,-0.57701,-0.56666,-0.56499,-0.5658,-0.5583899999999999,nan,-0.54578,-0.55155,-0.53428,nan,-0.529,-0.5302600000000001,-0.53036,-0.52746,-0.54081,-0.5312600000000001,-0.53072,-0.50937,-0.46703,-0.47747,-0.47875,nan,-0.48303999999999997,-0.47272,-0.46998999999999996,nan,-0.46047,-0.46307,-0.47525,-0.45998,-0.44348000000000004,nan,-0.44593,-0.43531000000000003,-0.43538000000000004,nan,-0.42299,-0.43091999999999997,-0.42983999999999994,-0.41436999999999996,-0.4098,-0.41458,-0.42294,-0.40871,nan,-0.38799,nan,nan,nan,-0.38064000000000003,-0.37237,-0.37661,-0.37239,-0.36113,-0.35236999999999996,-0.35341,-0.34217,-0.33894,nan,-0.34292,-0.34497,-0.35570999999999997,-0.34628000000000003,-0.33802,-0.34404,nan,nan,-0.37755,-0.35462,-0.35200000000000004,-0.35200000000000004,-0.35833000000000004,-0.36149000000000003,-0.31096999999999997,-0.27521999999999996,-0.28442,-0.29503,-0.27946,nan,-0.26796,nan,-0.26456,nan,-0.27162,-0.25690999999999997,-0.24894000000000002,-0.25515,-0.23283,nan,nan,nan,-0.23818000000000003,-0.22981,-0.24420999999999998,-0.24008000000000002,-0.23151,-0.23492,-0.23339000000000001,-0.23493000000000003,nan,-0.23529,-0.23556999999999997,nan,-0.22045,-0.22338000000000002,-0.21598,nan,-0.213,-0.20769,-0.19905,nan,-0.18838,nan,-0.20417000000000002,-0.17194,-0.16047,-0.16549,-0.1622,nan,-0.16314,nan,-0.16423,-0.15339,-0.1418,-0.1375,nan,-0.16147,-0.13927,-0.14652,-0.14878,-0.13817000000000002,nan,-0.14107999999999998,-0.15317,-0.15388,-0.14169,nan,-0.14051,-0.13822,-0.14139000000000002,-0.13507,-0.12686,nan,-0.11634000000000001,-0.1062,-0.09478400000000001,-0.091016,-0.097024,-0.07445700000000001,-0.07192,-0.086452,-0.095903,-0.086935,-0.084619,-0.10572000000000001,-0.081983,-0.08013300000000001,-0.083298,-0.07084,nan,-0.074762,-0.082268,-0.07889199999999999,-0.083215,nan,-0.09185900000000001,-0.06977699999999999,-0.058411000000000005,-0.06658700000000001,-0.07157000000000001,nan,-0.06765399999999999,-0.086624,-0.07243200000000001,-0.071875,-0.080596,nan,nan,nan,nan,-0.071469,-0.06675700000000001,-0.069608,-0.06640599999999999,nan,-0.08245599999999999,-0.079868,nan,-0.09419,-0.10489000000000001,-0.1071,-0.094061,nan,-0.10736,-0.10202,-0.10715999999999999,-0.10044,-0.09360700000000001,nan,-0.10584,-0.094276,-0.083686,-0.076823,-0.092784,-0.08283,-0.087448,-0.08538,-0.066822,-0.08457999999999999,-0.079435,nan,-0.069283,-0.07016900000000001,-0.059395,-0.062935,-0.072038,-0.06138099999999999,-0.05728,nan,-0.058988,-0.056925,nan,-0.057803999999999994,nan,-0.048794,-0.041989,-0.055188,-0.051546,-0.045288,-0.041923,-0.0345,-0.047382,-0.046726,-0.0468,-0.044675,-0.057121000000000005,-0.049204000000000005,nan,-0.038409,-0.039006,-0.061826,-0.038015,-0.037196,-0.046139,-0.033601,-0.058288,-0.029707,-0.025079,-0.036971,-0.032043,-0.03213,-0.036788,-0.027058999999999996,-0.012965,-0.034765,-0.022411,-0.043828,-0.029575999999999998,-0.022043,-0.047929,-0.036291000000000004,nan,-0.030514999999999997,nan,-0.043857,-0.022241,-0.034142,-0.024306,-0.027452999999999998,-0.045965,-0.038286,nan,-0.036087,-0.028212,-0.023087,-0.035166,-0.03451,nan,-0.033226,-0.044180000000000004,nan,nan,-0.041178,-0.043237,-0.027070999999999998,nan,nan,-0.033977999999999994,-0.022886,-0.021255,-0.030481,nan,nan,-0.040441000000000005,-0.028923,-0.039797000000000006,-0.043162,-0.034491,-0.047156,-0.046808999999999996,-0.047005,-0.035309,-0.040404,nan,-0.043292000000000004,-0.046875,-0.043932,-0.048276,nan,nan,-0.058679999999999996,-0.059612,-0.0469,nan,nan,-0.050456,-0.043226,nan,-0.060871,nan,-0.057214999999999995,nan,-0.072861,-0.020225,-0.01329,-0.021147,nan,-0.023744,-0.031627999999999996,-0.018711000000000002,-0.02422,-0.034742,-0.034752,-0.034464999999999996,-0.033109,-0.034983,-0.030180000000000002,-0.042302,nan,-0.037587,-0.06318700000000001,-0.054547000000000005,-0.04703,-0.05879500000000001,nan,-0.06461900000000001,-0.080833,-0.072147,-0.068299,-0.063761,nan,-0.072115,-0.066225,-0.058646000000000004,-0.05904500000000001,nan,-0.068735,-0.059615999999999995,-0.06796,-0.09211799999999999,-0.08960800000000001,nan,-0.10509,-0.10580999999999999,-0.10507999999999999,-0.10599000000000001,nan,-0.1049,-0.12195,-0.12362000000000001,-0.11335999999999999,-0.12005999999999999,-0.13466,-0.13617,-0.13047,-0.15384,nan,-0.13922,-0.15085,-0.15323,nan,-0.16024000000000002,nan,-0.15232,-0.16882,-0.17636,-0.18911,-0.18837,-0.18567999999999998,-0.20995999999999998,-0.2022,-0.19898,-0.19507,-0.2111,-0.21891,-0.21286,-0.22141999999999998,nan,-0.23553000000000002,-0.22463000000000002,-0.22865,-0.24868,nan,-0.22282,-0.24413,-0.24269000000000002,-0.25188,nan,-0.23410999999999998,nan,-0.2371,-0.23019,nan,nan,-0.24261,-0.24821,-0.24298000000000003,-0.25053000000000003,-0.25765,-0.24578000000000003,-0.24761,nan,-0.26883,-0.26232,-0.25381,-0.27071,-0.28488,-0.2769,nan,-0.29229,-0.29635,-0.31890999999999997,nan,nan,-0.33366,-0.32456999999999997,-0.32996,-0.32908000000000004,-0.34894000000000003,-0.34838,-0.34131,-0.35435,nan,-0.36384,-0.37649,-0.37212,nan,-0.40052,-0.40241,-0.41656000000000004,-0.42546999999999996,-0.43635,nan,-0.43603000000000003,-0.43595,-0.43375,nan,-0.44706,-0.44569,-0.44892,nan,-0.4661,-0.46138999999999997,-0.48445,-0.48275,nan,-0.48225,-0.48895,-0.5039399999999999,-0.50439,nan,-0.52227,-0.53175,nan,-0.5551699999999999,-0.56663,-0.5665100000000001,nan,nan,-0.59316,nan,-0.58715,-0.6016100000000001,-0.60144,-0.6151399999999999,-0.62534,-0.63654,-0.63598,nan,nan,-0.6542399999999999,-0.6604800000000001,-0.66067,-0.67902,nan,-0.6872,nan,-0.7075199999999999,-0.70767,-0.7058399999999999,-0.7168399999999999,-0.71682,-0.7256199999999999,-0.72636,nan,-0.75473,nan,-0.75155,-0.74339,nan,-0.75443,-0.77147,-0.77052,nan,-0.80091,nan,-0.80777,-0.82575,nan,-0.8252,nan,-0.8473200000000001,-0.8483700000000001,-0.8462700000000001,-0.85251,-0.8672200000000001,nan,-0.87418,-0.88413,nan,nan,-0.8841200000000001,-0.89251,-0.90738,nan,-0.92237,-0.9278,-0.93876,nan,nan,-0.97987,-0.9777399999999999,-0.9783299999999999,-0.97711,-0.98636,-0.9954799999999999,-1.0159,-1.0212,-1.0079,-1.0176,-1.0243,-1.0245,nan,-1.0254,-1.0349,-1.0465,-1.0547,-1.0739,-1.0864,nan,-1.0891,-1.0935,-1.0994,-1.1209,-1.1092,-1.1183,-1.1212,nan,nan,-1.1386,-1.1366,nan,nan,-1.1567,-1.1683,nan,nan,-1.189,-1.1879,-1.1958,nan,-1.2195,-1.225,nan,-1.2379,-1.2377,nan,-1.2364,-1.2559,nan,nan,nan,-1.2623,-1.2577,-1.265,-1.2869,nan,-1.2278,-1.2346,-1.2492,-1.2462,-1.2563,nan,nan,nan,nan,-1.2842,-1.2845,-1.2855,nan,-1.2966,nan,-1.3239,-1.331,-1.3327,nan,-1.3387,nan,-1.3542,-1.3328,-1.3538,-1.3483,nan,-1.3544,nan,-1.3416,-1.3408,-1.3462,-1.3535,-1.3161,-1.2977,-1.3091,nan,nan,nan,-1.34,-1.3329,-1.3423,-1.365,-1.3235,-1.3351,-1.3447,-1.3224,-1.3111,-1.2893,nan,-1.2825,nan,-1.2684,-1.2653,nan,-1.2612,nan,-1.2372,-1.2293,-1.2163,-1.1986,-1.1788,-1.1736,nan,-1.1542,-1.1531,nan,-1.1319,-1.1308,nan,nan,-1.0846,-1.0634,-1.0431,nan,-1.0148,-1.0156,-1.0115,-0.99029,-0.9794299999999999,nan,-0.92169,-0.9072399999999999,-0.86524,-0.8370200000000001,-0.83281,-0.81617,nan,-0.7885,-0.77728,-0.74479,-0.72909,nan,-0.71334,nan,-0.70239,-0.6589,-0.63222,nan,-0.60925,nan,nan,-0.5552199999999999,-0.53642,-0.5112300000000001,-0.49454,nan,-0.43986000000000003,-0.42946999999999996,-0.40515,-0.37029,-0.32833,-0.30737,-0.28694000000000003,-0.23973000000000003,nan,-0.16934000000000002,-0.11548,-0.097883,-0.11550999999999999,nan,-0.063359,nan,-5.2633e-06,nan,0.056532000000000006,0.081191,nan,nan,0.18502000000000002,0.22985999999999998,0.26944,0.30025,0.33291,nan,0.40651,0.45211999999999997,0.48,0.49663,0.52996,nan,0.61459,0.64642,nan,0.74553,0.77785,0.83725,0.9190200000000001,0.9594299999999999,0.9934,1.0425,nan,1.1102,nan,1.175,1.2183,1.2609,1.3139,1.3619,1.3909,1.4347,1.4678,1.5119,1.5595,nan,1.6352,nan,1.7206,1.7854,1.8264,1.8276,1.8557,1.932,1.9697,1.9943,2.0248,nan,nan,nan,2.2026,2.2318,2.2914,2.3343,nan,nan,2.4373,2.4669,nan,2.5516,2.6065,2.6292,2.6657,2.7208,2.7592,2.7632,nan,2.9256,2.9334,2.9787,2.9874,3.0321,3.0541,3.0752,3.0865,nan,3.1071,3.113,3.1462,nan,nan,nan,3.1274,3.1392,3.1283,3.1341,nan,nan,nan,3.1104,3.0996,3.0897,3.0797,3.0805,3.0606,3.0239,3.0145,2.9844,nan,2.9497,2.9354,nan,2.8907,2.9022,2.8684,2.8353,2.8036,2.7853,2.7795,2.7633,2.7583,2.7364,2.7062,2.6866,2.6657,2.6671,2.658,2.6243,nan,2.6228,nan,nan,2.5816,2.5659,2.5449,2.5374,2.5379,2.5278,2.5044,2.499,2.5029,2.4953,2.4817,nan,2.4426,2.4415,2.4307,2.4316,2.4205,2.4178,2.4143,2.3879,2.3854,2.3737,2.3538,2.3438,2.3371,2.3356,nan,2.3125,2.3128,2.314,2.3038,2.3009,2.295,2.2899,2.2849,nan,2.2524,2.2307,2.2188,2.2186,2.2187,2.2129,2.1926,2.1795,nan,2.1783,2.1729,2.1839,nan,nan,2.1739,2.1536,2.1321,2.114,2.1144,2.1018,2.0694,2.0847,2.1141,2.1123,2.0916,2.0757,2.0897,2.0727,nan,nan,2.0549,nan,2.0637,2.0384,2.0181,2.0183,nan,1.9951,1.9942,nan,1.9764,1.9667,nan,1.945,1.9342,nan,1.9132,nan,nan,1.8815,1.8828,1.8853,1.8747,1.8748,1.8628,1.8652,1.8647,1.8542,1.8308,1.8387,1.8364,1.8251,1.8341,nan,nan,nan,1.8064,1.8177,1.8062,1.8055,1.7967,nan,1.7898,1.7748,nan,1.7514,1.7323,1.7373,1.7344,nan,1.6889,1.6797,1.6735,nan,1.6685,nan,1.6608,1.651,1.6517,1.6406,1.6297,1.6186,1.6085,1.595,1.5899,1.5675,1.5555,nan,1.5269,1.5449,1.5090000000000001,1.5097,1.514,1.4908,1.4874,nan,1.4667,1.465,1.46,1.4498,1.4380000000000002,1.4288,1.4293,1.406,1.4134,1.4119,1.3909,nan,1.3554,1.3561,1.3413,1.334,nan,1.3448,nan,1.3362,1.3281,1.3112,nan,1.3163,1.2905,1.2884,1.2861,nan,1.2633,nan,1.2319,1.2265,1.2299,1.2236,1.2092,1.2043,1.2019,1.1903,1.1797,1.1573,1.1457,1.1363,nan,1.1364,1.1276,1.1206,1.1215,1.1028,1.0857,1.0867,1.0865,1.0877,1.0764,nan,1.0628,1.0398,1.0408,1.0347,nan,nan,1.0033,0.9917600000000001,0.9670200000000001,1.0069,1.0143,0.9898,0.9960200000000001,0.98414,nan,0.9751200000000001,0.9545299999999999,nan,0.94426,0.93368,0.93386,nan,0.8816799999999999,0.88103,0.8775200000000001,0.8370799999999999,0.8445799999999999,0.8469399999999999,nan,0.82678,0.8166899999999999,0.8052600000000001,0.78822,0.7690600000000001,nan,0.74155,0.73715,nan,nan,0.70782,0.6963,0.68755,0.6649,0.66187,0.64993,0.6267699999999999,nan,0.61728,0.58021,0.5677800000000001,0.56592,0.54278,0.54182,0.54655,0.52525,nan,0.5172800000000001,0.49828999999999996,0.47897,0.47402,0.47081999999999996,0.44638,0.43642,0.42815,0.4044,0.40271,0.3905,nan,0.37001,0.36035,0.3372,nan,0.31701999999999997,0.30724,nan,0.29929,0.28926,0.25995,0.24739,nan,0.21893,0.21124,0.19977999999999999,0.18672,0.16568,0.16675,0.1467,0.13364,nan,0.11959000000000002,0.1162,0.10303,nan,0.082898,0.081888,0.059007000000000004,0.047463,0.049908999999999995,0.032326,0.0096443,nan,-0.011539,nan,-0.063149,-0.071791,-0.096352,-0.10611,-0.11629,-0.12875,-0.125,nan,-0.1309,-0.13263,-0.14121,nan,-0.18631,nan,-0.1766,-0.17656,-0.17413,-0.1826,nan,-0.20869000000000001,-0.19105,-0.21311,-0.23794,-0.23238000000000003,nan,-0.24761,-0.24749000000000002,-0.24535,-0.256,-0.25841,nan,nan,-0.30313,-0.32215,-0.32994,nan,-0.35381999999999997,nan,-0.3866,nan,-0.39719,-0.3921,-0.39028,-0.40166,nan,-0.41586999999999996,nan,-0.43648000000000003,-0.43678999999999996,-0.42173,-0.4421,-0.44709,-0.4522,-0.4596,-0.46098999999999996,-0.47328000000000003,-0.4703,-0.4856,-0.4946,-0.4829,-0.49255,-0.49458,-0.49901999999999996,-0.51572,nan,-0.50171,-0.5105,nan,-0.51967,-0.5301100000000001,nan,-0.52581,nan,-0.49348000000000003,nan,-0.5010899999999999,nan,-0.48915,-0.50737,-0.50722,-0.51935,-0.50774,nan,-0.5320699999999999,-0.5151399999999999,-0.53464,-0.5332,-0.53625,-0.5533399999999999,-0.53913,nan,-0.55323,-0.55355,-0.56608,-0.55505,-0.55248,nan,-0.5626399999999999,nan,-0.5705100000000001,-0.56457,-0.5655899999999999,-0.5663,-0.57668,-0.57915,-0.55518,-0.56033,-0.5654399999999999,-0.5685,nan,-0.57436,nan,-0.5763,nan,-0.57718,-0.5774100000000001,-0.56692,-0.56423,-0.56403,-0.56901,-0.57798,-0.57335,-0.57794,-0.57393,-0.5663,-0.56682,nan,-0.54096,-0.53236,nan,-0.52717,-0.53379,-0.53876,-0.52645,-0.5293899999999999,-0.51768,-0.51895,-0.5302600000000001,nan,-0.5263399999999999,-0.52264,-0.5160600000000001,-0.51402,-0.50225,-0.5088699999999999,nan,-0.5179199999999999,nan,nan,nan,nan,-0.5022300000000001,-0.50464,-0.5080100000000001,nan,-0.48066000000000003,-0.49704,-0.49337,-0.48318,nan,nan,nan,-0.48053,-0.48249,-0.47641000000000006,-0.46886000000000005,nan,-0.47088,-0.47185,-0.47231999999999996,-0.46146000000000004,-0.44698000000000004,nan,-0.46038999999999997,nan,-0.43843999999999994,-0.43683999999999995,-0.44758000000000003,-0.43013999999999997,-0.42441,-0.43608,-0.42423,-0.43082,-0.43928999999999996,-0.42178999999999994,-0.43066000000000004,-0.42899,-0.4217,nan,nan,-0.41146000000000005,nan,-0.42152,nan,-0.3993,nan,nan,nan,-0.38894,-0.38537,-0.38979,nan,-0.37693000000000004,-0.39973000000000003,nan,nan,-0.38529,-0.38706,nan,-0.3855,-0.36877,nan,-0.37528,-0.36598,nan,-0.35629,-0.35828000000000004,nan,-0.36002,-0.36830999999999997,nan,nan,-0.36446,nan,-0.35393,-0.35385,nan,-0.35428000000000004,-0.34359,-0.3386,nan,-0.33957,-0.34036,-0.34056,-0.34107,-0.34171999999999997,-0.34146,-0.34038,nan,nan,-0.32587,-0.32929,-0.32633,-0.32989,-0.3259,-0.31801,-0.31854,-0.30688000000000004,-0.30559000000000003,-0.30473,nan,-0.29101,-0.28056,-0.29983000000000004,-0.28513,-0.28535,-0.29189,-0.27016,-0.28155,-0.27243,-0.26704,-0.27021999999999996,-0.2682,-0.26515,-0.25442,-0.2609,nan,nan,-0.2597,nan,-0.25921,-0.25587,-0.2739,-0.2831,nan,-0.27992,-0.28447,nan,-0.29427,-0.29406,-0.28225,-0.29225,-0.29381,-0.28879,-0.26179,-0.26878,nan,-0.26904,nan,nan,-0.27111,-0.28253,-0.27101,-0.26839,-0.2697,-0.26411999999999997,-0.24909,-0.2492,-0.26019000000000003,-0.25737,-0.25931,-0.2591,nan,-0.23496,-0.24251,-0.24964,-0.23593000000000003,-0.23865,-0.24586999999999998,nan,-0.21099,-0.2247,-0.22221,-0.212,-0.22227,-0.21345,-0.21609,-0.22587,-0.2139,-0.21098000000000003,nan,-0.21261,-0.20976,-0.2,nan,-0.19755999999999999,-0.21991,nan,-0.19338,-0.20659,-0.20968,-0.19032000000000002,-0.19172,nan,-0.16399,-0.17536,nan,-0.16667,-0.15413,-0.15235,-0.14494,-0.13934000000000002,-0.13605,-0.12704000000000001,nan,-0.12958,nan,-0.11995,-0.12257,nan,-0.13901,-0.13660999999999998,-0.11834000000000001,-0.12142,-0.12602,-0.11687,-0.11757000000000001,-0.11775,-0.12946,-0.10805999999999999,-0.11217,nan,nan,-0.12085,-0.099696,-0.10733,nan,-0.10633,-0.10630999999999999,-0.094135,-0.092944,nan,-0.09432,-0.08529199999999999,-0.079999,nan,-0.06693099999999999,-0.06896000000000001,-0.057379999999999994,-0.058638,-0.06994199999999999,nan,-0.05970399999999999,-0.047154,-0.052612,-0.052754999999999996,-0.047452999999999995,nan,-0.044482,nan,-0.059346,-0.035105000000000004,-0.034664,-0.030295999999999997,-0.045535,nan,-0.024277,nan,-0.019594999999999998,-0.021694,-0.023124000000000002,-0.022969999999999997,0.0013755,-0.028537,-0.027526,-0.019446,-0.016163,nan,-0.0057618,-0.00044008,-0.010703,nan,-0.011906,-0.010506,-0.016999,-0.0097555,-0.091929,-0.053644000000000004
4.0,-0.39178,nan,-0.6168100000000001,-0.5826600000000001,nan,nan,-0.63951,-0.67267,nan,-0.66971,-0.67581,nan,-0.6642100000000001,-0.6612899999999999,-0.6914399999999999,nan,-0.6748,-0.706,-0.70772,-0.6872699999999999,-0.70785,-0.70725,-0.7023199999999999,-0.72955,nan,-0.70916,-0.71414,nan,-0.72609,nan,-0.73493,nan,nan,nan,-0.74421,-0.72629,-0.74017,-0.75234,-0.75666,-0.75402,-0.75643,-0.77862,-0.77952,-0.76802,-0.77252,nan,-0.76098,-0.79903,-0.8287700000000001,-0.8185600000000001,nan,nan,-0.81257,-0.79825,nan,-0.83414,nan,-0.84306,-0.82199,-0.80481,nan,-0.82701,-0.8342,-0.84716,-0.8541,-0.85561,-0.85398,nan,-0.8377,-0.8431,nan,-0.85311,-0.8542799999999999,-0.8709600000000001,-0.87297,-0.84624,nan,-0.87255,-0.89386,-0.90381,nan,-0.8530700000000001,-0.86755,-0.86101,-0.8498399999999999,-0.87592,-0.8981399999999999,nan,-0.8751,-0.88765,-0.89915,-0.88381,-0.88654,-0.8982899999999999,nan,-0.90633,-0.9077,-0.88626,-0.8849899999999999,nan,-0.8923399999999999,nan,nan,-0.92506,-0.92571,nan,-0.8953200000000001,nan,nan,-0.9065799999999999,-0.92684,-0.92619,-0.92496,-0.9113600000000001,-0.89323,-0.91227,-0.9257200000000001,-0.91265,-0.91143,-0.9263600000000001,-0.9156,nan,-0.90094,-0.91112,-0.9096200000000001,-0.9113600000000001,-0.9039200000000001,-0.9141799999999999,nan,-0.89955,-0.9092,nan,-0.92753,nan,nan,-0.92163,-0.9122899999999999,nan,nan,-0.9320200000000001,-0.89815,-0.9007200000000001,-0.92461,-0.9171600000000001,-0.9113600000000001,-0.91128,-0.90394,-0.9188,nan,-0.93994,nan,-0.90794,nan,-0.9237,-0.917,-0.9036799999999999,nan,-0.92501,-0.93752,-0.92953,-0.92432,-0.92658,-0.9013399999999999,nan,nan,-0.91361,-0.95085,-0.9303100000000001,-0.9047299999999999,nan,-0.91601,-0.89905,-0.9201600000000001,-0.92248,-0.90989,-0.9275899999999999,-0.93537,nan,nan,-0.9487,-0.93806,-0.92476,-0.9405100000000001,-0.92674,-0.9250200000000001,-0.91594,-0.8991399999999999,-0.9289700000000001,-0.93766,-0.9172,-0.9267299999999999,-0.9266700000000001,-0.91465,-0.90289,nan,-0.9083700000000001,-0.91114,-0.90655,-0.9113,-0.9118299999999999,-0.8997799999999999,-0.8931899999999999,-0.89889,-0.91094,-0.9051600000000001,-0.8773299999999999,-0.86893,-0.8846299999999999,nan,-0.8611,-0.8713799999999999,-0.86929,-0.8534299999999999,-0.8609600000000001,-0.8658,-0.85382,nan,-0.8555,-0.84924,-0.8566799999999999,-0.86874,-0.8589,nan,nan,-0.85585,-0.84347,nan,-0.84199,-0.8430200000000001,-0.8290200000000001,-0.8236,-0.8250200000000001,-0.81403,-0.80661,-0.8287200000000001,-0.8397700000000001,-0.82709,nan,-0.82968,-0.81701,-0.7962100000000001,-0.78473,-0.79647,-0.82315,-0.8239,-0.80067,-0.79535,nan,-0.76357,-0.75656,nan,-0.76252,-0.75574,-0.77205,-0.7733899999999999,nan,nan,-0.7864399999999999,-0.7722100000000001,-0.7695,-0.76545,-0.75694,-0.75693,-0.74593,-0.73949,-0.7420100000000001,-0.74068,-0.75321,-0.7461800000000001,nan,-0.71623,-0.7087600000000001,-0.72696,-0.74093,nan,-0.7364,-0.73737,-0.7234,-0.72942,-0.72852,-0.72015,-0.70957,-0.71695,-0.7296,-0.70263,-0.6807,-0.70407,-0.71538,-0.7104600000000001,-0.71644,nan,nan,-0.67293,-0.66566,-0.65618,-0.65871,nan,-0.64664,-0.64615,-0.66001,nan,-0.64475,-0.66245,-0.65969,-0.64439,-0.64377,-0.63907,-0.63046,-0.6394,nan,-0.63255,nan,nan,-0.64408,-0.61641,-0.61636,-0.6169100000000001,-0.60538,-0.59747,-0.605,-0.61639,nan,-0.61606,nan,-0.60417,-0.60396,-0.59034,-0.5905,-0.60372,-0.5897,-0.59253,-0.60137,-0.5872,nan,-0.5909399999999999,-0.57982,-0.57358,-0.57389,-0.57812,-0.59748,-0.5990300000000001,nan,-0.57021,-0.57244,-0.57484,nan,-0.589,-0.58133,-0.56697,-0.56095,-0.56167,-0.54605,-0.5506,-0.55984,-0.55389,nan,-0.5695600000000001,-0.5315300000000001,-0.56657,-0.56925,-0.52264,-0.5202399999999999,nan,-0.5220600000000001,-0.51446,-0.5398,nan,nan,-0.52776,-0.53008,-0.51936,-0.5152100000000001,-0.51689,-0.51656,-0.51888,-0.51563,-0.5243399999999999,-0.53209,nan,-0.52246,nan,-0.49005,nan,-0.49193000000000003,-0.48296999999999995,-0.49127,-0.48661000000000004,-0.4881,-0.5009600000000001,-0.49851,-0.50713,-0.5192100000000001,-0.5029,-0.51088,-0.5108600000000001,nan,-0.47093999999999997,-0.48136,-0.49461000000000005,-0.51966,-0.50969,-0.48633000000000004,nan,-0.5039899999999999,-0.50252,-0.50517,nan,-0.48963,-0.49095,-0.47888000000000003,-0.51051,-0.5287,-0.49201999999999996,-0.48599,-0.47748999999999997,-0.45886000000000005,nan,-0.47726999999999997,-0.47657,-0.49346999999999996,-0.50478,nan,-0.46513000000000004,-0.46889,nan,-0.49638000000000004,-0.46457,nan,-0.47836999999999996,-0.48828,-0.48808,-0.48694,-0.48901999999999995,-0.4898,-0.48058999999999996,nan,-0.48013,-0.49046999999999996,-0.47544,-0.48196000000000006,-0.48455,-0.46321999999999997,-0.45863000000000004,-0.46053999999999995,-0.46276000000000006,nan,-0.47712,nan,-0.45283999999999996,-0.44852,-0.46042,-0.4533,nan,-0.44827,-0.4481,-0.44466999999999995,-0.44647,-0.44661000000000006,-0.44803000000000004,-0.4392,-0.41998,-0.42243,-0.43413,-0.42913,-0.44166000000000005,nan,-0.43433,-0.44566000000000006,-0.43642,-0.43543999999999994,-0.4476,-0.42351000000000005,-0.42258999999999997,-0.43173,-0.41862,nan,-0.42456000000000005,nan,-0.44383,-0.40968999999999994,-0.39776999999999996,nan,-0.42033000000000004,-0.42113,-0.41731,nan,-0.39426,-0.37811999999999996,nan,-0.39807,-0.39255,-0.4221,-0.41421,-0.38098000000000004,-0.37639,-0.37646,-0.36446,-0.36735999999999996,-0.38215,nan,-0.38045999999999996,nan,-0.374,nan,-0.36728,nan,-0.37001999999999996,-0.3566,-0.34988,-0.37301,nan,-0.32591,-0.33676999999999996,-0.3498,-0.33912,-0.33454,-0.35138,nan,nan,-0.33657,-0.34595,-0.29735,-0.3055,-0.32152,-0.32295,-0.33707,-0.30263,-0.29904000000000003,nan,-0.29551,-0.30665,-0.32347,nan,nan,-0.32328,-0.30233000000000004,nan,-0.30773,-0.29803,-0.28081999999999996,-0.27701,nan,-0.27995,-0.26838,nan,-0.28228000000000003,nan,-0.29075,nan,-0.2718,-0.23969000000000001,-0.23453000000000002,-0.23419,-0.24078000000000002,-0.26491,-0.25756999999999997,-0.23719,-0.23864000000000002,-0.25168,-0.2524,-0.23931,nan,-0.2376,-0.22323,-0.22882,-0.23546999999999998,-0.22164,-0.2206,-0.2261,-0.21402,-0.20815,nan,-0.16924,-0.17355,-0.19634000000000001,-0.18395,nan,-0.16632,nan,-0.16785999999999998,-0.16777999999999998,-0.15789,-0.14956,-0.15372,-0.1533,-0.14357999999999999,-0.13363,nan,-0.15133,-0.14449,-0.13262000000000002,nan,nan,-0.1457,-0.12711,nan,-0.12707000000000002,-0.11027999999999999,-0.11322,nan,-0.095987,-0.12962,-0.1276,-0.10680999999999999,nan,-0.1054,-0.12969,-0.12746,nan,nan,-0.12546,-0.12875,nan,-0.11179000000000001,-0.12650999999999998,-0.12913,nan,nan,nan,-0.09361,-0.095595,-0.0961,-0.1076,-0.1065,-0.11413,-0.11299000000000001,-0.07093200000000001,-0.08000700000000001,-0.092498,-0.068547,nan,nan,-0.069637,nan,nan,-0.087759,-0.071844,nan,-0.094402,-0.086697,-0.08295599999999999,-0.097476,-0.096187,nan,-0.10084,-0.077373,-0.081858,nan,-0.099342,nan,-0.068926,nan,-0.084471,-0.078608,-0.08333099999999999,-0.0924,-0.10425,-0.10862000000000001,-0.095316,nan,nan,-0.08257300000000001,-0.086644,nan,-0.10807,-0.092723,-0.11439,-0.11279000000000002,-0.098277,nan,-0.10028,-0.12527,-0.12722999999999998,nan,-0.12752,-0.13943,nan,-0.12854000000000002,-0.12433,-0.14012,-0.15187,-0.1431,nan,nan,-0.19669,-0.16413,-0.15362,nan,-0.18461,nan,-0.17467,-0.19902,nan,-0.24315,-0.24859,nan,-0.22396,nan,-0.22993000000000002,nan,nan,nan,nan,-0.2623,-0.26557,-0.26476,-0.26632,-0.29077,-0.30595,nan,-0.27052,-0.28906,nan,-0.30789,-0.30038000000000004,-0.31745,nan,-0.33638,nan,-0.33304,-0.33713000000000004,-0.36538000000000004,-0.38829,nan,-0.39605,-0.42217,nan,-0.43238000000000004,-0.42799,-0.41996000000000006,nan,-0.45103000000000004,-0.46113999999999994,-0.44341,-0.44313,-0.47908,-0.48327,-0.47665,-0.48963,-0.47708,nan,-0.50644,-0.50478,-0.5099199999999999,-0.5293,-0.5536300000000001,-0.5603600000000001,-0.52408,-0.5210899999999999,-0.56028,-0.57443,-0.57092,nan,-0.60802,nan,-0.627,-0.64579,-0.6641,nan,-0.6433800000000001,-0.6633100000000001,-0.6722899999999999,-0.69447,-0.72826,-0.71597,-0.72036,nan,-0.70201,-0.72827,-0.7528,-0.75958,-0.78766,-0.79691,nan,-0.79343,-0.80106,-0.8242200000000001,-0.8287700000000001,-0.85835,-0.88264,-0.8569100000000001,-0.86536,-0.89264,-0.89802,-0.9101899999999999,-0.91014,-0.9114700000000001,-0.9283100000000001,-0.94011,-0.95624,nan,-0.9573200000000001,-0.95549,nan,-0.9653700000000001,nan,-0.9684299999999999,nan,-0.97009,nan,-0.9970100000000001,-0.9978299999999999,nan,-0.99261,nan,-1.014,-0.99249,nan,-0.99239,-0.9950200000000001,-1.0166,-1.0201,-1.0044,-1.011,-1.03,-1.0397,-1.0309,nan,-1.0248,-1.013,-1.0093,-1.0262,-1.0264,-1.0115,-1.0070000000000001,-1.0105,-1.0216,nan,nan,-1.0127,-1.0261,nan,nan,-0.9981700000000001,-0.9837299999999999,-0.96224,-0.9753799999999999,nan,-0.9551700000000001,-0.94868,-0.9613799999999999,-0.9631,nan,-0.95149,-0.95058,-0.92122,-0.89715,-0.9080600000000001,-0.9001399999999999,-0.8629399999999999,-0.85583,-0.8687799999999999,-0.8587,-0.84988,-0.8539899999999999,-0.84395,nan,-0.79774,-0.7784800000000001,nan,-0.75068,-0.75934,-0.72304,-0.70236,nan,-0.71096,-0.653,-0.6612399999999999,-0.66289,-0.6385,-0.62169,-0.6151300000000001,-0.60627,-0.5745399999999999,-0.54647,-0.54757,-0.54843,-0.52689,-0.50588,-0.50221,nan,-0.46531999999999996,-0.45966,-0.45645,-0.42158999999999996,-0.38213,nan,-0.33464,-0.30639,-0.29613,-0.27647,-0.25378,-0.21746999999999997,nan,nan,-0.15187,nan,nan,-0.058597,nan,0.026748,nan,0.061842999999999995,nan,0.13082,0.12645,0.16810999999999998,0.20749,0.24311999999999998,nan,0.30055,0.35765,0.40912,0.41,0.45103999999999994,0.50742,0.53369,nan,0.61356,0.64645,0.6782,0.69238,0.72344,nan,0.8453799999999999,0.8483799999999999,0.89551,0.9537100000000001,0.99955,1.0381,nan,1.104,1.1287,1.1749,nan,nan,1.2774,1.3038,nan,1.4321,1.4778,1.4803,1.5109,nan,1.5715,1.6138,nan,1.6837,1.7169,1.7524,1.8013,1.8413,1.8506,1.8780000000000001,1.9280000000000002,1.9692,nan,2.0324,2.0961,2.1519999999999997,2.1604,2.1954,2.2354,2.2702,nan,nan,2.3641,2.4108,2.4413,2.4930000000000003,2.5324,2.5501,2.5835,2.6144,2.6581,2.6919999999999997,2.7119,2.7653,nan,2.8168,2.8553,nan,2.918,2.9776,3.0076,2.9929,3.0155,3.0449,3.0346,3.0442,3.0728,3.0801,3.0982,3.1194,3.1165,nan,3.15,nan,3.1536,3.1298,3.1246,3.1487,3.1367,3.1421,3.1436,3.1191,3.1207,3.1036,3.0954,3.1217,3.1019,3.0591,3.0469999999999997,3.0499,3.0501,3.0411,3.0337,3.0371,3.0246,2.9903,2.9728,2.9609,nan,nan,2.8923,nan,2.8674,2.8325,2.8208,nan,2.8094,2.8091,2.8033,2.765,2.7560000000000002,2.7596,2.7098,2.6764,2.6871,2.674,nan,2.6523,nan,2.6002,2.6069999999999998,2.5779,2.5584,2.5716,2.563,2.5551,nan,2.4872,2.5053,2.5249,2.4807,2.4601,2.4647,2.4229,2.4023,2.4185,2.3846,2.3454,nan,nan,2.3507,2.3236,2.3185,2.2965,2.2644,2.2706,2.2799,2.2522,2.2201,2.2003,2.1762,2.1638,2.1804,nan,2.1637,2.1736,2.1769,2.1525,nan,2.1114,nan,2.0888,2.1069,2.0729,2.05,2.0518,2.0561,2.0418,2.0187,1.9964,1.9825,1.9851,1.979,1.9824,1.9898,1.9468,1.9262,nan,1.9076,nan,1.9096,1.9103,1.9102,nan,1.8805,1.8734,nan,1.8746,nan,nan,1.8704,1.8479,nan,1.8186,1.7858,1.7841,1.7887,1.788,1.7997,1.7930000000000001,1.7713,nan,1.7853,1.7723,1.7827,1.7813,nan,nan,nan,1.7425,1.7242,1.7015,1.72,1.735,1.7058,1.6867,1.6902,nan,1.6747,1.6718,1.6489,nan,1.66,1.6438,1.6335,nan,1.6442,1.6589,1.6343,1.6358,1.6522,1.6422,nan,1.5944,nan,1.5862,1.5745,1.58,1.5586,1.5511,nan,1.5275,1.5222,nan,1.5177,1.5178,1.5194,1.5219999999999998,1.5165,1.4932,1.5008,1.499,1.4746,nan,nan,1.4596,1.4644,1.4631,1.4548,1.4405,nan,1.4213,1.4059,1.4148,nan,nan,1.3886,1.3741,1.3171,nan,1.3224,1.3154,1.3074,1.3091,1.2989,1.2789,nan,nan,1.2544,1.248,1.2541,1.2517,1.2515,1.2335,nan,1.2069,1.1946,1.1964,1.1864,1.1585,1.1379,nan,1.1265,1.1254,nan,1.0977,nan,1.0902,1.0671,1.0568,1.0482,nan,1.0254,1.0256,1.0399,1.0383,1.0249,1.0261,nan,1.0217,1.0093,0.9987799999999999,nan,0.9766799999999999,nan,0.9545799999999999,0.94263,nan,0.9271,0.88403,0.8857,0.88371,0.87069,0.89284,nan,nan,0.83342,nan,0.8321,0.82189,0.80955,0.8035399999999999,0.80199,0.78897,0.7994399999999999,0.79665,0.75902,0.7479,0.73998,0.7337100000000001,0.7471300000000001,0.73859,0.71236,0.7053,0.70395,0.6927399999999999,0.68094,0.67532,0.67707,0.67648,0.66683,0.6587,0.64367,nan,0.62611,0.64933,0.64405,0.61885,0.60822,0.6007100000000001,0.5907600000000001,0.5924,0.5953,0.58394,0.57923,0.5768399999999999,0.55512,0.5361199999999999,0.53922,0.5326,nan,0.53237,0.5364800000000001,0.53646,0.53572,nan,0.51176,nan,0.5076,0.4855,0.47173999999999994,0.46743,0.47856000000000004,0.49293000000000003,0.49022,0.47292,0.46593999999999997,0.47777,0.47595,0.46215,nan,0.47002,0.43288999999999994,0.39714,0.39813000000000004,0.4092,0.40455,0.38656999999999997,0.38345999999999997,0.3945,0.38936,0.37216,nan,0.3657,0.3664,0.37073,0.36362,0.35126,nan,0.32300999999999996,nan,0.31011,0.29939,0.29412,0.29882,0.27836,0.25513,0.26404,0.27310999999999996,0.26771,nan,nan,0.27319,0.28126999999999996,0.25439,nan,0.25246,0.23751999999999998,0.23928000000000002,0.23479,0.21033000000000002,nan,0.19808,0.19905,0.2049,0.22086,0.20879,0.17525,nan,0.17672000000000002,nan,0.19874,0.17642,nan,0.14754,nan,0.13726,0.12483,0.13191,nan,nan,0.12864,nan,0.11277000000000001,0.1057,0.09210399999999999,0.086149,0.086186,0.08803899999999999,0.078303,0.072411,0.07115700000000001,0.059691999999999995,0.049397,0.043669,0.046854,0.05649,nan,0.056928999999999993,0.039383999999999995,nan,nan,0.037512000000000004,0.034053,0.04335,0.022949,0.018993,nan,0.028754000000000002,0.029025,0.030244,nan,-0.02805,-0.016972,0.0073005,-0.012609,nan,nan,nan,nan,-0.046314999999999995,-0.067613,-0.060933,-0.04525,-0.06182000000000001,-0.083104,-0.069668,-0.070327,-0.083743,-0.082967,-0.089928,-0.1118,-0.12686,-0.10842,-0.091423,-0.12485,-0.13122,-0.10997,nan,-0.13857,nan,nan,-0.15458,nan,nan,-0.13192,-0.11127000000000001,-0.1411,-0.14820999999999998,nan,nan,-0.13115,nan,-0.1417,-0.15453,-0.17851,-0.1662,-0.14832,nan,nan,-0.15278,nan,-0.17012,nan,-0.20462,-0.20759,-0.20801,-0.20899,nan,-0.23116,nan,-0.22439,-0.22009,-0.22321,-0.22059,-0.22426,nan,-0.21735,nan,-0.23769,-0.22413000000000002,nan,-0.23969000000000001,-0.23664000000000002,nan,-0.23794,-0.23318000000000003,nan,-0.25006999999999996,-0.24894000000000002,-0.25205,-0.2682,-0.27964,-0.27923000000000003,nan,nan,-0.2385,-0.26161999999999996,-0.25429,-0.25378,-0.28075,nan,-0.26093,-0.2925,-0.30601999999999996,-0.28363,-0.26529,-0.26496,-0.28236,-0.29414,-0.28126,-0.28075,-0.29418,-0.28142,-0.27885,-0.31332,-0.31367,-0.28093,-0.28367,-0.2994,-0.28726,-0.29506,-0.30823,-0.29131,-0.30306,-0.33686,-0.31551,nan,-0.27883,-0.29681,-0.31872,-0.31909,nan,-0.33545,-0.32343,-0.30818,-0.29955,-0.29202,-0.30555,-0.31968,-0.31593000000000004,nan,nan,-0.27410999999999996,nan,-0.33211999999999997,-0.29324,-0.30556,-0.34349,nan,-0.30864,-0.33257,nan,-0.36828,-0.38973,-0.36426,-0.38803000000000004,-0.40701,-0.40906,-0.44547,-0.43973999999999996,-0.43171000000000004,nan,-0.44843999999999995,nan,-0.45732,nan,nan,-0.45791000000000004,-0.46337,-0.45679,nan,-0.47752,-0.45597,-0.44556,-0.44596,nan,-0.43118,-0.45202,nan,-0.44706,-0.43945,-0.4278,nan,-0.4642,-0.44141,-0.46563000000000004,-0.46757,-0.43436,nan,-0.47744,-0.45401,-0.46331000000000006,nan,nan,-0.44142,-0.47973000000000005,-0.49177,-0.46862,-0.461,-0.47836000000000006,-0.47827,-0.46308999999999995,-0.46202,-0.47968999999999995,-0.49013,nan,nan,-0.44853000000000004,nan,-0.4634,-0.45223,-0.44493,nan,nan,-0.47007,-0.47322,-0.46205,-0.45879,-0.46391000000000004,-0.45582,-0.46438999999999997,-0.47767,nan,-0.44743999999999995,-0.46263999999999994,-0.45008000000000004,-0.44188,nan,-0.44565,-0.44736000000000004,-0.45514,nan,-0.47534,-0.46366,-0.43816000000000005,nan,-0.4351,-0.43395,-0.42686999999999997,-0.45126000000000005,-0.45731000000000005,-0.44826000000000005,-0.46013999999999994,-0.44696,nan,-0.4354,-0.44626000000000005,nan,-0.43741,nan,-0.41843,-0.43082,-0.42862,-0.43576000000000004,-0.44827,nan,-0.42633000000000004,-0.41352,-0.40688,-0.42703,-0.42413999999999996,-0.39471999999999996,-0.39269,nan,-0.40765999999999997,-0.39655999999999997,-0.37566,-0.37338000000000005,-0.39247,-0.4095,-0.40360999999999997,-0.40310999999999997,nan,-0.37906,-0.34648,-0.35073000000000004,-0.32685,-0.32768,-0.37456999999999996,nan,-0.35086,-0.35577,nan,-0.42172,-0.43436,-0.41723000000000005,-0.39860999999999996,nan,-0.38827,-0.40095,-0.40031,nan,-0.392,nan,nan,-0.37363,-0.33974,-0.32603000000000004,nan,-0.32899999999999996,-0.32044,-0.34291,-0.34064,-0.31201999999999996,nan,nan,-0.34856,-0.3407,-0.32166999999999996,-0.33102,nan,-0.31454,-0.32242,-0.32271,-0.31390999999999997,-0.32761999999999997,-0.33371,-0.31,nan,-0.31185,nan,-0.32195,nan,-0.30546,-0.32533,nan,-0.29372,-0.30388000000000004,-0.3211,-0.30771,nan,-0.28328000000000003,-0.27871999999999997,-0.29513,-0.29511,-0.28834,-0.29517,nan,-0.27967,-0.27812,-0.2752,nan,-0.29336,-0.28934,-0.30038000000000004,-0.30184,-0.26769,-0.26497,-0.29581,-0.30573,nan,-0.3067,-0.30169,-0.30953,-0.32204,-0.31911999999999996,-0.32688,nan,nan,-0.31711999999999996,-0.33061999999999997,-0.33268000000000003,-0.33665,nan,-0.34856,-0.34857,-0.34781999999999996,-0.33636,-0.33925,-0.36082,nan,-0.37858,-0.36356,nan,-0.35978000000000004,-0.36517,-0.39709,-0.40581,nan,nan,-0.43517,-0.4278,-0.43381000000000003,-0.43291999999999997,-0.43163999999999997,-0.43359,-0.42813999999999997,-0.43578999999999996,nan,-0.46413000000000004,-0.45614,-0.46428,-0.47648,nan,-0.4496,-0.44898999999999994,-0.47600000000000003,-0.49973,-0.49692,-0.48378999999999994,-0.47731,-0.47308999999999996,-0.48253999999999997,-0.48791,nan,nan,-0.47628000000000004,-0.48108,nan,-0.50493,nan,-0.5030399999999999,-0.50298,-0.5037,nan,-0.50185,-0.5032300000000001,-0.51708,-0.53256,-0.5199,-0.52074,nan,-0.51673,-0.53028,-0.54713,nan,-0.55089,-0.52086,nan,-0.56043,-0.53492,-0.5493,-0.57927,nan,nan,-0.57317,-0.57022,-0.59641,-0.6297,-0.6195,-0.6131,-0.6117100000000001,nan,-0.59275,-0.60883,-0.59597,-0.60439,-0.6278600000000001,-0.6184,-0.6211800000000001,nan,-0.65395,-0.6199100000000001,-0.64651,-0.67162,nan,-0.64807,-0.65998,-0.6591600000000001,-0.67089,-0.66514,-0.6483300000000001,-0.64369,-0.65763,-0.67411,nan,-0.6486,-0.68688,-0.67984,-0.6603100000000001,-0.6797,nan,-0.70125,-0.69558,-0.70417,-0.71545,-0.69322,-0.66671,-0.68657,-0.69858,nan,-0.71087,-0.67866,-0.73628,-0.721,-0.62498,-0.8507899999999999
5.0,-0.58408,-0.76626,-0.6423800000000001,nan,-0.6905100000000001,nan,nan,-0.71441,-0.73463,nan,-0.72695,-0.7408899999999999,-0.7226600000000001,-0.72197,-0.713,-0.71946,-0.73895,-0.74215,nan,-0.75257,-0.7424,-0.74024,-0.74508,-0.75751,nan,nan,-0.76289,nan,-0.77942,-0.77644,-0.77544,-0.7992600000000001,-0.80177,-0.81467,-0.8250200000000001,-0.81052,-0.82715,-0.8232799999999999,-0.81266,-0.8226399999999999,-0.8025399999999999,-0.81852,nan,-0.8451700000000001,-0.8443299999999999,-0.8565799999999999,-0.8659100000000001,-0.88469,nan,-0.838,nan,-0.87564,-0.8636,-0.8864200000000001,-0.87187,-0.8630899999999999,-0.8658299999999999,nan,-0.8932,nan,-0.88374,-0.9055200000000001,-0.89579,-0.89023,-0.8961,nan,nan,-0.88395,-0.89518,-0.90425,-0.9026700000000001,-0.9136200000000001,-0.92906,-0.9124200000000001,-0.90559,-0.9252799999999999,-0.9247,-0.9220200000000001,-0.9243100000000001,-0.91705,-0.91175,-0.92876,nan,nan,-0.9289700000000001,-0.93156,-0.90876,-0.9032100000000001,-0.9178200000000001,-0.9355100000000001,-0.94431,-0.9536100000000001,-0.9477700000000001,-0.9407,nan,nan,nan,nan,-0.93601,-0.93891,-0.94339,-0.9470799999999999,-0.95368,-0.95662,-0.97501,-0.95042,-0.94235,-0.9707899999999999,-0.96793,-0.96383,-0.96288,-0.95525,-0.9709899999999999,-0.9701799999999999,-0.9533799999999999,-0.95736,-0.9633200000000001,-0.9528,nan,-0.9737299999999999,-0.96425,nan,-0.98456,-0.96735,-0.9526399999999999,nan,-0.9603700000000001,-0.96624,-0.95941,-0.9664299999999999,-0.9573,nan,-0.9645600000000001,-0.9762,-0.9575299999999999,-0.9560299999999999,nan,-0.97378,-0.9602,-0.94532,-0.9535,-0.95301,-0.9603200000000001,-0.95637,nan,nan,-0.95562,-0.9430799999999999,-0.95409,-0.9417700000000001,-0.93009,-0.9336200000000001,-0.93425,-0.93485,-0.92396,-0.92491,nan,-0.92171,-0.93071,-0.9108700000000001,-0.9249799999999999,nan,-0.91969,-0.89684,nan,nan,-0.90954,-0.9050600000000001,-0.9066,-0.8835299999999999,-0.8952399999999999,-0.8997,-0.89518,-0.9153899999999999,nan,nan,-0.91394,-0.90056,nan,-0.89743,-0.90312,-0.89395,-0.89269,-0.9024399999999999,nan,-0.8894,-0.89535,-0.88992,-0.8731700000000001,-0.88135,nan,-0.86025,-0.85636,-0.8784799999999999,-0.8680700000000001,-0.86503,-0.87421,-0.85557,nan,-0.86101,nan,-0.8408200000000001,nan,-0.8418899999999999,-0.8456600000000001,nan,-0.8338,-0.82478,-0.81179,-0.82485,-0.8246700000000001,-0.82015,-0.8315100000000001,nan,-0.8059999999999999,-0.80184,nan,-0.8035,-0.79377,-0.79474,nan,-0.79157,nan,-0.78186,-0.76307,-0.77128,-0.7640600000000001,-0.7667,nan,-0.74963,-0.76418,-0.76352,-0.76068,-0.75839,-0.74062,-0.74428,-0.7350899999999999,-0.72325,nan,-0.74725,-0.7289899999999999,-0.73601,-0.72327,-0.7262,-0.7418,-0.72359,-0.7199,-0.71808,nan,nan,-0.72829,-0.71094,nan,nan,-0.71265,-0.70963,-0.7137,nan,-0.70841,-0.6926399999999999,-0.70848,-0.70796,-0.68711,-0.67853,-0.6827,-0.6803,-0.67211,-0.67969,-0.68716,-0.69945,-0.69301,-0.67996,-0.69418,-0.6931,nan,-0.67572,-0.66075,-0.66514,-0.66813,-0.6492100000000001,-0.65246,-0.6544,-0.63385,-0.63354,-0.64361,-0.63741,-0.62981,nan,-0.6120800000000001,-0.61019,-0.6105,-0.61223,-0.62368,nan,-0.60192,-0.61742,-0.6240899999999999,-0.61137,-0.61185,nan,-0.5999800000000001,-0.59129,-0.5717300000000001,-0.56894,-0.56467,nan,-0.56133,-0.55938,-0.55094,-0.54905,nan,-0.55378,-0.54851,-0.5477,-0.53903,-0.55165,-0.5532600000000001,-0.53072,-0.53565,nan,-0.52792,-0.52892,-0.53086,nan,nan,-0.53705,-0.5396,-0.53994,-0.53795,-0.53035,-0.53927,-0.54006,nan,nan,-0.5136,-0.5102,nan,-0.53063,-0.51971,-0.53156,-0.53873,-0.52279,-0.52104,nan,-0.53132,-0.51871,-0.5331,-0.53693,nan,nan,nan,-0.51132,-0.49215,-0.49756999999999996,-0.5141100000000001,nan,-0.48523,-0.49916000000000005,-0.4714,-0.48223,-0.49453,-0.4773,-0.46542,nan,nan,nan,-0.4659,-0.47107,nan,-0.48226,-0.46108999999999994,-0.45056,-0.46986999999999995,nan,-0.4439,-0.45191000000000003,-0.4448,nan,-0.44764,nan,nan,-0.44133999999999995,-0.42122,nan,-0.42386999999999997,-0.42041999999999996,-0.43009,nan,-0.4245,-0.42683000000000004,-0.41315,nan,-0.42883999999999994,-0.41991000000000006,-0.4122,-0.39134,-0.39614,-0.41216,-0.40614,nan,-0.40968000000000004,-0.39955999999999997,-0.39659,-0.3985,-0.39795,-0.41451000000000005,-0.41698,nan,-0.40719,-0.40729,nan,-0.39649,-0.39316,-0.40814,nan,nan,-0.38992,-0.39591,-0.38588,-0.36823,-0.39168000000000003,-0.38991,nan,-0.39885,nan,-0.37354,-0.35712,-0.36916,-0.35894000000000004,-0.35697,nan,nan,-0.32648,-0.33531,-0.34664,nan,-0.33291,-0.34603,nan,-0.32374,-0.32373,-0.31864000000000003,-0.31833,-0.29752,-0.31556,-0.29973,-0.28785,nan,-0.28853,-0.30934,-0.29202,nan,nan,-0.29316,-0.28365,nan,-0.27824,-0.28659,-0.28963,-0.27935,-0.27660999999999997,-0.27586,-0.27844,-0.27765,nan,-0.28314,-0.27996,-0.25242,-0.24795,-0.26065,-0.26748,nan,-0.2575,nan,-0.27753,-0.26624000000000003,-0.24719000000000002,-0.25823,-0.23933000000000001,-0.23553000000000002,-0.23481,-0.24627,nan,nan,-0.24765,-0.22914,-0.22349000000000002,nan,-0.21611,-0.2045,nan,-0.23692,-0.21013,-0.1959,-0.2015,-0.21089000000000002,-0.19783,nan,nan,-0.20606999999999998,-0.2192,-0.19217,-0.16905,-0.18092,-0.17405,nan,nan,-0.16291,-0.14986,nan,-0.16168,nan,-0.1561,-0.14662,nan,nan,-0.14056,-0.15008,nan,-0.12714,-0.1455,nan,-0.12476,-0.1325,-0.134,-0.12405999999999999,-0.12744,-0.12739,-0.12395999999999999,-0.13618,-0.12604,-0.11252000000000001,-0.11575,-0.10450999999999999,nan,-0.11617000000000001,nan,-0.10775,-0.11800000000000001,-0.096804,nan,-0.096327,-0.084338,-0.10752,-0.11295,-0.10375,-0.10227,-0.08520900000000001,-0.095523,-0.096822,-0.093485,nan,-0.094614,-0.093808,-0.085126,nan,-0.094847,-0.090197,-0.077958,-0.074571,-0.076455,-0.088476,-0.096153,-0.093662,-0.10550999999999999,-0.094062,-0.084204,nan,-0.063273,-0.066002,nan,-0.078039,nan,-0.048911,-0.046024,-0.07105800000000001,-0.076629,-0.044119,-0.08389500000000001,-0.0806,-0.042071,-0.062336,nan,-0.036202,-0.053376,-0.050263999999999996,-0.041056,-0.049623,-0.038197,-0.025304,-0.046796,-0.056719000000000006,-0.045107999999999995,nan,nan,nan,-0.044893999999999996,-0.035999,-0.043709,nan,-0.036189,nan,-0.030972000000000003,-0.025778,-0.036185,-0.027072000000000002,-0.027977999999999996,-0.047800999999999996,-0.035806,nan,-0.041908,nan,-0.045013,-0.036612,-0.043143,nan,-0.027218,-0.03217,-0.0056537,-0.031505,-0.040281,-0.029434,-0.042807,-0.043045,-0.032917,-0.025404,-0.025189,nan,-0.028888,-0.039806,nan,-0.028045999999999998,-0.03518,-0.01551,-0.029758999999999997,nan,nan,-0.029146,-0.01317,-0.026731,-0.035516000000000006,nan,nan,-0.038896,nan,-0.029842,nan,-0.026129000000000003,-0.034035,nan,-0.015427000000000001,nan,nan,-0.047743,-0.047327,-0.035901,-0.034608,nan,-0.04709,nan,nan,-0.066629,-0.038083,-0.044712,-0.027329000000000003,-0.022713,-0.060134,-0.04407,nan,-0.046810000000000004,-0.044781,-0.046216,-0.06593500000000001,-0.0719,-0.055277999999999994,-0.075146,-0.077592,-0.073835,nan,-0.07836,nan,-0.074421,-0.07554,-0.093098,-0.091463,nan,nan,-0.1045,-0.095195,-0.10575,-0.10786,-0.1009,-0.11807000000000001,-0.12675999999999998,-0.12667,-0.12580999999999998,-0.12662,-0.13782,-0.12487000000000001,nan,-0.15762,-0.15896,nan,-0.14685,-0.16296,-0.16779000000000002,-0.17035,-0.17922000000000002,-0.19158,-0.19434,-0.17773,-0.19559,nan,-0.18381,-0.19954000000000002,-0.19813,-0.22091,-0.22751999999999997,-0.22624,nan,-0.24577,-0.24097,-0.24015999999999998,-0.25952,-0.24823,nan,-0.25895,nan,-0.25515,-0.26632,-0.25765,nan,nan,nan,-0.28495,nan,-0.27985,-0.27974,-0.29907,-0.3079,-0.30867,-0.30591,-0.31399,-0.33529000000000003,-0.34969,nan,-0.32653000000000004,nan,-0.36504000000000003,nan,-0.38025,-0.39177,-0.38899,-0.36754000000000003,-0.39226,-0.39266,-0.39482,-0.40879,-0.39705999999999997,-0.4099,-0.40963,-0.41317,-0.43186,-0.44466000000000006,-0.44988,-0.46281000000000005,-0.46997,-0.45933999999999997,-0.47423000000000004,-0.48181,-0.48236999999999997,nan,nan,-0.52171,-0.53093,-0.51198,-0.5191,-0.53265,-0.5284399999999999,-0.54393,-0.55061,-0.54122,-0.5374800000000001,-0.55113,-0.5672699999999999,-0.56962,-0.5855,-0.60178,-0.60085,-0.61,-0.6079,-0.6243,-0.6432,-0.62616,-0.6332800000000001,nan,-0.6509699999999999,-0.65237,nan,-0.6607,-0.6846399999999999,-0.6814399999999999,nan,-0.6886800000000001,-0.7041,-0.71368,-0.70996,-0.72741,nan,-0.7217600000000001,-0.7398899999999999,-0.73282,-0.74066,-0.75356,-0.76891,-0.78173,nan,-0.76779,-0.77176,-0.78525,-0.8036399999999999,-0.79005,-0.81722,-0.8251299999999999,-0.8026300000000001,nan,-0.8281200000000001,-0.8376899999999999,-0.85735,-0.8643799999999999,-0.87323,nan,-0.8641200000000001,-0.8655200000000001,nan,-0.8844799999999999,-0.8955,-0.90476,-0.89543,-0.8952399999999999,-0.9174,-0.9210200000000001,nan,-0.94519,-0.93516,-0.93937,-0.9605299999999999,-0.96147,-0.9691,-0.98934,nan,-0.98574,-0.9828600000000001,-0.99223,nan,nan,-1.0047,-1.0044,-1.0154,-1.0244,-1.0288,-1.0439,-1.0385,nan,-1.0636,-1.0559,nan,-1.0705,-1.0716,nan,nan,-1.078,-1.0871,-1.1097,-1.1312,-1.1059,nan,-1.1218,-1.1187,-1.1365,-1.0988,-1.1171,-1.1488,-1.113,-1.1094,-1.1283,-1.1367,-1.1456,-1.1384,-1.1316,-1.1381,nan,nan,-1.1672,-1.1561,nan,-1.1804,-1.1652,-1.1723,-1.1858,-1.1766,-1.1849,-1.1873,-1.1794,-1.1702,-1.1813,nan,-1.1773,-1.1967,-1.179,-1.181,-1.1748,-1.1504,-1.1716,-1.1762,-1.1745,-1.1922,-1.1975,-1.1909,nan,-1.1758,-1.1876,nan,nan,nan,-1.1561,-1.1601,-1.1635,-1.146,nan,-1.1583,-1.1435,-1.1213,-1.1151,nan,-1.1067,nan,-1.1205,-1.1006,-1.0887,-1.1035,-1.1143,-1.1062,nan,-1.0945,-1.0667,-1.0638,-1.0645,-1.0627,-1.0427,-1.0258,-1.0251,-1.0177,-1.0081,-0.99839,-0.9953200000000001,nan,-0.98749,-0.9573299999999999,-0.94884,-0.9272299999999999,-0.9053,-0.9033399999999999,-0.90448,-0.90505,nan,-0.86829,-0.8523299999999999,-0.83515,-0.8316899999999999,-0.8213,-0.80382,nan,-0.7764,-0.76874,-0.74658,-0.71611,-0.7237600000000001,-0.72331,-0.70521,-0.68121,-0.65595,-0.64868,nan,nan,nan,-0.57717,-0.55253,-0.5442899999999999,-0.5351100000000001,nan,-0.50695,-0.47167,-0.43975,-0.44525,nan,-0.38344,-0.38566999999999996,-0.35317,nan,-0.31594,nan,-0.27054,-0.2394,-0.22534,nan,nan,nan,-0.13097,-0.093025,nan,nan,-0.023672,nan,nan,0.048769,0.078797,0.10758,0.12477,0.16427,0.19669,0.21427,0.23586999999999997,0.27889,0.30984,0.32455,0.35443,0.3884,0.42358,0.44716999999999996,0.45625,0.48983999999999994,0.5151399999999999,0.53684,0.58115,0.6070399999999999,0.63432,0.65018,nan,0.7226199999999999,0.7492800000000001,0.7934,0.81045,0.83331,0.8662700000000001,0.9078799999999999,0.9453799999999999,0.97047,nan,1.0232,1.0512,nan,1.1443,nan,1.1706,1.2194,1.2737,1.2918,1.3192,1.3624,nan,1.4615,1.4703,nan,1.5635,nan,1.6158,1.6614,1.7099,1.7444,1.7892,1.806,nan,1.9019,1.9363,nan,2.0181,2.0535,2.0663,2.1086,2.1347,2.1594,2.2045,2.2286,2.2548,2.2764,2.3272,2.3579,nan,2.3835,nan,2.4163,2.4405,2.4696,nan,2.4774,2.4955,2.509,2.5082,nan,2.5185,2.5016,2.5156,2.5165,2.5092,2.5281,2.535,2.5035,2.5029,nan,2.4997,nan,2.5203,2.5022,2.4882,2.4953,2.4926,2.4737,2.4552,2.4293,2.4196,nan,2.4259,2.3949,2.3678,2.4009,nan,2.3561,2.3671,2.3577,2.3384,2.3204,2.2929,nan,2.2849,2.2824,2.2596,2.237,2.2367,2.2221,2.1959999999999997,2.2051,2.1882,2.1625,2.1696,nan,nan,2.1361,2.1172,nan,2.0957,2.0985,2.0863,2.0629,nan,2.0542,2.0655,2.0449,2.0372,nan,1.9996,nan,nan,nan,2.0059,2.0001,1.9898,1.9828,1.9733,1.9548,1.9542,nan,nan,nan,1.9429,1.9329,1.9153,nan,1.925,1.9339,1.9157,nan,nan,nan,1.9097,1.921,1.9215,1.9069999999999998,1.9046,1.9133,1.895,nan,1.9111,1.8847,nan,1.8837,1.8837,1.893,1.8772,nan,1.8841,1.8637,nan,nan,1.8617,1.8695,nan,1.8789,1.8698,1.86,1.8638,nan,1.8535,1.8612,nan,nan,1.8615,nan,1.8607,1.8581,1.8426,1.8429,1.8449,1.8528,nan,1.8418,1.8529,1.8442,nan,1.8506,nan,nan,1.8429,1.8501,1.8495,1.8339,nan,1.8304,1.8343,1.8521,nan,1.8437,1.8356,1.8379,1.8535,1.8419,1.8426,1.8437,1.8424,1.8394,1.8284,1.8371,1.8533,1.8529,nan,nan,1.8353,1.8382,1.8185,1.8238,1.8419999999999999,1.8482,1.8162,1.8225,1.8302,nan,nan,nan,1.8198,nan,1.8091,nan,nan,1.8107,1.8017,1.8115,1.7995,1.7884,1.7942,nan,1.7802,1.7718,1.7728,nan,nan,nan,1.7595,1.7612,1.7524,1.7432,1.7333,1.7339,1.7483,1.7505,1.7397,1.7315,1.7395,1.7396,1.7134,nan,1.7289,1.7095,1.7118,1.7038,nan,nan,1.6955,1.6885,1.6643,1.6405,1.6582,1.6575,1.6401,1.6445,1.6524,1.6491,1.6404,1.6404,1.6341,nan,1.6206,nan,1.6079,nan,nan,1.5931,1.5828,1.5814,1.5943,1.5846,nan,1.5681,1.5721,1.568,nan,1.5689,1.5701,nan,1.5484,1.5598,nan,nan,1.5528,1.5472,nan,nan,1.5478,1.5459,1.5335,1.5275,1.5163,1.5092,1.5183,1.5212,1.5130000000000001,1.5017,1.4816,1.4816,nan,1.4794,nan,1.4703,1.4745,1.4746,1.4556,1.4587,1.4583,nan,1.4655,1.4505,1.4501,1.4471,nan,1.4557,nan,1.4463,1.439,nan,1.4311,nan,1.4102,1.4094,1.3902,1.3722,1.3802,nan,1.3774,1.3689,1.3687,nan,1.3371,nan,1.3468,1.3363,1.3276,1.3251,1.3363,1.3322,1.3269,1.3245,1.3053,nan,1.2689,1.2728,1.2770000000000001,1.2573,nan,1.2467,nan,1.2181,1.2175,nan,1.2093,nan,1.1931,1.1666,nan,nan,1.1583,1.1405,1.1504,1.143,1.1253,1.1431,1.1428,nan,nan,1.1246,1.1122,1.0856,nan,1.0708,1.057,1.0554,1.0343,1.0017,1.0042,1.0058,nan,0.98377,0.9704299999999999,0.97901,0.98231,nan,0.9335,0.94415,0.92914,nan,0.9044399999999999,0.90225,0.89369,nan,0.85703,0.8501700000000001,0.8559899999999999,0.8461299999999999,0.81806,0.80261,0.79465,0.77754,nan,nan,0.7810199999999999,0.7499,0.75195,0.73456,0.72447,nan,nan,0.67414,0.67476,0.68019,0.6523800000000001,0.65455,0.63002,0.6249899999999999,0.60548,0.57062,0.61127,0.58845,nan,0.5544100000000001,0.54676,nan,0.54356,0.49846,0.49736,0.51147,nan,0.46248,nan,0.44998,0.44892,0.44091,0.42303,0.4152,nan,nan,0.36701999999999996,0.34641,0.33689,nan,0.31916,0.30403,0.3083,nan,0.24666,0.24759,0.24034,nan,0.23901,0.23505,0.20783000000000001,0.17497000000000001,0.17578,nan,0.17518,0.14555,nan,0.11392999999999999,0.10624000000000001,0.11645,0.10032999999999999,0.09129,0.06980800000000001,nan,0.065927,0.042591000000000004,0.034119,0.036610000000000004,nan,nan,-0.005053800000000001,-0.0079314,-0.027076999999999997,-0.035545,-0.043214999999999996,-0.047555,-0.042013,-0.051866999999999996,-0.068645,-0.077034,-0.094525,-0.10664000000000001,nan,-0.098414,nan,-0.13535,-0.16949,-0.16805,-0.16338,-0.18139,-0.18583,-0.19228,-0.2266,nan,-0.20698000000000003,-0.2339,-0.23406,-0.25373,-0.26469000000000004,-0.25993,nan,-0.26782,nan,-0.28981999999999997,-0.28897,-0.30493000000000003,nan,nan,-0.3092,-0.32333,-0.3419,-0.36075999999999997,-0.36758,nan,-0.39041,-0.3798,-0.38372,nan,-0.40009,-0.40185,-0.40681999999999996,-0.3981,nan,-0.42535,nan,-0.44596,-0.45553,nan,-0.45228999999999997,-0.48085,-0.47048999999999996,-0.48256000000000004,-0.48927,-0.49373999999999996,-0.49575,nan,-0.52131,-0.52065,-0.52751,-0.52193,-0.5293399999999999,-0.55343,-0.53646,-0.5410699999999999,-0.5514100000000001,-0.54035,-0.54406,-0.55367,-0.5643,-0.56852,-0.55091,-0.55685,-0.5785600000000001,-0.57668,nan,nan,-0.60154,-0.61236,-0.6119899999999999,-0.61021,-0.6136699999999999,-0.628,-0.62487,-0.61028,-0.6218600000000001,-0.6299100000000001,-0.64522,-0.65918,-0.6572100000000001,nan,-0.65604,nan,nan,-0.69882,nan,nan,-0.7300399999999999,-0.72135,-0.7337,-0.74142,-0.74244,-0.73742,-0.74892,-0.74474,-0.73259,-0.75353,-0.7445,-0.73564,-0.7541399999999999,nan,-0.73542,nan,-0.73397,-0.76157,-0.7469399999999999,-0.74241,-0.75837,-0.7632800000000001,-0.75797,-0.74188,-0.75174,-0.74425,-0.74369,-0.75584,-0.74664,-0.75595,-0.76175,nan,-0.75532,-0.76802,nan,-0.75877,-0.77359,-0.7731600000000001,-0.77379,nan,-0.75293,-0.77159,-0.76681,-0.7620100000000001,-0.76198,-0.75271,-0.75945,-0.75888,-0.73997,-0.74822,-0.7630399999999999,-0.75027,-0.74188,-0.7572300000000001,-0.7719199999999999,-0.7659699999999999,-0.7602899999999999,-0.7611,-0.75058,-0.74227,-0.7492800000000001,-0.75444,nan,nan,nan,nan,nan,-0.7387,-0.74358,-0.7348899999999999,-0.7279399999999999,-0.7182,nan,nan,-0.71228,-0.70903,-0.7139,-0.70353,-0.70413,nan,-0.69308,-0.69211,nan,nan,nan,-0.6853100000000001,-0.68926,-0.68187,nan,-0.69071,-0.66966,-0.70153,-0.68475,nan,-0.6723600000000001,nan,-0.6663100000000001,-0.65355,-0.67014,-0.66266,-0.63942,-0.632,nan,-0.62638,-0.62128,-0.60533,-0.5935,-0.5813699999999999,nan,-0.57668,-0.54967,-0.55491,-0.56312,-0.55385,nan,-0.54087,nan,-0.5363399999999999,-0.50669,nan,-0.50741,nan,nan,-0.4805,-0.49478999999999995,-0.49065,nan,-0.48008999999999996,-0.4662,-0.46003999999999995,-0.45106999999999997,-0.44553999999999994,nan,-0.42927,nan,-0.49196000000000006,-0.41776,nan,-0.43015,-0.3995,-0.42833000000000004,-0.43375,-0.41836999999999996,-0.4303,-0.42101000000000005,-0.4161,-0.42496999999999996,-0.431,-0.42391999999999996,-0.42066000000000003,-0.44111999999999996,-0.43263,-0.41612,-0.42433000000000004,-0.40824,-0.43378,nan,-0.44506,-0.52165,nan,-0.40474,-0.43799,-0.40985,nan,-0.43866000000000005,-0.41994,-0.41891999999999996,nan,-0.40326,-0.4158,nan,-0.42951000000000006,-0.42072,nan,-0.41558,-0.41443,nan,-0.40865999999999997,nan,-0.41899,-0.41273000000000004,-0.39762,-0.40551,-0.42452,nan,-0.39928,-0.41841000000000006,-0.42046000000000006,-0.41248,-0.39973000000000003,-0.4014,nan,-0.39842,-0.40858,-0.4025,-0.39205,-0.40788,-0.40133,nan,-0.43162,-0.42111000000000004,-0.40648,-0.41778000000000004,-0.41531999999999997,nan,-0.42601999999999995,-0.42008999999999996,-0.43023,-0.41141000000000005,-0.41302,-0.41996000000000006,-0.41873,nan,nan,-0.41971,-0.40933,-0.41555,-0.4134,-0.40912,-0.4215,nan,-0.44948999999999995,-0.442,-0.43756999999999996,-0.43543999999999994,-0.42822,-0.46069,nan,-0.44047,nan,-0.46702,-0.44792,-0.45363000000000003,nan,-0.47658,-0.44995,-0.46548,-0.47607,nan,-0.49648000000000003,nan,-0.50653,-0.51195,nan
4.0,-0.43438999999999994,-0.59655,nan,-0.54398,-0.49776000000000004,-0.53068,nan,nan,-0.52594,-0.5362399999999999,-0.537,-0.53603,-0.53806,-0.5350600000000001,-0.5410699999999999,nan,-0.56907,-0.56477,-0.5764100000000001,-0.57493,-0.5828300000000001,-0.58783,-0.6039,-0.61702,-0.59842,-0.60675,-0.6068600000000001,nan,nan,-0.6120899999999999,-0.6231300000000001,-0.60948,-0.63948,-0.62949,nan,-0.6509199999999999,nan,-0.66789,-0.6603,-0.64415,-0.6500199999999999,-0.6590199999999999,-0.65837,-0.66587,-0.67486,nan,-0.67452,-0.68276,-0.70134,-0.69681,nan,-0.68883,-0.68561,-0.69604,-0.69488,-0.7066100000000001,nan,-0.69453,-0.70013,nan,nan,-0.70724,nan,-0.7381300000000001,-0.72937,nan,nan,-0.73944,-0.73921,-0.73757,-0.7398899999999999,-0.7291300000000001,nan,-0.76898,-0.76223,-0.74922,-0.7601899999999999,-0.767,-0.77861,-0.76512,-0.7587,-0.7721399999999999,-0.76368,-0.77267,-0.79002,-0.78972,nan,nan,-0.7843100000000001,-0.7873600000000001,-0.79276,-0.79665,nan,nan,-0.81885,-0.8277200000000001,-0.8227200000000001,nan,nan,-0.8142199999999999,-0.80779,-0.82168,-0.83031,-0.8187300000000001,-0.83439,-0.8361299999999999,nan,-0.83704,nan,-0.83239,-0.86124,-0.85096,-0.82909,-0.8366100000000001,-0.83891,nan,-0.83905,-0.8551200000000001,-0.86877,-0.8488600000000001,-0.8569200000000001,-0.8724700000000001,-0.8498600000000001,-0.85921,-0.86739,-0.85488,-0.85993,-0.85929,-0.8704299999999999,-0.8717,-0.85159,-0.8465299999999999,nan,-0.8499399999999999,-0.8628600000000001,-0.86956,-0.86966,-0.86055,-0.8486899999999999,-0.8555,nan,nan,-0.8729299999999999,nan,-0.8483200000000001,-0.8603299999999999,-0.85136,-0.84305,nan,-0.85283,-0.85698,nan,nan,-0.86044,nan,nan,-0.85693,-0.86029,-0.8506299999999999,-0.8513299999999999,-0.8575299999999999,-0.8472299999999999,-0.86146,-0.8707299999999999,-0.84409,-0.83891,-0.86411,nan,-0.8399200000000001,-0.8731399999999999,-0.85516,-0.8497600000000001,-0.85815,-0.87051,-0.84757,-0.84177,-0.8718299999999999,-0.85731,-0.83672,-0.84039,-0.84978,nan,-0.86314,nan,nan,-0.84844,-0.84667,-0.85064,-0.8597600000000001,-0.8596799999999999,-0.86087,-0.84291,-0.8381200000000001,-0.83334,-0.82976,nan,-0.8264100000000001,-0.83075,-0.8408399999999999,-0.82152,-0.82214,nan,-0.83591,-0.8205899999999999,-0.80781,-0.83365,-0.8407,-0.81002,-0.82252,-0.83236,-0.8219,-0.81297,-0.8085,-0.82096,nan,-0.8095,-0.80861,-0.80745,nan,-0.80291,-0.79525,nan,-0.7925300000000001,-0.80942,-0.79997,nan,nan,-0.80208,nan,nan,-0.8128,-0.80569,-0.79005,-0.79978,-0.78315,-0.77569,nan,-0.78166,-0.78755,-0.77659,-0.77991,-0.7893899999999999,-0.7834,-0.7580600000000001,-0.77262,-0.77199,-0.7719,-0.77408,-0.75912,-0.7691,-0.75032,nan,-0.7521899999999999,-0.75095,nan,nan,-0.76098,nan,-0.7498600000000001,-0.73941,-0.74642,-0.74162,-0.74123,-0.74711,nan,-0.72659,nan,-0.74936,-0.7327600000000001,-0.7174,-0.71742,-0.71411,-0.70453,-0.7278399999999999,nan,-0.71922,-0.7397100000000001,nan,-0.70243,nan,nan,-0.7323,-0.7113,-0.7096600000000001,nan,-0.6862699999999999,-0.71195,-0.7153,-0.69909,-0.69572,-0.6814600000000001,-0.67986,-0.70021,-0.69984,nan,-0.70216,-0.70775,-0.6821699999999999,nan,-0.68548,nan,-0.66983,-0.67065,-0.65565,-0.6793100000000001,-0.68588,-0.66955,-0.66613,-0.65499,-0.6599,nan,-0.6554300000000001,nan,-0.6415,-0.64952,-0.64852,-0.6417,-0.65562,-0.6281,-0.64783,-0.63307,-0.62479,-0.6239899999999999,-0.6138600000000001,-0.61816,-0.6186699999999999,-0.62983,-0.62874,-0.61036,-0.59558,-0.607,-0.59825,-0.60534,-0.61575,-0.59104,-0.5895,-0.59833,-0.59839,-0.58903,-0.59195,-0.5965,-0.5776600000000001,-0.58348,-0.59668,nan,nan,-0.6086,-0.5918100000000001,-0.58692,-0.58227,-0.57816,nan,nan,-0.57839,-0.5776399999999999,nan,-0.56718,-0.57047,-0.5543399999999999,-0.54969,nan,-0.53792,-0.55805,-0.54971,-0.5438,-0.54874,-0.54351,-0.54851,-0.5427,-0.53737,-0.53797,-0.53803,-0.53986,nan,-0.52054,nan,-0.52396,-0.51167,-0.5088600000000001,-0.52842,nan,-0.5151899999999999,-0.51793,-0.51481,-0.5172100000000001,-0.5152,-0.51861,nan,nan,-0.50597,-0.51675,nan,nan,-0.51102,-0.50189,nan,-0.51637,-0.4982,-0.5142100000000001,-0.50663,-0.48839,-0.5061,-0.48146000000000005,-0.48541999999999996,-0.50453,nan,-0.47523000000000004,-0.47223000000000004,-0.45921999999999996,-0.47794,-0.46531000000000006,-0.4577,-0.46758999999999995,-0.4668,-0.46753999999999996,-0.45006999999999997,-0.43654,-0.441,-0.45098999999999995,nan,-0.44283,-0.45608000000000004,-0.43605,-0.43716000000000005,-0.42865,-0.42976000000000003,-0.4425,-0.42468,-0.43359,nan,nan,-0.41813999999999996,-0.41715,-0.42639,nan,nan,nan,-0.40381999999999996,nan,-0.3837,-0.38684,nan,-0.39798,-0.39634,-0.39313000000000003,-0.40075,-0.38531,-0.36773,nan,-0.36826,nan,nan,-0.37191,-0.37838,-0.36999,-0.3676,-0.377,-0.37654,-0.37604,-0.37656999999999996,-0.3694,-0.36319,nan,-0.36191999999999996,-0.37171,-0.37321,-0.34695,-0.35655,-0.34512,-0.36186,nan,nan,-0.36249000000000003,-0.33074000000000003,-0.32650999999999997,-0.3166,-0.3338,-0.32266999999999996,-0.3164,-0.33398,nan,nan,nan,-0.32724000000000003,nan,-0.33019,-0.30128,nan,-0.31615,-0.30246999999999996,-0.32114000000000004,-0.31317,-0.29634,nan,-0.31045,nan,-0.31034,nan,-0.28696,-0.29586999999999997,-0.28591,nan,nan,-0.27592,-0.2851,-0.30084,nan,-0.27514,-0.27503,-0.26625,-0.26598,-0.27128,nan,-0.28481999999999996,-0.27016,-0.26085,-0.27218000000000003,-0.28464,nan,-0.26516999999999996,-0.24979,-0.25283,-0.27239,-0.25688,-0.25619000000000003,-0.2541,-0.25651,nan,nan,-0.25471,-0.24625,nan,-0.24989,-0.2481,-0.25303000000000003,-0.2367,-0.25572,-0.23041,-0.23948000000000003,nan,nan,nan,-0.23974,nan,-0.23681999999999997,-0.24211999999999997,-0.25604,-0.24381,-0.22524,-0.2298,-0.2348,-0.23849,-0.25634,-0.23811999999999997,-0.22319,nan,-0.24070999999999998,-0.23214,-0.23738,-0.23345,nan,nan,-0.24453000000000003,-0.25554,-0.24170999999999998,-0.23265,nan,nan,-0.24518,-0.23474,-0.2365,-0.23740999999999998,-0.23179,-0.25099,-0.24693,nan,-0.23801,-0.23414000000000001,-0.23699,nan,-0.22465,-0.23990999999999998,-0.24188,-0.23156,-0.23581999999999997,nan,-0.23081,-0.25606,-0.22891,-0.2211,-0.23561999999999997,-0.23242,-0.24095999999999998,nan,-0.24661999999999998,-0.24335,-0.22635,-0.23515,-0.22805999999999998,-0.22866999999999998,-0.24175,nan,-0.24136999999999997,nan,-0.23583,-0.23555,-0.24723,-0.22607,nan,-0.2319,nan,nan,-0.23795999999999998,-0.23565999999999998,nan,-0.2382,-0.2358,nan,-0.21058000000000002,-0.22604000000000002,nan,nan,-0.23664000000000002,-0.21691999999999997,-0.22962,-0.22818000000000002,-0.20172,-0.21215,-0.23051999999999997,-0.23439000000000002,-0.22596,-0.23586,-0.22948000000000002,-0.2133,-0.22689,-0.23853000000000002,-0.23112,-0.22258000000000003,nan,nan,-0.23415999999999998,-0.23979,-0.21745,nan,-0.24234,-0.24491999999999997,-0.24269000000000002,-0.22363000000000002,-0.22601999999999997,-0.2372,-0.22441999999999998,-0.23834,-0.24450999999999998,-0.24935,nan,-0.23415,-0.24665,-0.24625,-0.24327,-0.25290999999999997,-0.25966999999999996,nan,nan,-0.26075,-0.28947,nan,nan,-0.26134,-0.28369,-0.27407,-0.26592,-0.27935,-0.28944000000000003,-0.29454,-0.27687,-0.29256,-0.29783000000000004,nan,-0.31588,-0.30744,-0.29206,-0.29751,nan,-0.30661,-0.31206999999999996,-0.33365,-0.32465,-0.3113,-0.31961999999999996,-0.32874000000000003,nan,-0.33664,-0.35422,-0.3612,-0.33679000000000003,-0.34241,-0.34215999999999996,-0.35448,-0.36317,nan,-0.37633,-0.37778,nan,-0.37504,-0.38069000000000003,-0.38151,nan,-0.37037,-0.37588,-0.37543000000000004,-0.39569,-0.38668,-0.40108,-0.42394,-0.40700000000000003,-0.39492,-0.41101000000000004,-0.42712,-0.41747,-0.42521000000000003,-0.42301000000000005,nan,nan,nan,nan,-0.45798,-0.4672,nan,-0.47505,-0.48808999999999997,-0.50208,-0.4888,-0.49107,-0.50941,-0.51808,-0.51817,-0.51443,nan,-0.51085,-0.51457,-0.52603,-0.5160100000000001,-0.52937,-0.53887,-0.55679,-0.54919,-0.55038,-0.56367,-0.57077,nan,-0.57707,-0.57819,nan,-0.58629,-0.6022,-0.61198,-0.59644,-0.6037,-0.60107,-0.5897399999999999,-0.62033,-0.61941,-0.62367,-0.63439,-0.6127199999999999,-0.63539,-0.64174,nan,-0.65041,-0.6487,-0.66589,-0.6793100000000001,-0.66909,-0.66766,-0.6664800000000001,-0.67189,-0.69115,-0.67425,-0.66878,-0.70787,-0.68429,-0.68482,-0.7066399999999999,-0.7109800000000001,-0.71513,-0.69481,-0.70011,-0.7175699999999999,-0.72821,-0.72016,-0.71544,-0.72249,-0.7509899999999999,-0.75249,nan,-0.75059,-0.76856,-0.76759,nan,-0.7861,-0.78383,-0.7780699999999999,-0.79247,-0.79997,-0.8093100000000001,-0.81084,-0.8022199999999999,-0.83221,-0.83211,-0.83541,-0.84714,nan,-0.86031,-0.85009,nan,-0.86661,-0.8718,nan,-0.8539399999999999,-0.88575,-0.8762700000000001,-0.8706200000000001,nan,-0.88955,-0.89223,nan,-0.8903,-0.9121299999999999,nan,nan,-0.9505299999999999,-0.94025,-0.95444,-0.9500200000000001,nan,-0.9590700000000001,-0.9558700000000001,-0.96383,-0.98045,-0.97152,-0.97634,nan,-0.97708,nan,-0.99664,-0.98193,-1.014,-1.0112,-1.0103,-1.0162,-1.0294,-1.023,-1.0484,-1.0697,-1.061,nan,-1.0519,nan,nan,-1.0709,-1.0859999999999999,nan,nan,-1.0849,-1.1114,-1.0926,-1.0973,-1.1083,-1.112,-1.0982,-1.0928,-1.1159,nan,-1.1422,-1.1395,-1.1684,-1.1516,nan,nan,-1.1628,-1.1645,nan,-1.1826,-1.1823,-1.1719,-1.1792,-1.1998,-1.1952,nan,-1.1908,-1.1916,-1.2006,-1.2194,-1.2169,-1.1954,nan,nan,-1.2083,-1.2008,-1.2021,-1.1919,nan,-1.2104,-1.2041,-1.1985,nan,-1.2003,-1.2021,-1.2222,-1.2346,-1.2057,-1.2045,-1.2057,nan,-1.1879,-1.2005,-1.1909999999999998,-1.1915,-1.1835,-1.1785,-1.1833,-1.1706,-1.1576,-1.1768,-1.1657,-1.1425,-1.1612,-1.1372,-1.1278,-1.1218,nan,-1.1118,-1.0941,-1.0812,nan,-1.0835,-1.0692,-1.0766,-1.0743,-1.0449,-1.0256,-1.0164,-0.98865,-0.9794799999999999,nan,nan,-0.9642200000000001,-0.9451700000000001,-0.92261,nan,-0.9083200000000001,nan,-0.8894,-0.88528,-0.84896,-0.8366100000000001,-0.8319700000000001,-0.81266,-0.80612,-0.79948,-0.7906,nan,-0.7411,-0.71851,-0.70448,nan,-0.67999,-0.67904,nan,-0.65079,-0.6139600000000001,nan,-0.60202,-0.57791,nan,-0.5310699999999999,-0.50339,-0.49835,nan,-0.47021999999999997,-0.4495,-0.4065,-0.37416,-0.37854,nan,-0.34346,-0.31761999999999996,nan,-0.27791,nan,-0.2431,-0.22821,nan,-0.1801,-0.15400999999999998,-0.10923,nan,-0.067321,-0.042341000000000004,-0.010898999999999999,0.0063275,nan,0.054577999999999995,0.076895,0.14184000000000002,0.15496,0.17615999999999998,0.19747,0.22796999999999998,0.2689,0.2808,0.31204,0.3558,0.40321999999999997,0.42243,0.45424,0.48415,0.51607,0.54533,nan,0.61224,0.63805,0.66427,nan,0.71496,0.77063,0.79707,0.8208799999999999,nan,0.89097,0.89899,0.93742,0.99146,1.0089,nan,1.0967,1.1171,1.1329,1.1417,1.1765,1.217,1.2773,nan,1.3188,nan,nan,1.4269999999999998,1.4532,1.4704,1.4971,1.5547,1.5878,1.6241,1.6612,1.6821,1.7473,1.7751,1.7957,nan,nan,1.9187,1.9508,1.9661,nan,2.0774,2.1029,2.145,2.1776,2.1783,2.231,2.2742,2.2862,2.3424,2.3593,2.3914,nan,2.412,2.4581,2.487,2.5097,nan,2.5211,2.5468,2.556,2.5367,2.5584,2.5763,2.5824,2.5633,nan,nan,2.5637,nan,2.5682,2.5552,nan,2.5559,2.5511,nan,2.5618,2.545,nan,2.5278,2.5075,2.5,nan,2.459,nan,2.4121,2.4256,2.4152,2.386,2.3912,2.3685,nan,2.3577,2.3209999999999997,2.3006,2.2856,2.269,nan,2.2597,2.2308,2.2314,2.2276,2.1909,nan,2.1698,2.1699,2.1555,2.1309,2.1264,nan,2.1181,2.1014,2.0862,2.0924,2.0728,2.0734,nan,2.0288,2.0181,2.0181,2.0262,2.0311,2.0193,2.016,1.9942,1.9739,1.9641,1.9465,1.9471,nan,1.9435,1.9437,1.9337,1.94,nan,1.9269,1.9275,1.9186,1.9074,1.9069,nan,1.892,1.8853,1.8882,nan,1.8771,1.8773,nan,1.8614,1.8488,nan,1.8696,1.8651,1.867,1.8671,1.8583,1.8565,nan,nan,1.8432,1.8499,nan,nan,1.8576,1.8322,1.8297,1.8357,1.8205,nan,1.8346,1.8138,nan,nan,1.8385,1.8433,1.8365,nan,1.8136,1.8268,1.8267,1.8363,1.83,nan,1.8224,1.8243,1.8098,1.8074,1.8059,1.8071,1.8088,1.787,1.7996,1.8046,1.7925,1.7981,1.7956,1.7964,1.7867,1.7841,1.7965,nan,nan,1.7985,nan,1.7961,nan,1.7852,nan,1.7874,1.7917,nan,1.7807,1.7746,1.7771,nan,1.786,1.7874,1.7822,1.7967,1.7852,1.7787,1.7839,1.7775,1.8066,1.7821,1.764,1.7689,1.7644,1.7678,1.7644,nan,nan,1.7671,1.756,1.7656,1.7551,1.743,1.7458,1.7482,1.756,1.7461,1.7551,1.7508,1.7353,nan,1.7480000000000002,1.7424,1.7354,1.7477,1.7468,1.7187,nan,nan,1.7315,nan,1.7005,1.7099,1.7153,1.7049,1.7197,nan,nan,1.6776,1.6796,1.6813,1.6661,1.6854,1.6686,1.6558,1.6576,1.6838,1.6661,1.629,1.6368,1.6242,1.6254,1.618,1.6053,1.6054,1.601,nan,1.5999,1.6029,1.5846,1.5848,1.5867,1.5774,1.5735,1.5764,1.5729,1.5783,1.5839,1.5551,nan,1.5838,1.5634,1.5218,1.5131,1.5144,1.5139,1.5142,nan,1.486,1.4837,1.4837,1.4862,1.4787,1.4761,1.4842,nan,1.4738,1.4742,1.4745,1.472,1.4805,1.48,1.4609999999999999,nan,nan,1.4662,1.456,nan,1.4362,1.4349,1.4302,nan,1.4338,1.4151,1.4032,1.4069,nan,1.3889,1.413,1.3924,nan,nan,1.3648,nan,1.3552,1.3602,nan,1.3393,nan,1.3321,1.3341,1.3430000000000002,1.3430000000000002,1.3441,nan,nan,1.3216,nan,1.334,nan,nan,1.3062,nan,nan,1.2939,1.2839,1.2958,1.3033,1.2957,1.2722,1.2957,1.2966,nan,1.2749,1.2887,1.2911,1.2626,nan,1.2616,1.2725,nan,1.2551,1.263,nan,1.2417,1.2229,1.2308,1.235,1.2273,1.2156,1.2172,1.2216,1.2126,1.2131,nan,1.1818,1.1902,1.1904,nan,1.1942,1.1972,1.1587,1.1526,nan,1.16,1.1656,1.1571,1.1506,1.1551,nan,1.1311,1.1318,nan,1.1537,nan,1.1309,1.1276,1.1068,1.1022,1.1021,nan,1.0943,nan,1.0772,1.0673,1.0586,1.0493,1.0413,1.0318,1.014,1.0009,nan,0.99318,0.99769,0.9981200000000001,0.9930899999999999,0.98954,nan,nan,0.93221,0.93945,0.9300200000000001,nan,0.91456,0.89513,nan,0.87003,nan,0.8660100000000001,0.84856,0.8361,nan,0.79381,0.79147,nan,0.7914800000000001,0.78299,nan,0.7305,nan,0.74373,nan,0.7087,0.69915,0.70162,nan,0.66498,0.64248,0.6312399999999999,nan,nan,nan,0.6007399999999999,nan,0.58613,0.57681,0.57717,0.56643,0.55475,nan,0.53832,0.52983,0.5153300000000001,0.48700000000000004,nan,0.4583,0.4513,nan,nan,0.4584,nan,0.42412,0.40491,0.39464,0.38232,nan,0.38736,nan,0.34920999999999996,0.33043,0.33213000000000004,0.3408,0.3057,0.28534,nan,0.26429,0.24658000000000002,0.23735,0.23753000000000002,0.22741,0.20324,0.1988,0.21169000000000002,0.20213,0.17445,nan,0.13449,0.15064,0.11928,0.10851,0.11610999999999999,0.10514000000000001,0.10395,0.07435399999999999,0.06552999999999999,nan,nan,0.061051999999999995,0.042847,nan,0.015782,0.015081,0.0053936999999999995,-0.012936000000000001,-0.022142,-0.027180000000000003,nan,-0.055912,-0.068505,-0.041254,nan,-0.073811,-0.11005999999999999,-0.11922999999999999,-0.11057,-0.12109,-0.12574000000000002,-0.14057,-0.15763,-0.16576,-0.17499,-0.17527,-0.17958,-0.19384,nan,-0.18809,-0.22745,nan,-0.22634,-0.24309,-0.2469,-0.23865,nan,-0.26748,-0.2988,-0.28213,-0.27609,-0.2763,-0.29348,-0.29586,-0.29581999999999997,-0.29125999999999996,-0.30479,-0.3127,-0.29456,nan,-0.33618000000000003,-0.32869,nan,nan,-0.34602,nan,-0.35718,nan,-0.3676,-0.36758,nan,-0.38697,-0.37396,-0.36457,-0.36391999999999997,-0.35566,-0.36856,-0.37655,-0.38368,-0.39595,-0.38921,-0.38723,-0.40053,-0.39138,nan,nan,nan,-0.41671,-0.41707,nan,nan,nan,-0.44468,nan,-0.46756000000000003,nan,nan,-0.47352,-0.46976999999999997,-0.46876,-0.47855,-0.49108,-0.49668999999999996,-0.48735,-0.51502,-0.5029399999999999,-0.49942,-0.50743,-0.50925,-0.51549,-0.50648,-0.51822,nan,-0.51757,-0.5083300000000001,-0.51021,-0.51873,nan,nan,nan,-0.53855,nan,-0.53937,-0.54579,nan,-0.5321,-0.55425,-0.55273,nan,-0.54776,nan,-0.5586800000000001,-0.57031,nan,-0.57882,-0.56083,nan,-0.59834,nan,-0.59475,-0.5984,-0.59577,nan,-0.58434,nan,nan,-0.5892,nan,-0.59912,-0.59726,-0.58999,-0.59121,-0.5945,-0.58928,-0.6096,-0.6088,-0.60695,-0.60818,-0.60201,-0.58837,-0.59342,-0.61014,-0.6065,nan,-0.6179399999999999,-0.6191399999999999,nan,nan,-0.62226,-0.6100399999999999,-0.61068,-0.61707,nan,nan,nan,-0.60637,nan,nan,-0.6279,-0.6268699999999999,nan,nan,-0.64015,-0.62913,nan,nan,-0.64664,-0.60898,-0.62383,-0.64898,-0.63961,-0.62727,-0.64048,-0.65167,-0.6391899999999999,-0.63844,-0.63381,nan,-0.63857,-0.6198199999999999,-0.62385,-0.6303300000000001,-0.62462,-0.63339,-0.65589,-0.66801,nan,-0.65883,-0.65815,nan,nan,-0.66364,-0.67584,-0.68792,-0.67593,-0.69002,-0.69139,-0.65805,-0.67447,-0.6644100000000001,-0.6621600000000001,-0.6611,-0.65032,nan,-0.6591199999999999,-0.65571,nan,-0.65527,-0.63744,-0.63926,-0.63065,-0.6159899999999999,-0.60664,-0.59778,-0.60918,-0.5837100000000001,-0.58107,-0.58215,-0.56096,-0.5893,-0.60743,-0.59775,-0.5898100000000001,-0.57081,-0.5595,nan,nan,-0.5553,-0.52893,-0.51794,nan,-0.52752,-0.5282399999999999,-0.51864,-0.5199699999999999,-0.52917,-0.52383,-0.51442,-0.50695,-0.50758,-0.49906999999999996,nan,nan,-0.49468,-0.49896999999999997,-0.49316000000000004,-0.48798,-0.49833,nan,-0.48518,-0.48941999999999997,-0.47828000000000004,-0.47908,-0.49056000000000005,-0.4995,-0.5072300000000001,-0.49842,nan,-0.48795,-0.47923000000000004,-0.47531999999999996,-0.47347,-0.46276999999999996,-0.46926,-0.4771,-0.46758999999999995,-0.47341000000000005,-0.48782,-0.47786999999999996,-0.4807,nan,nan,-0.48607,-0.48863,-0.50703,-0.49093000000000003,-0.48958999999999997,-0.50603,-0.50176,-0.49472,-0.49896,-0.49591,-0.48815,nan,-0.5069899999999999,-0.51167,-0.5183399999999999,-0.51485,-0.51726,-0.51575,-0.50621,-0.50679,-0.52582,-0.52065,-0.51427,-0.51172,-0.48668999999999996,-0.51065,-0.53714,-0.5173300000000001,-0.52689,-0.52063,-0.50807,-0.5031,-0.51326,nan,-0.50878,-0.51631,-0.50773,-0.53527,-0.52531,-0.50854,-0.5278,-0.5213399999999999,-0.5346,-0.53152,-0.5071399999999999,-0.5274800000000001,nan,-0.52141,-0.53045,-0.52035,-0.51713,-0.5177,-0.54433,-0.53625,-0.5323399999999999,-0.55938,nan
3.0,0.15642,-0.079421,0.07632699999999999,nan,-0.021212,0.040524,nan,0.004788000000000001,nan,0.030119999999999997,0.017988,0.0031928,nan,-0.019768,-0.00051462,0.006067800000000001,0.004783399999999999,-0.0063645,-0.040882,nan,0.025352,-0.013759,-0.016898,-0.016659999999999998,-0.0029802,0.025914999999999997,0.008409200000000002,0.008750299999999999,nan,-0.03625,-0.016544999999999997,-0.026969999999999997,-0.039212000000000004,-0.033127,-0.035824,-0.034046,-0.049904000000000004,-0.045479,-0.03588,nan,-0.055269000000000006,nan,nan,-0.018751,nan,-0.041375,nan,-0.056465999999999995,-0.05508099999999999,-0.043141000000000006,-0.01024,-0.036012,nan,-0.05556799999999999,nan,nan,-0.052545,-0.054174,nan,-0.062283000000000005,nan,nan,-0.05385,-0.040648000000000004,-0.040082,-0.052830999999999996,-0.035494,nan,-0.05796799999999999,-0.049046,nan,nan,-0.079701,-0.06111799999999999,-0.094806,-0.13752,-0.11782999999999999,-0.12611,-0.13203,nan,-0.11663,-0.11370999999999999,-0.13172,-0.16262000000000001,-0.15153,nan,-0.14731,nan,-0.12624000000000002,-0.11689000000000001,nan,-0.086344,nan,-0.12149000000000001,-0.11947999999999999,-0.094295,-0.09801,-0.087977,-0.07549,-0.076535,-0.058285000000000003,-0.057844000000000007,-0.07560499999999999,-0.057228999999999995,-0.036015,nan,nan,-0.05615,-0.058066,-0.036392,nan,nan,-0.034556,-0.072274,nan,nan,-0.059833000000000004,-0.062989,-0.015795,-0.026525,nan,0.0038887,-0.005968,-0.014816,0.022647999999999998,0.022691,0.0043379,nan,nan,0.0055865,nan,nan,0.048639,nan,0.025697,0.041293,0.060579999999999995,0.07147,0.057346,nan,0.03596,0.065577,0.061253999999999996,0.07005700000000001,0.10336,nan,0.10625,0.10602,nan,0.12222999999999999,0.1259,0.13045,0.14935,nan,0.17114000000000001,0.14622000000000002,nan,0.14834,nan,0.18744,0.18498,0.15677,nan,0.18152000000000001,0.17681,0.16994,nan,0.16722,nan,0.18599000000000002,0.15864,0.14388,0.15523,0.19785,0.19468,0.16394,0.18250999999999998,0.19894,0.21541999999999997,0.18975999999999998,nan,nan,0.19255,0.18697,0.18303,0.1644,0.1932,0.21395,nan,0.26514,0.2467,0.26163000000000003,0.25785,nan,0.28520999999999996,0.25887,nan,0.27196,0.26529,nan,0.29889,0.31408,0.29596999999999996,0.26483,0.29838000000000003,0.29779,0.29338000000000003,0.32718,0.31079,0.28928000000000004,0.2861,0.29009,0.30385999999999996,0.30403,0.31876,0.32108000000000003,0.28133,nan,0.30895,0.29212,0.29386,0.32461,0.31193000000000004,0.30777,0.33902,0.31808000000000003,0.2861,0.30262,0.29812,0.28851,0.30430999999999997,nan,nan,0.29031999999999997,0.30133000000000004,0.2672,0.26625,0.25358,nan,0.20418,0.2069,0.19225,nan,0.20943,0.20535,0.17176,0.17340999999999998,0.18898,0.16129000000000002,0.14313,nan,nan,0.14203,0.1437,nan,nan,0.092847,0.087214,nan,0.083251,nan,0.044629,nan,0.034138,0.0070688999999999995,0.01884,0.045613,0.028299,0.02278,0.030333,0.025162,0.025047,0.027118,nan,nan,-0.012737,nan,-0.0061475,-0.023993,-0.039731,nan,-0.027245,nan,nan,-0.028957999999999998,-0.051998,-0.074237,nan,-0.10583,-0.11525,-0.096728,-0.10182000000000001,-0.12771,-0.13425,-0.11731,-0.10984000000000001,nan,-0.13443,-0.13763,-0.13919,-0.11495999999999999,-0.12996,-0.15588,-0.13748,-0.14428,nan,-0.17197,nan,-0.17728,-0.15798,-0.15277000000000002,nan,-0.15597,-0.17195,-0.17390999999999998,nan,nan,-0.15503,-0.16963,-0.16208,-0.12719,-0.15855999999999998,-0.21129,-0.20665,-0.18855,-0.1979,nan,-0.17762999999999998,-0.17809,nan,-0.21659,nan,nan,-0.25667,nan,nan,-0.20706,-0.2334,-0.26844,nan,-0.29736,-0.30118,-0.3247,-0.30282,-0.27665,-0.31811,-0.35473000000000005,nan,nan,-0.3318,-0.3655,-0.3709,-0.35086,nan,-0.35565,-0.3618,-0.38206999999999997,-0.37308,-0.37367,-0.39619,nan,-0.38525,-0.41613,-0.38277,-0.37869,-0.39955999999999997,-0.39295,-0.39514,-0.39141,-0.40957,-0.44278,-0.43506000000000006,-0.43117,-0.44443,nan,nan,nan,-0.46405,-0.45035,-0.45473,-0.45858999999999994,-0.49104,-0.48726,-0.4721,-0.5040600000000001,-0.51722,-0.49591,-0.50822,-0.55142,-0.55377,-0.5189,-0.5215,-0.54555,nan,-0.5171,nan,nan,-0.55155,-0.57429,-0.5564,-0.58417,nan,-0.5753199999999999,-0.59697,-0.56586,-0.5525100000000001,-0.5947399999999999,-0.61778,-0.61759,-0.6020399999999999,-0.58189,nan,-0.59901,-0.6341399999999999,-0.61716,-0.57922,nan,-0.65504,nan,-0.5914,nan,-0.63965,-0.65388,-0.64887,-0.61403,-0.59492,-0.61648,-0.63137,-0.64678,-0.65215,nan,-0.63471,-0.64115,-0.61882,-0.5887100000000001,-0.59685,-0.62883,nan,-0.63155,-0.63927,-0.65487,-0.6452899999999999,nan,-0.61916,-0.6572600000000001,-0.6523800000000001,-0.58286,nan,-0.63953,-0.61879,-0.62533,-0.63553,-0.60429,-0.59701,-0.61063,nan,-0.62974,nan,-0.61658,-0.61606,-0.61412,-0.6146199999999999,-0.61759,-0.63339,-0.63134,nan,nan,-0.63736,-0.62159,-0.61258,-0.6113,-0.5948399999999999,-0.5945600000000001,nan,nan,-0.6289899999999999,-0.59718,-0.60969,-0.6097,-0.58735,nan,nan,-0.619,nan,-0.59434,-0.59697,-0.59191,-0.60963,-0.6089,-0.59572,-0.6148600000000001,-0.60687,-0.5827399999999999,nan,-0.6166699999999999,-0.5955600000000001,-0.60677,-0.61515,-0.61765,-0.61866,-0.5928399999999999,-0.61669,-0.63159,-0.59448,-0.59299,-0.5945,-0.60123,-0.6158899999999999,-0.59772,-0.59129,-0.60277,nan,nan,-0.59244,-0.62637,-0.62636,nan,nan,-0.62826,nan,-0.61612,nan,-0.59178,-0.61483,-0.6046600000000001,-0.5956199999999999,nan,-0.62053,nan,-0.59825,-0.6188899999999999,-0.61864,-0.5979899999999999,nan,-0.61924,-0.59526,-0.5555100000000001,-0.57848,-0.59706,-0.59735,-0.61645,nan,-0.5595100000000001,-0.58622,-0.59551,-0.57473,-0.58704,nan,nan,nan,-0.60038,-0.5988399999999999,nan,-0.59258,nan,-0.60217,-0.61419,nan,nan,-0.61637,-0.60231,-0.5920000000000001,nan,-0.5363899999999999,-0.56062,nan,-0.5232,-0.5169199999999999,-0.53318,-0.53499,-0.5352399999999999,-0.53555,-0.51932,-0.49595,nan,nan,nan,nan,-0.52956,-0.53027,-0.5141,nan,-0.55802,nan,-0.50685,-0.49548000000000003,-0.47903999999999997,-0.47313999999999995,-0.47631999999999997,-0.47617,-0.47728000000000004,-0.48573,nan,-0.50997,-0.49535,nan,-0.47342,-0.43925,-0.4374,-0.45636000000000004,-0.46125,-0.43218999999999996,nan,-0.41712,-0.43244,nan,-0.45521999999999996,-0.45646000000000003,-0.4576,-0.43883999999999995,-0.43249,-0.4339,nan,-0.45488,-0.44702,-0.4183,-0.41768999999999995,-0.43711000000000005,-0.43721000000000004,-0.43086,-0.43812,-0.4327,nan,-0.42641999999999997,-0.43961000000000006,-0.42967,-0.41567,-0.41248,-0.41849,-0.4068,nan,-0.45647,-0.4292,-0.40279,-0.42285,nan,-0.4362,nan,nan,-0.44618,-0.4592,nan,nan,-0.4145,nan,-0.45298999999999995,nan,-0.4335,-0.42935,-0.39613000000000004,-0.4206,nan,-0.39298,-0.40097,-0.45277,-0.4461,-0.42741999999999997,-0.43833,nan,-0.41896000000000005,-0.40099,-0.39352,-0.41983000000000004,-0.41927,-0.39964,-0.44755,-0.43982,nan,-0.44563,nan,-0.40631,-0.44325,-0.4574,nan,-0.41698,-0.42113999999999996,-0.43588000000000005,nan,-0.43121000000000004,-0.41896000000000005,-0.39524000000000004,nan,nan,nan,-0.42398,nan,-0.43498000000000003,-0.4364,-0.42773,-0.40956,-0.39576,-0.41808,-0.46176000000000006,-0.43622,-0.41786,nan,-0.44018999999999997,nan,-0.45048999999999995,-0.41655,-0.44235,-0.46631999999999996,-0.44161000000000006,-0.41089,-0.40986999999999996,-0.46513999999999994,nan,-0.40518000000000004,-0.43806000000000006,-0.46048,-0.43631000000000003,-0.43886000000000003,nan,-0.39641,-0.4158,nan,-0.41911000000000004,-0.39571,nan,-0.42255,-0.44908000000000003,-0.45078999999999997,-0.41698,nan,-0.43021000000000004,-0.41021,-0.43973999999999996,-0.45893,-0.42908999999999997,-0.40619,-0.41867,-0.41718,-0.39361999999999997,-0.40456,-0.41671,-0.44016000000000005,-0.45992,-0.42046000000000006,-0.42953,nan,-0.41688000000000003,-0.42358,-0.44588999999999995,-0.42303999999999997,nan,-0.39847,-0.39332,-0.44792,nan,nan,-0.42688999999999994,-0.41577,-0.34907,nan,-0.37882,-0.35372,-0.36723,-0.37248000000000003,nan,-0.4136,-0.39032,-0.37701,-0.39369,-0.35896999999999996,-0.36107,-0.38758000000000004,-0.36364,-0.35744000000000004,-0.37456999999999996,-0.37316,nan,-0.39429000000000003,nan,-0.3588,-0.34951,-0.36199000000000003,-0.37654,-0.35879,-0.35181999999999997,-0.35096,-0.32902,-0.33562,-0.35525999999999996,nan,-0.36887,-0.39468000000000003,-0.36136999999999997,nan,-0.36127,-0.34906,-0.33642,-0.33352,nan,nan,-0.37535999999999997,-0.358,-0.35196,-0.35170999999999997,-0.3237,-0.31629,-0.34815,-0.35980999999999996,-0.35026999999999997,-0.35825999999999997,-0.37548000000000004,-0.37934,-0.36298,-0.3536,-0.35641,-0.35377,-0.36772,-0.37264,nan,nan,-0.37506999999999996,-0.36384,-0.35547,-0.37885,nan,-0.35751,-0.35564,-0.3531,-0.35611,-0.3746,nan,-0.35438000000000003,-0.35391,-0.31915,-0.31714000000000003,-0.35612,-0.37895999999999996,-0.37756,-0.35815,-0.35307,-0.35398,nan,-0.35706,-0.34941,-0.36804000000000003,-0.37119,nan,-0.37262,-0.36655,-0.34961,-0.35674,-0.35639,-0.35528000000000004,-0.35114,-0.36068,-0.37706999999999996,-0.35893,nan,-0.38509,-0.36853,-0.33704,-0.33245,nan,-0.36614,-0.37518,-0.33921,nan,-0.36489,-0.3797,-0.39558000000000004,nan,-0.37158,-0.376,-0.37646,-0.3618,-0.32021,-0.32492,-0.36164,-0.35718,-0.33743,nan,-0.37014,-0.37268,nan,-0.38832,-0.37544,-0.35828000000000004,nan,-0.3666,-0.35222,nan,-0.36946,-0.35396,-0.3765,-0.35527,-0.33092,nan,-0.33143,-0.35956,nan,-0.35158,nan,-0.36930999999999997,-0.38194,-0.36308,-0.33562,-0.36638000000000004,-0.38816,-0.35665,-0.36183000000000004,-0.39475,-0.3945,nan,-0.35781999999999997,-0.33685,-0.37192,nan,-0.35736,-0.40715,-0.41691999999999996,-0.39334,-0.39936,-0.3821,-0.37967,-0.41353999999999996,-0.40055999999999997,-0.39837,-0.41531999999999997,nan,-0.39124000000000003,-0.39466999999999997,-0.3966,-0.4181,nan,-0.40802,-0.4314,-0.46369,-0.47798,nan,nan,nan,-0.45996000000000004,nan,-0.47334,-0.49083000000000004,nan,nan,-0.45424,-0.48061000000000004,-0.49461000000000005,nan,nan,-0.5274,-0.49513999999999997,-0.49851999999999996,nan,-0.5501,-0.56612,-0.53723,-0.5443,-0.5956600000000001,-0.59901,-0.59716,-0.6247,-0.6127199999999999,-0.59433,nan,nan,-0.58633,-0.63803,-0.63344,-0.66665,-0.69901,-0.6727,nan,-0.70573,-0.6804100000000001,-0.71202,-0.75722,-0.72725,-0.70249,nan,-0.75767,nan,-0.7520600000000001,-0.7628199999999999,-0.77872,-0.77676,-0.77361,-0.78018,-0.76263,-0.7598,-0.8141,-0.83,-0.78881,-0.8147,-0.85755,nan,nan,-0.8496600000000001,-0.8347700000000001,-0.85656,-0.8567299999999999,nan,-0.88245,nan,-0.9319200000000001,nan,nan,-0.93745,nan,-0.9324899999999999,nan,-0.95763,-0.9564799999999999,-0.9560299999999999,-0.97496,-1.021,-1.0345,-1.0386,-1.0581,-1.0372,-1.0493,-1.078,-1.0582,nan,-1.0933,-1.0754,-1.1204,-1.1412,-1.1239,-1.1568,-1.1731,nan,-1.1340000000000001,-1.1332,nan,-1.1784,-1.1629,-1.156,nan,-1.2179,-1.2183,-1.2177,-1.2111,-1.2233,nan,-1.2198,-1.2221,-1.25,nan,nan,-1.2577,-1.2547,-1.2966,-1.3156,-1.2789,-1.2979,nan,-1.3151,nan,-1.3419999999999999,-1.3165,nan,-1.3367,-1.3358,-1.3489,-1.3617,-1.3852,nan,nan,-1.368,-1.4159,-1.4137,-1.3983,nan,-1.4241,-1.4428,nan,nan,nan,-1.5054,-1.4937,nan,-1.517,nan,nan,-1.5183,-1.5303,-1.5703,-1.5653,-1.5629,-1.5982,-1.5661,-1.5651,-1.6099,-1.618,-1.6337,-1.6522,nan,-1.6807,-1.6991,-1.7269999999999999,-1.7488,-1.7176,-1.6989,nan,-1.744,-1.7237,-1.7169,nan,-1.7604,-1.7391,-1.7480000000000002,-1.7793,-1.7618,nan,-1.7934,-1.7932,-1.8001,nan,-1.7739,-1.7886,-1.7924,-1.7766,nan,-1.8288,-1.8207,-1.8392,-1.8157,-1.8653,-1.9022,-1.871,nan,-1.8769999999999998,nan,nan,-1.8764,-1.8761,-1.8786,-1.8733,-1.8781,nan,-1.8758,-1.8771,-1.8737,-1.8801,-1.8974,-1.8883,nan,nan,-1.8798,-1.8772,-1.8832,-1.9071,nan,-1.9019,-1.8783,-1.8767,-1.874,-1.8801,-1.8973,-1.8836,-1.8779,nan,-1.9191,nan,-1.9031,-1.9001,-1.9205,-1.9036,-1.8883,-1.9077,nan,-1.9203,-1.9077,-1.8692,nan,-1.8803,-1.8789,-1.8842,-1.9018,-1.8619,-1.84,-1.8868,nan,-1.8704,-1.8792,-1.8777,-1.8894,-1.8942,nan,nan,-1.8571,-1.8487,-1.8226,-1.7948,-1.7968,nan,-1.7824,nan,nan,-1.7842,-1.764,-1.7912,-1.7917,-1.7427,nan,-1.7352,-1.7062,-1.7216,-1.7436,-1.6939,-1.6759,-1.6988,-1.6798,nan,-1.6328,nan,-1.5823,nan,nan,-1.5642,-1.574,-1.5396,-1.5472,-1.5579,-1.5164,-1.4992,-1.5148,-1.5113,-1.4687,-1.4271,-1.4201,-1.4180000000000001,nan,-1.4146,-1.3927,-1.3598,-1.3529,-1.3512,nan,-1.3193,nan,nan,-1.2586,-1.2485,-1.1823,-1.1657,nan,-1.168,nan,-1.1582,-1.1397,-1.0892,-1.0815,-1.0987,nan,-0.9855799999999999,-0.97062,-0.95714,-0.9730200000000001,-0.96586,-0.89243,nan,-0.8580700000000001,-0.80318,-0.72749,-0.7199399999999999,-0.7359100000000001,-0.72146,-0.68142,-0.61844,-0.5946199999999999,-0.59731,-0.55024,-0.51012,-0.47886999999999996,-0.45465,-0.44113,-0.38986,-0.37301,-0.36738000000000004,-0.31503000000000003,-0.29558,nan,-0.22839,-0.19125,-0.17701,-0.15361,-0.097085,nan,0.027594999999999998,nan,0.027341000000000004,0.09018,0.17581,nan,0.23724,0.30071,0.30745,0.35042,0.40221,0.41043999999999997,0.46301000000000003,0.54214,0.5835,nan,nan,0.6632600000000001,0.73202,nan,nan,0.8784700000000001,0.93485,0.9655799999999999,1.0343,1.057,1.0881,1.1518,1.1642,1.2108,1.2865,1.3133,nan,1.4104,1.464,1.506,1.557,1.6032,1.6336,1.682,1.7495,1.7887,1.8165,1.8859,1.9545,1.97,nan,2.0617,2.0593,2.0575,2.1343,2.187,2.1834,2.2038,2.233,2.2293,2.2501,nan,2.2718,2.2513,2.2862,nan,2.2754,2.2861,2.2504,2.2576,2.2845,2.2904,2.2869,nan,2.2796,2.2932,2.2873,nan,2.2754,2.2533,2.2511,nan,nan,2.1872,2.1947,nan,2.1274,2.1086,2.1014,2.0758,2.0693,2.0524,nan,nan,2.0597,nan,1.9907,1.9757,1.9704,1.9623,1.9117,1.9047,1.9007,nan,1.85,1.8712,nan,nan,1.8229,1.7884,nan,1.8057,nan,nan,1.7658,1.7757,1.7423,1.704,1.7278,1.7479,1.739,1.7229,1.732,1.7486,nan,1.7108,1.7342,1.7280000000000002,nan,nan,1.7209,1.7498,1.7326,1.706,nan,1.7279,1.7289,1.7341,1.6986,nan,nan,1.7295,nan,1.7177,1.6738,1.6913,1.7303,1.7071,1.7289,1.7409999999999999,1.6887,1.6998,1.7096,1.7179,1.7474,1.715,1.7002,1.7182,1.7326,1.7289,1.6915,1.7062,nan,1.7038,1.704,1.7279,1.7256,nan,1.7467,1.7188,1.6966,1.7226,1.7256,1.7076,1.7247,1.7217,nan,1.7292,1.7334,1.7131,1.7113,1.7339,nan,1.7211,1.6988,1.7171,nan,1.7262,1.7442,1.7376,1.7019,1.7062,1.7288,1.7184,1.7086,1.7308,1.7335,nan,1.7247,1.7486,1.7289,1.7253,1.7327,1.7261,nan,nan,1.7516,1.7380000000000002,nan,1.7282,1.7277,1.7319,nan,1.7326,1.7654,1.7591,1.735,1.7258,1.7074,1.7185,1.7530000000000001,1.7295,nan,nan,nan,nan,1.6812,1.6476,1.6635,1.6591,1.6508,1.6677,1.6312,nan,1.6525,1.6346,1.6074,1.6261,1.6258,1.6411,1.642,1.5882,nan,1.6221,1.5919999999999999,nan,1.5682,1.5689,1.5701,1.5662,1.5478,1.5448,1.554,nan,1.5521,1.5712,1.5175,1.4672,nan,1.506,1.4695,nan,nan,1.4704,1.4875,1.4563,1.4566,1.4632,1.4257,1.4426,1.4287,1.3548,1.3539,1.3869,1.3868,1.3954,nan,nan,1.3656,1.3561,1.3513,nan,1.348,nan,1.3154,1.311,1.3275,1.3273,nan,nan,nan,1.3264,1.3079,1.3221,1.3185,1.2844,nan,1.2893,1.2892,nan,nan,1.2678,1.2565,nan,1.2718,1.2875,1.2758,1.2602,1.2752,1.2868,nan,1.2599,nan,1.209,1.2433,1.2528,1.2418,1.2503,1.2454,1.2441,1.2538,1.2309,1.2059,1.2258,nan,1.2389,1.2245,1.2292,1.2452,1.247,1.2494,1.2419,nan,1.2002,1.232,1.2508,1.2452,1.2312,1.212,1.2083,1.2063,1.2069,nan,1.2279,nan,1.2236,nan,nan,1.2423,nan,nan,1.2402,nan,1.2165,nan,1.2497,1.197,1.2061,1.2619,1.266,1.2521,nan,nan,nan,1.2287,nan,1.2356,1.2173,nan,1.1995,1.2404,1.2388,nan,1.1858,1.2184,1.2372,1.2173,1.1832,1.1661,nan,1.1874,1.157,nan,1.1799,1.1852,1.1540000000000001,1.1467,nan,nan,1.1334,1.1503,1.1451,1.1304,1.1261,1.1302,nan,1.1083,1.1048,1.1065,nan,1.0471,1.0639,nan,nan,nan,1.0474,nan,1.0421,1.0189,1.0058,1.0066,1.0063,1.0091,1.0039,0.98613,0.98398,0.99006,0.9814299999999999,0.96609,0.9660799999999999,nan,0.96311,0.9737100000000001,0.98564,0.94389,nan,nan,0.9500299999999999,nan,nan,nan,0.9451200000000001,0.90484,0.88371,nan,0.89964,0.8874,0.8886700000000001,0.87018,nan,nan,0.84444,0.83983,0.86705,nan,nan,nan,nan,0.81298,nan,0.82736,0.84695,nan,0.8244799999999999,nan,0.8064100000000001,0.78908,0.7883899999999999,0.7865,0.7871600000000001,0.78893,0.77351,0.76572,0.76679,0.76581,nan,0.7326699999999999,0.7682399999999999,0.78287,0.72952,nan,0.7367,0.7026600000000001,0.72459,0.73077,nan,0.7276199999999999,0.7013199999999999,0.6847,0.70539,0.69914,0.6873199999999999,0.7068399999999999,0.71034,0.7037800000000001,0.7118,0.70416,nan,0.6744100000000001,0.65293,nan,0.66598,0.6531600000000001,nan,0.63734,0.6431399999999999,0.60838,0.59801,0.62597,0.6227600000000001,0.6291,0.65023,0.5954,0.55915,0.59606,0.6061,nan,0.61156,nan,nan,nan,0.57724,0.56891,0.58985,nan,0.54243,0.57345,0.58514,0.56286,0.56415,nan,nan,0.5314300000000001,0.5462199999999999,0.53356,0.5120600000000001,0.5059100000000001,0.50618,0.50608,0.4944,0.47981,0.48968999999999996,0.46156,0.42308,0.45888,nan,0.40226,0.42411000000000004,0.40391,0.3717,0.39524000000000004,0.38133,nan,0.35859,0.3669,nan,nan,0.31667,nan,0.27519,0.33111999999999997,0.35041,0.3161,0.30482,0.30280999999999997,0.28570999999999996,0.28696,0.27909,0.26181,0.26734,0.26832,nan,0.21659,0.23199999999999998,0.22351999999999997,0.18714,0.20961,0.22288000000000002,nan,0.16430999999999998,0.16899999999999998,nan,0.16825,0.16421,0.1632,nan,nan,nan,0.12378,nan,0.10337,0.10664000000000001,0.08227899999999999,0.049142,nan,0.049741,0.041685,0.04237,0.066237,0.047678,nan,nan,0.023014,0.035169,0.0082286,0.043799,0.045773,nan,nan,-0.062498000000000005
5.0,0.025789999999999997,nan,-0.11087999999999999,-0.053426999999999995,-0.12079000000000001,-0.091321,-0.10338,nan,-0.13357,-0.14765,-0.15646,-0.15591,-0.15817,-0.16947,-0.16957,nan,nan,nan,-0.19454000000000002,nan,-0.21349,-0.21365,-0.2284,nan,-0.23615,-0.23575,-0.24220999999999998,-0.25246999999999997,-0.2613,-0.26066,nan,-0.26133,-0.27315,nan,nan,-0.29372,-0.30535999999999996,nan,-0.30915,-0.30926,nan,-0.35004,-0.35449,-0.36544,-0.36488000000000004,-0.36246,-0.3635,nan,-0.37163,-0.38511,-0.40281999999999996,nan,-0.36971,-0.36745,nan,-0.38871999999999995,-0.37932,-0.39743,-0.41028000000000003,-0.39995,-0.4001,nan,-0.43545,-0.44325,-0.44598000000000004,-0.4636,-0.48077,nan,-0.46896000000000004,-0.48293,-0.49063999999999997,-0.49126000000000003,-0.48602,-0.49367,nan,-0.5077,-0.50022,-0.51661,-0.52585,nan,-0.52691,-0.52625,-0.52212,-0.53404,-0.53222,nan,-0.54268,-0.54398,nan,nan,-0.54215,-0.53342,nan,nan,-0.5726,nan,-0.56013,nan,nan,-0.5744100000000001,nan,-0.53666,nan,-0.53919,nan,nan,nan,-0.56267,-0.57222,-0.56274,-0.56007,-0.5736600000000001,-0.5807899999999999,-0.59065,-0.6154,-0.63048,-0.62808,-0.6342,-0.63922,-0.63076,-0.62633,-0.6312300000000001,-0.62703,-0.61868,-0.6160899999999999,-0.61673,nan,-0.62688,-0.6371899999999999,-0.63872,-0.64102,nan,-0.63138,-0.63142,-0.6530600000000001,-0.66341,-0.66055,-0.6649,nan,-0.65858,-0.67178,-0.6724600000000001,nan,-0.66274,-0.67943,-0.67497,-0.67404,nan,-0.6903699999999999,nan,-0.69521,-0.70558,-0.706,-0.69855,-0.72025,-0.73743,-0.72949,-0.73144,-0.73931,-0.7470600000000001,nan,nan,-0.75216,-0.75869,-0.76853,-0.76776,nan,-0.76844,-0.7792600000000001,-0.78089,-0.76783,-0.77062,-0.7897,-0.79022,-0.78882,-0.78908,-0.78871,nan,nan,-0.79118,-0.80984,nan,-0.79851,-0.81522,-0.81834,-0.79945,-0.80695,nan,nan,-0.8335,-0.84904,-0.84793,-0.8546600000000001,nan,-0.8470200000000001,-0.85616,-0.8676200000000001,-0.87226,-0.88346,-0.89136,nan,nan,-0.91845,nan,-0.91755,-0.93206,-0.9407,-0.9295899999999999,-0.92681,-0.92642,-0.9176200000000001,-0.92699,-0.9451700000000001,-0.9378299999999999,-0.9262600000000001,nan,-0.95563,-0.96434,-0.9577100000000001,nan,-0.91465,-0.9183,-0.90728,-0.90704,nan,-0.90779,nan,-0.91405,-0.9293,nan,-0.9202899999999999,-0.91394,-0.9185700000000001,nan,-0.92314,nan,nan,nan,-0.9067,-0.90743,-0.91799,-0.90759,-0.9067700000000001,-0.91805,nan,-0.8990100000000001,-0.9111899999999999,-0.9171299999999999,nan,-0.90207,nan,-0.9061600000000001,-0.9031600000000001,-0.91025,-0.91861,-0.9284399999999999,-0.9374,-0.93714,-0.9415600000000001,-0.9517399999999999,-0.94376,-0.93416,-0.92595,-0.91684,nan,-0.92743,nan,-0.96416,-0.93879,-0.9117799999999999,-0.92914,-0.9310200000000001,nan,-0.92955,-0.92925,-0.91825,-0.91535,-0.9172799999999999,-0.91748,nan,nan,-0.9044700000000001,-0.90261,-0.91428,-0.91296,nan,-0.9133100000000001,-0.9183600000000001,-0.91569,-0.9182299999999999,-0.90989,-0.89891,-0.90895,-0.9182299999999999,-0.90704,-0.9048799999999999,-0.9045700000000001,-0.9030299999999999,-0.9179799999999999,-0.90181,-0.8569399999999999,-0.84516,nan,nan,-0.8488100000000001,-0.83991,-0.82945,-0.83954,-0.84872,-0.83239,-0.81866,-0.8278399999999999,-0.83609,nan,-0.83898,-0.84856,-0.84744,-0.85119,-0.86203,nan,-0.84808,-0.84725,-0.8447100000000001,-0.83704,nan,-0.83465,-0.83655,-0.8469399999999999,-0.8501200000000001,nan,-0.83581,-0.83616,-0.83331,nan,-0.8356299999999999,-0.82483,nan,-0.8337200000000001,-0.82635,-0.82501,-0.81829,-0.81338,nan,-0.8202200000000001,-0.80313,-0.80286,-0.81275,-0.8092699999999999,-0.79161,-0.79159,-0.80187,nan,-0.79179,-0.80255,-0.79205,-0.7882600000000001,-0.78704,-0.77917,-0.77851,nan,nan,-0.78925,-0.7793399999999999,nan,-0.75694,nan,-0.7456,-0.74311,nan,-0.7339399999999999,nan,-0.73231,-0.73316,nan,-0.71615,-0.7249,nan,-0.71583,-0.70554,-0.70973,-0.70023,-0.6925399999999999,nan,-0.69665,-0.6937800000000001,-0.71214,-0.69421,-0.6513100000000001,-0.6471,-0.6550199999999999,-0.64837,-0.64136,-0.62956,-0.6328,-0.63963,-0.63074,-0.63281,nan,-0.6253,-0.60669,-0.60697,nan,-0.58189,nan,-0.5825100000000001,-0.58125,-0.58335,-0.57468,-0.56735,nan,nan,-0.56096,nan,nan,-0.54919,nan,-0.54408,-0.53586,-0.53569,-0.53223,-0.51932,-0.51468,-0.5139,nan,-0.51341,nan,-0.48718999999999996,nan,-0.51257,-0.49283000000000005,-0.48613,nan,-0.47717,-0.46824,-0.4672,nan,-0.46834,-0.45973,nan,-0.44596,nan,-0.4497,-0.43406000000000006,-0.43482,-0.4352,nan,-0.40585,-0.41118000000000005,-0.4112,-0.4027,-0.3921,-0.38656999999999997,-0.3867,nan,-0.37258,nan,-0.37801999999999997,-0.36703,-0.36395,-0.36519,nan,-0.35146,-0.35053,-0.34146,-0.34554,nan,nan,-0.35124,-0.35479,-0.34635,-0.34113000000000004,nan,nan,-0.31275,-0.30725,-0.304,-0.30962,-0.30071,-0.28492,nan,nan,-0.26028,-0.27157,-0.26526,-0.25836,-0.26003000000000004,-0.24934,-0.25388,-0.25877,nan,-0.25532,-0.26432,-0.25606,-0.2495,nan,-0.24573000000000003,-0.23179,-0.21572,-0.21297,-0.21316999999999997,-0.21515,-0.21586999999999998,-0.20472,-0.20273,-0.20232,-0.19135,-0.1901,nan,nan,-0.11759000000000001,nan,-0.12084,-0.12295999999999999,-0.11554,-0.10562,-0.11248,nan,-0.099538,-0.1,-0.09736,-0.078649,-0.079459,nan,-0.076027,nan,-0.067214,-0.059923000000000004,-0.053486,nan,-0.060423000000000004,-0.051101,-0.052929,-0.052396000000000005,-0.05292,-0.05179400000000001,-0.04194,-0.045152,-0.055662,-0.052457000000000004,-0.042545,-0.038524,-0.042062999999999996,-0.041785,nan,nan,-0.029557,nan,-0.038541000000000006,-0.037651,-0.029043,-0.030101,-0.030775,nan,-0.030560000000000004,-0.021881,-0.008290899999999999,-0.006973399999999999,-0.007146600000000001,nan,0.0028471,-0.010069,-0.0079499,0.0051161,0.00087305,-0.0077453,-0.0073827,-0.0064413,-0.0050162,-0.0081915,-0.017602,-0.01831,-0.02023,-0.031742,-0.031923,-0.026998,-0.032300999999999996,-0.031122000000000004,-0.018935,-0.022925,nan,-0.020123,-0.014318,-0.022479,nan,-0.006247,-0.020818,-0.03311,-0.030202999999999997,-0.030253,-0.025102,-0.01438,-0.019906999999999998,nan,-0.024978,-0.016055,-0.019224,-0.020216,-0.014581,-0.021577000000000002,nan,-0.021531,-0.019538,-0.032325,-0.031895,-0.026888,nan,-0.029867,nan,nan,-0.030038,nan,nan,-0.026955,-0.028151999999999996,-0.019427,-0.024311000000000003,-0.033936,-0.027894,-0.019022999999999998,-0.023927,-0.033301,-0.029273,-0.019017,-0.023104,-0.032602,-0.030732,-0.027999999999999997,-0.036746,-0.039687,-0.031412,-0.027964,-0.031931,-0.028819,-0.029876,-0.039300999999999996,nan,-0.030477999999999998,-0.039129000000000004,-0.043525,-0.036238,-0.030656,-0.036269,-0.05525,-0.065562,-0.065479,-0.072416,-0.07838099999999999,-0.07481,-0.076686,-0.078198,-0.06970900000000001,-0.064708,-0.074639,-0.085191,-0.08782899999999999,-0.088814,-0.096169,nan,-0.092052,-0.089324,nan,-0.090254,-0.090802,-0.099732,nan,-0.09832300000000001,-0.1098,-0.099147,-0.11383,-0.12037,-0.11062000000000001,nan,-0.1436,-0.14598,-0.158,-0.15795,-0.15350999999999998,-0.15863,-0.16943,-0.17820999999999998,nan,-0.18132,-0.19084,nan,nan,-0.20055,nan,nan,-0.22424000000000002,-0.22855999999999999,-0.24752,-0.23603000000000002,-0.2258,-0.25069,-0.261,nan,-0.26095,-0.26124,nan,-0.28021999999999997,-0.28284000000000004,nan,-0.29868,-0.30796999999999997,nan,nan,-0.32624000000000003,nan,-0.3422,nan,-0.35584,-0.36896,-0.37683,-0.36594,-0.36546999999999996,-0.37948000000000004,-0.38702,-0.39183,nan,-0.42505,-0.43367,nan,-0.43518,-0.44619,-0.45487,nan,-0.45611999999999997,-0.46963,-0.47983000000000003,-0.47473999999999994,-0.48546999999999996,-0.5029899999999999,-0.49236,-0.4951,-0.51898,nan,-0.52377,-0.52723,nan,nan,-0.53983,-0.53588,-0.55025,-0.5665,nan,-0.59531,-0.59511,-0.60031,-0.61293,nan,-0.6291800000000001,-0.64032,nan,-0.63212,-0.65998,-0.67475,-0.67471,-0.68907,-0.70691,-0.71134,-0.7066600000000001,-0.7109,-0.7119300000000001,nan,-0.71814,nan,-0.74225,-0.7500899999999999,-0.75243,nan,-0.7428600000000001,-0.763,-0.7683800000000001,-0.77695,-0.77696,nan,-0.79115,-0.79748,-0.81497,-0.82644,-0.83729,-0.86362,-0.87231,-0.8726700000000001,-0.89317,-0.903,-0.9076700000000001,-0.9193100000000001,-0.92706,nan,-0.9416700000000001,-0.9539700000000001,-0.97106,-0.9743,-0.97365,-0.98734,-0.99592,-0.99865,-1.0163,nan,-1.054,-1.0528,-1.0563,nan,-1.0743,-1.0766,-1.0782,-1.087,-1.0974,-1.0999,-1.1022,-1.1095,-1.1219,-1.1426,-1.1603,-1.1659,-1.1779,-1.1782,nan,-1.1842,nan,-1.2076,nan,-1.2335,-1.2454,-1.2651,-1.272,nan,-1.2871,nan,-1.3147,-1.3201,nan,-1.3319999999999999,nan,-1.3430000000000002,-1.3599,-1.3773,-1.374,-1.3839,-1.4026,nan,-1.4032,-1.4185,-1.4374,-1.4548,-1.4592,-1.4564,-1.4599,nan,-1.4756,-1.4797,-1.4813,-1.4957,nan,-1.5165,nan,-1.5314,nan,-1.564,-1.5631,-1.5594,nan,-1.5633,-1.5614,-1.5628,-1.5786,-1.5976,-1.5959,-1.5977,nan,-1.619,nan,-1.632,-1.6299,-1.6379,-1.6654,-1.6766,-1.6779,-1.6869999999999998,-1.6812,-1.6754,-1.6901,-1.6974,-1.7009,nan,nan,nan,nan,-1.7082,-1.7009,-1.7025,-1.7168,-1.7221,nan,nan,-1.7232,-1.7236,-1.7221,-1.7195,-1.7236,-1.7243,-1.7095,-1.7162,-1.7202,-1.7114,-1.7193,-1.7154,nan,nan,-1.7222,nan,-1.7122,-1.7047,nan,-1.6526,-1.6440000000000001,nan,-1.6565,-1.6374,-1.6428,-1.6448,-1.6343,-1.6293,-1.6209,nan,nan,-1.6031,nan,nan,-1.5649,-1.5385,nan,-1.5338,-1.5236,-1.5282,-1.5186,nan,-1.5152,nan,-1.4868,-1.4713,nan,-1.4372,-1.4305,-1.4362,nan,-1.4169,nan,-1.3812,-1.3675,-1.3562,-1.3484,nan,-1.3217,-1.294,nan,-1.2731,-1.2657,nan,nan,-1.2245,-1.1892,nan,-1.1565,nan,-1.135,-1.1335,-1.1116,-1.0792,-1.061,nan,-1.0177,nan,-1.0099,-0.97754,-0.94584,-0.9204100000000001,-0.9081899999999999,nan,-0.88003,nan,-0.8265600000000001,-0.80552,-0.79051,-0.7651,-0.73331,-0.69794,-0.66603,nan,-0.62761,-0.59816,-0.5645600000000001,-0.53659,nan,nan,-0.44638,-0.44118999999999997,nan,-0.38539,-0.36067,-0.3232,-0.28197,-0.26165,-0.23006999999999997,-0.18873,-0.16163,-0.12753,-0.079474,-0.053427999999999996,-0.036274,0.006460300000000001,0.048878,0.073253,0.11220999999999999,0.1576,0.18194000000000002,nan,nan,nan,0.33965,0.37367,nan,0.45841000000000004,0.50107,0.52698,0.55103,nan,0.64875,0.69083,0.74243,0.7803,0.81521,0.85864,0.89995,0.95139,0.99803,nan,1.0858,1.1131,1.1623,1.2413,1.2822,1.3134,1.3596,1.4007,nan,nan,1.5415,1.6043,1.6401,nan,1.744,1.7619999999999998,1.7904,nan,1.9024,1.9422,1.9889,2.0295,nan,2.1607,2.188,nan,2.262,2.2982,2.3388,2.3908,2.4218,nan,2.5296,2.5611,2.6014,2.6412,2.6910000000000003,2.7427,2.7516,2.7768,2.8354,2.8679,nan,2.9228,2.9689,nan,3.0055,3.0196,3.0565,3.0648,3.0776,nan,3.091,nan,3.1163,3.1123,3.1133,nan,3.1173,3.125,3.1149,3.1158,3.1275,nan,3.0911,3.0912,3.0643,3.0222,3.0116,2.9934,2.9530000000000003,2.9308,2.9145,2.8991,2.8934,nan,2.8249,2.8102,2.8006,2.7568,2.7272,2.7394,2.7332,2.6889,nan,2.6501,2.6315,2.6048,2.5813,nan,2.529,2.5106,2.4945,2.4778,2.4691,nan,2.4303,2.3985,2.3886,2.3805,nan,2.3424,2.3298,2.2953,2.286,2.2968,2.2732,2.2556,2.2459,2.2097,2.1919,2.1898,2.1797,2.1799,2.1766,2.1643,2.1459,2.1316,2.1484,2.1558,2.1355,2.1333,2.1241,2.077,nan,2.0667,2.0547,2.028,nan,2.0082,nan,1.9715,1.9447,nan,nan,1.9273,1.9087,1.8992,1.8893,1.8722,1.8532,1.8408,nan,1.8261,nan,1.7901,1.7766,1.7771,1.7730000000000001,1.7623,1.7546,1.7533,nan,1.7513,1.743,1.7457,1.7308,1.7033,1.6871,1.671,1.655,1.6358,1.6176,1.6236,nan,nan,nan,1.5963,1.5893,nan,1.5825,1.5765,1.5694,1.5606,1.5409,1.5349,nan,1.5161,nan,1.499,1.5023,1.5134,1.5017,nan,1.4785,1.4687,1.4681,1.4641,1.4551,1.4644,1.4638,1.4542,1.4555,1.4477,1.443,1.4423,1.4248,1.4166,1.4244,1.4202,nan,1.4094,1.4089,nan,nan,1.3833,nan,1.3856,1.3728,nan,1.3651,1.3651,nan,1.3518,1.3509,1.3419999999999999,1.337,nan,1.3515,nan,1.3456,1.3384,1.3394,1.3409,1.3365,nan,1.3176,nan,1.3361,1.3387,1.3217,1.3101,1.3259999999999998,1.3279,nan,1.308,1.2990000000000002,1.2829,1.3006,1.3002,1.2794,nan,1.2844,1.2839,1.2811,1.2623,nan,1.2618,1.2588,1.2509,1.2353,1.2222,nan,1.2279,1.2182,1.2134,1.2136,1.206,1.1968,nan,nan,nan,1.1765,1.166,1.1579,1.1437,1.1289,nan,1.137,1.1253,1.1456,1.179,1.1667,1.1444,nan,nan,1.1378,1.1276,nan,1.1223,1.1097,1.0904,1.0876,1.089,nan,nan,nan,1.0684,1.0532,1.0343,nan,1.0163,nan,1.0008,0.9839600000000001,nan,0.99664,0.9931,0.97745,0.95219,0.9529700000000001,0.95914,0.93389,0.9163899999999999,0.9121299999999999,nan,0.8968200000000001,0.8765,0.85146,0.84464,0.83783,0.83078,0.81866,0.8001699999999999,nan,0.79627,0.78706,0.78788,0.7832100000000001,0.77403,nan,0.76262,nan,0.75134,0.77571,0.75473,0.73482,0.74463,0.74325,0.733,nan,nan,0.70676,0.70872,0.7017,0.6825899999999999,nan,0.67296,nan,0.66023,0.64281,0.6367,0.6381100000000001,nan,0.6049,0.57932,0.5675,0.55981,0.53505,0.5201100000000001,nan,0.54785,0.53782,0.53572,0.53354,0.5161100000000001,0.5081600000000001,nan,0.51051,0.50578,0.48976000000000003,nan,0.47589,nan,0.47734,0.47573999999999994,0.46696000000000004,0.45838,nan,0.44178999999999996,nan,0.43815,0.42833999999999994,0.42993000000000003,0.43365,0.42404,0.41905,0.41907,nan,0.38933,nan,0.38424,0.38632,0.38179,0.37172,0.37167,0.37574,nan,nan,0.34536999999999995,0.33391,nan,0.39576,0.38036,0.37284,nan,nan,nan,0.35673,0.34807,0.33119,0.3106,nan,0.30233000000000004,nan,0.29969,0.30091999999999997,0.28035,0.27128,nan,nan,0.25698000000000004,nan,0.24548000000000003,0.24648,0.23725,0.22554000000000002,0.22425,nan,0.20611999999999997,0.18984,0.19175999999999999,0.18778,0.16915,0.16867000000000001,0.18,0.1769,0.16967000000000002,0.16018,0.15388,0.14477,0.13061,0.13927,0.14031,0.11204000000000001,nan,0.10872000000000001,0.10725,0.1109,nan,0.070208,0.07254,0.065587,0.063919,nan,0.063148,0.048629,nan,0.05901,nan,nan,0.034461,0.013179,0.0057402,0.00051604,-0.008907600000000002,-0.0074456999999999995,-0.011831,-0.032483,-0.041091,nan,-0.049568,-0.052022000000000006,-0.054812,nan,nan,-0.087137,-0.088624,-0.088383,-0.087025,-0.089056,-0.10042000000000001,-0.11029000000000001,-0.10414000000000001,nan,-0.099659,-0.10499000000000001,-0.12169,-0.13598,-0.13492,-0.13799,-0.15133,-0.15675,-0.15654,-0.15654,-0.15624000000000002,-0.1713,-0.18967,-0.18378,nan,-0.20409000000000002,-0.21414,-0.21245999999999998,-0.21470999999999998,nan,-0.21933000000000002,-0.2341,-0.23528000000000002,-0.2354,-0.25404,-0.25755,-0.24794000000000002,-0.24856999999999999,-0.24566999999999997,-0.25353000000000003,nan,-0.22543000000000002,-0.20140999999999998,-0.22435,-0.23778000000000002,-0.21902,-0.21131999999999998,-0.21434,nan,-0.22165,nan,nan,-0.22664,-0.22371,-0.22821999999999998,-0.22508000000000003,nan,-0.22721999999999998,-0.23548000000000002,-0.22688000000000003,-0.23365,-0.23345,-0.2238,-0.22685999999999998,-0.21891,nan,-0.21664,-0.22584,-0.22696,-0.22341999999999998,-0.22774,-0.23640999999999998,-0.23101,nan,-0.22715,-0.22746999999999998,-0.21903000000000003,-0.21206,-0.21525999999999998,nan,-0.22407,nan,-0.20264000000000001,-0.21145999999999998,-0.21258000000000002,-0.21620999999999999,nan,-0.21838000000000002,-0.21291,-0.21424,nan,nan,-0.21477,-0.20284000000000002,-0.19818,-0.20851,-0.19492,-0.18075,-0.19618,-0.19855,-0.1745,-0.16804000000000002,-0.17095,-0.16171,-0.15672,-0.15732000000000002,-0.14924,-0.1423,-0.14552,-0.13840999999999998,nan,nan,-0.12335,-0.11076,-0.1153,nan,-0.11195999999999999,-0.10862000000000001,-0.10811,-0.096241,-0.088898,-0.082526,-0.06904199999999999,-0.065177,-0.065919,nan,nan,nan,-0.042503,-0.043524,nan,-0.053902,-0.043869,-0.035017,-0.030067,-0.039637,-0.045714,-0.032025,nan,-0.042323,nan,-0.017741,-0.018338,0.0019808,0.0012794,nan,nan,0.020766,0.0080532,0.0061889,nan,nan,0.028247,0.028111,0.037388,0.042484,0.037229000000000005,0.03988,0.050039,nan,0.053938,nan,0.062324,0.062448000000000004,0.061280999999999995,0.06072999999999999,0.064204,0.057886,0.066191,0.084326,0.077713,nan,nan,0.075141,0.077314,nan,0.083958,0.08320599999999999,nan,0.082227,0.084257,0.10482999999999999,0.10502,0.096042,0.096653,nan,0.089533,nan,0.12039000000000001,0.11082,0.10837999999999999,0.10678,0.10597999999999999,0.11665,0.11798,0.10661,0.10699000000000002,0.10815,0.10945999999999999,0.11834000000000001,0.12139000000000001,0.11868,0.11990999999999999,nan,0.11919,0.12075,nan,nan,0.12661,0.13382,0.13025,0.12991,0.13484000000000002,nan,0.11853,0.12799000000000002,0.13389,0.13065,0.13057,0.13115,0.13527,0.14443,0.14401,0.13548,nan,0.13103,0.13141,0.13519,0.1487,0.14145,0.12042,0.13129000000000002,0.14304,0.11975,0.11327000000000001,0.1301,nan,nan,0.14912,0.15424000000000002,0.14144,0.15032,0.1677,0.16034,0.15465,0.16482,0.16075,0.15534,0.16452,0.1673,nan,0.1822,0.18873,0.18623,0.19705999999999999,0.19924,0.1889,0.19702999999999998,0.19948,nan,nan,0.21036999999999997,nan,0.21069000000000002,0.21106999999999998,0.21623,0.22605999999999998,0.22288000000000002,0.21936999999999998,0.23296,0.23246,0.22239,0.23324,nan,0.23731999999999998,0.24923,0.22574,0.23983000000000002,0.2953,0.29843000000000003,0.28767,nan,0.29196,0.29253,0.29274,0.29419,0.29323,0.27551,0.26874000000000003,0.2678,0.25774,0.25961999999999996,0.25048000000000004,0.23365,0.23538,0.22459,0.20567,nan,nan,nan,0.26578,nan,nan,0.30735999999999997,0.30251999999999996,0.31214000000000003,0.33393,0.33988,nan,0.35608,0.37856,nan,0.39718000000000003,0.41478000000000004,nan,nan,0.44176000000000004,0.45733,0.47995,0.48845,0.47712,0.47418000000000005,0.48199,0.49013999999999996,0.49881000000000003,0.50658,nan,nan,0.51444,0.49877,0.48328000000000004,0.47598999999999997,nan,0.45679,0.47689,0.52085,0.52899,0.51498,0.51063,0.51056,0.5071399999999999,0.49404,0.50405,nan,0.50154,nan,nan,0.48298,nan,0.47922,0.47598999999999997,0.46956000000000003,nan,0.45657,0.47536000000000006,0.47203999999999996,0.461,0.4662,0.46571999999999997,0.46221999999999996,0.47053999999999996,0.47628000000000004,0.46776,0.46116,0.47003,0.47613,0.47591000000000006,0.48018,0.47207,0.45306,0.44326000000000004,0.43998000000000004,nan,0.42805,nan,nan,0.42654,0.41503999999999996,0.34876999999999997
1.0,0.63531,0.45358999999999994,0.59075,0.51236,0.53337,nan,0.54707,nan,nan,0.5814600000000001,0.57076,0.5583600000000001,0.52073,0.5541699999999999,0.59182,0.5964,0.57352,0.58157,0.60123,0.58595,0.56509,nan,0.56703,nan,0.5723,0.58527,0.5940300000000001,nan,0.58528,0.5715600000000001,0.5943,0.53156,0.5525399999999999,0.57586,0.58519,0.62093,0.55292,0.55166,0.57202,0.52388,0.56266,0.54714,0.53046,0.5442899999999999,0.49499,0.52709,0.52833,0.48117,0.49101999999999996,0.50958,0.49493000000000004,0.51005,0.49031,0.43041,0.45031000000000004,0.44483999999999996,0.40686,0.42726000000000003,0.42613999999999996,nan,0.4081,0.38325,0.38205,0.3942,0.33966,0.30812,0.32477,nan,0.29224,0.29163,0.2724,0.25051999999999996,0.25825,0.28085,0.25456999999999996,0.25674,nan,0.22295,nan,0.23574,0.20842,0.1832,0.13810999999999998,0.13689,0.15434,nan,nan,0.13345,0.11372,0.11854,0.082177,0.040820999999999996,0.059146000000000004,0.015477000000000001,0.018662,-0.033564,-0.050061,-0.013047,-0.0021647,nan,nan,-0.032868,-0.046954,-0.056686,-0.046402,-0.05536900000000001,nan,-0.05546,-0.051123,-0.051727999999999996,nan,-0.047968000000000004,-0.095052,-0.11292,nan,-0.1136,-0.14587999999999998,-0.1268,-0.09718500000000001,-0.13107,nan,-0.13873,-0.10983,-0.14065999999999998,-0.21803000000000003,-0.19359,-0.22798000000000002,-0.24516999999999997,nan,nan,-0.24043,-0.28069,-0.24026,nan,-0.25258,-0.22953,-0.23415,-0.21064000000000002,-0.29447,-0.32573,-0.28509,-0.28725,nan,-0.30993000000000004,-0.32282,-0.31093000000000004,-0.33114,-0.3388,-0.40223000000000003,-0.3609,-0.34247,-0.37293000000000004,-0.37435999999999997,-0.37512,-0.37651,nan,-0.37822,-0.39829000000000003,-0.41473000000000004,-0.44422,-0.42163,-0.39712,-0.43418,-0.44476000000000004,nan,-0.44672,-0.44043999999999994,nan,-0.46081000000000005,-0.43555,-0.45231000000000005,nan,-0.47018000000000004,nan,-0.44688999999999995,-0.46443,-0.51467,-0.5040600000000001,-0.49205,-0.49183999999999994,-0.49309,-0.51646,-0.49541999999999997,-0.50321,nan,-0.51713,-0.50893,nan,-0.55962,-0.56865,-0.52473,nan,-0.52805,nan,nan,-0.54097,-0.56161,nan,-0.54471,-0.52156,-0.51574,nan,-0.55376,-0.516,-0.5362399999999999,-0.5408,nan,nan,nan,-0.55061,-0.5079600000000001,-0.5201399999999999,-0.5617800000000001,-0.53862,-0.56448,-0.58604,-0.53458,-0.55182,-0.58517,-0.56121,-0.55982,nan,-0.5762,-0.53378,-0.55804,-0.57848,-0.53232,-0.56399,nan,-0.53123,-0.56293,nan,-0.5295,-0.55782,-0.5100899999999999,-0.5180100000000001,-0.53496,-0.55924,-0.54292,-0.54482,-0.56214,-0.56186,-0.5577300000000001,nan,-0.56088,-0.54045,-0.5506,-0.5455300000000001,nan,-0.5533100000000001,-0.55637,-0.53871,nan,-0.53527,nan,-0.5665399999999999,-0.5361199999999999,-0.5993,-0.57803,-0.56155,-0.58909,nan,nan,-0.5399,-0.51891,-0.56992,-0.5592,-0.56184,nan,-0.51097,-0.54167,-0.56534,-0.55694,nan,nan,nan,-0.5360699999999999,-0.53295,-0.55292,-0.55067,-0.53722,nan,-0.56017,-0.53957,nan,-0.51178,-0.5179600000000001,-0.50988,-0.5231399999999999,-0.53583,-0.51639,-0.53533,-0.5451199999999999,-0.49931000000000003,-0.50048,-0.5141399999999999,-0.48018999999999995,-0.5022,-0.53863,-0.51799,-0.52991,-0.5429,-0.5219699999999999,-0.50775,nan,-0.49863999999999997,-0.5170899999999999,nan,-0.54198,-0.48663,-0.48056000000000004,-0.52772,-0.51065,-0.54506,nan,-0.4918,-0.5290199999999999,-0.52666,nan,-0.51568,nan,nan,-0.49406000000000005,nan,-0.49962,nan,-0.52936,-0.49463999999999997,-0.5042800000000001,-0.5363399999999999,-0.49425,-0.50993,nan,-0.49337,nan,-0.52094,nan,-0.49148000000000003,nan,-0.46157,-0.51381,-0.47393,-0.43843999999999994,-0.48908999999999997,nan,-0.51262,nan,-0.48607,-0.5113800000000001,-0.51057,-0.4588,-0.45591000000000004,-0.49466000000000004,-0.46665,-0.46913999999999995,-0.47093,-0.46508999999999995,-0.46921,-0.47097,-0.50312,-0.47744,nan,nan,-0.47686000000000006,nan,nan,-0.46006,-0.4393,-0.44669,-0.44592,-0.46647,nan,-0.45945,-0.42838000000000004,-0.41736,-0.43451000000000006,-0.47198999999999997,-0.44354,-0.42267,-0.4603,-0.47398,-0.4521,nan,-0.4812,nan,-0.47018999999999994,-0.49166000000000004,nan,-0.4488,-0.43305,nan,nan,-0.46485,-0.44669,-0.46818000000000004,-0.45166000000000006,-0.43932,-0.44628,-0.44187,-0.44708000000000003,-0.4747,-0.49385,-0.47055,-0.47029,-0.44897,-0.46005,-0.5048600000000001,-0.47795,-0.44198000000000004,-0.4255,nan,-0.4877,-0.47628000000000004,-0.4678,-0.45758999999999994,-0.44761000000000006,-0.46943,-0.44695,-0.44431000000000004,-0.44342,-0.44848999999999994,-0.4275,-0.43593000000000004,-0.47015,-0.44311999999999996,-0.46881999999999996,-0.47712,-0.42544,-0.44701,-0.47494,nan,-0.43775,-0.42527,-0.44585,-0.44438999999999995,-0.46048999999999995,-0.47035,-0.46681999999999996,nan,-0.44253000000000003,nan,-0.47292,-0.42228999999999994,-0.46974,nan,-0.47977,-0.45488999999999996,-0.41978999999999994,-0.44906,-0.44905,-0.41827,nan,-0.4902,-0.45221999999999996,-0.48377,-0.48596000000000006,nan,nan,-0.46943,-0.4862,-0.47808,-0.46966,-0.45353000000000004,-0.42736999999999997,-0.49613,-0.47631,nan,nan,nan,-0.47346000000000005,-0.5006,-0.48306000000000004,nan,-0.46931999999999996,-0.44656999999999997,nan,-0.45343999999999995,-0.45695,-0.49538000000000004,nan,-0.47075,-0.49096999999999996,-0.49633999999999995,-0.47093999999999997,-0.47916000000000003,-0.4872,-0.4631,-0.47051000000000004,-0.47038,-0.46871999999999997,-0.46766,-0.47786999999999996,-0.50802,-0.50989,-0.48396000000000006,-0.46798,-0.47031000000000006,-0.47013,-0.46508999999999995,-0.47345,-0.45006,-0.45553999999999994,nan,nan,-0.47031999999999996,-0.48553999999999997,-0.52959,-0.51991,nan,-0.44827,-0.4742,-0.49488000000000004,-0.49458,-0.46981000000000006,-0.47118999999999994,-0.44864,-0.45951000000000003,-0.5017,nan,-0.469,-0.46978000000000003,-0.46957,-0.4647,-0.48123,-0.4938,nan,nan,-0.49283999999999994,-0.47208999999999995,nan,-0.47342,-0.51142,nan,-0.5130600000000001,-0.48386,nan,-0.49265,-0.49091,-0.49753000000000003,-0.46213000000000004,-0.44618,-0.47365,-0.46771999999999997,-0.49601000000000006,-0.53623,-0.52677,nan,nan,-0.45714,-0.44595,nan,-0.46958,-0.46836000000000005,nan,-0.4642,-0.47234,-0.45498999999999995,-0.44951,-0.50062,-0.49253,-0.44585,-0.46526999999999996,-0.45288,-0.44851,-0.48026,-0.49432,-0.48936,-0.4704,-0.50931,nan,-0.48743000000000003,-0.51713,-0.52892,nan,-0.47076999999999997,-0.49399,-0.51503,nan,-0.50781,-0.45952,nan,-0.49985,-0.4904,-0.49366000000000004,nan,nan,-0.47616,-0.50213,-0.47518999999999995,nan,-0.49122,-0.47,nan,nan,nan,-0.48041000000000006,-0.45091000000000003,-0.53009,nan,-0.42467,-0.46148,nan,nan,nan,nan,-0.49436,-0.49259,-0.49313,-0.49361000000000005,-0.48813999999999996,-0.5048600000000001,-0.51276,-0.47651000000000004,-0.47283000000000003,-0.49331,nan,-0.48312,-0.50315,nan,nan,-0.47728999999999994,-0.4462,-0.49595,-0.49513,-0.48975,nan,-0.44616999999999996,-0.4521,-0.47134,nan,-0.49572,-0.5191,-0.47503,-0.47811000000000003,-0.49785,-0.48617,-0.49491999999999997,-0.48918999999999996,-0.46986999999999995,-0.48823999999999995,-0.50326,-0.4488,nan,-0.45351,-0.45618000000000003,-0.49168,-0.47051000000000004,-0.5142899999999999,-0.48108999999999996,-0.46434,-0.45385,-0.45643999999999996,-0.49486,-0.46503999999999995,nan,-0.46948999999999996,-0.47016,-0.45052,nan,-0.47213,-0.46856000000000003,-0.49709,-0.4945,nan,-0.45703999999999995,nan,-0.49201000000000006,nan,nan,-0.49205,-0.49362,nan,-0.42178999999999994,-0.46443,-0.49023,-0.45983999999999997,nan,nan,nan,-0.46575,-0.48932,-0.47602,-0.4749,-0.48727,-0.43204,-0.45183,-0.49413,nan,nan,-0.47448999999999997,-0.47923000000000004,-0.47756000000000004,-0.41647,-0.47698,-0.51889,-0.47403,-0.46788,-0.44706,-0.41323999999999994,-0.47,-0.48507,-0.4459,-0.48907,-0.49916000000000005,-0.48162,nan,-0.46218000000000004,-0.45383,-0.49512,-0.46837,-0.46721,-0.48818,-0.49692,-0.46655,-0.43428,-0.45528,-0.49918,-0.49201000000000006,-0.44615,-0.46579,-0.45037,-0.46093,-0.5038699999999999,-0.47868,-0.44003000000000003,-0.4475,-0.49146999999999996,nan,-0.46687,-0.46248999999999996,-0.48094,-0.48498,-0.47134,-0.49396,-0.44935,nan,-0.4588,-0.44228,-0.48607,-0.48775,-0.49666000000000005,-0.51776,-0.49525,-0.49062,-0.48976000000000003,-0.49523,-0.47958,nan,-0.49286,-0.47065,-0.46825,-0.46567,-0.48305,-0.4903,-0.49628999999999995,nan,-0.44597,-0.49204,-0.51561,-0.50463,-0.46297,nan,-0.49746,-0.44055,-0.49941,nan,nan,-0.50534,-0.50825,-0.4747,-0.46693,-0.47007,-0.49578,-0.49596,nan,-0.45664,-0.48146000000000005,-0.50358,-0.51243,nan,-0.46878000000000003,nan,-0.49183999999999994,nan,-0.42249,-0.42978,-0.45223,-0.46915,-0.44427,-0.44193000000000005,-0.48867,-0.47571,-0.46705,-0.45755,-0.44597,nan,nan,-0.46948999999999996,-0.45138,-0.44711000000000006,-0.50269,nan,-0.52283,-0.50635,-0.47078000000000003,-0.51603,-0.47583000000000003,-0.49415,-0.50592,-0.44398999999999994,nan,-0.47378000000000003,-0.51807,-0.50048,-0.46232,-0.49235,-0.47013999999999995,nan,nan,-0.51248,-0.51777,-0.5168699999999999,-0.51731,-0.49735,-0.5055,-0.54473,-0.50024,-0.52766,-0.58657,-0.52167,-0.55662,-0.6039899999999999,nan,nan,-0.57748,-0.56287,-0.58578,-0.60026,-0.65064,-0.6212300000000001,-0.62216,-0.65351,-0.63038,-0.68467,nan,-0.72641,-0.70538,-0.69707,-0.69818,-0.70485,-0.72732,-0.7245199999999999,-0.74426,-0.7708699999999999,-0.75937,-0.7929,nan,-0.79143,-0.8348899999999999,-0.79303,nan,-0.79269,-0.8368399999999999,-0.8667100000000001,nan,-0.8771700000000001,-0.83363,-0.89139,-0.9319700000000001,-0.9096700000000001,-0.91959,-0.9335700000000001,-0.92774,nan,nan,-0.9567399999999999,nan,-0.9764799999999999,nan,nan,-0.97425,-1.0086,nan,-1.0717,-1.0685,-1.094,-1.0567,-1.0621,-1.0988,-1.0967,nan,-1.1396,-1.1546,-1.2065,-1.1905,-1.1918,-1.2129,-1.2034,-1.1823,nan,-1.229,-1.2134,-1.2162,-1.2393,nan,-1.3367,-1.3201,-1.3266,-1.3713,-1.3435,-1.3869,-1.4239,-1.4180000000000001,-1.4399,-1.4145,-1.4186,-1.4374,-1.4383,nan,-1.4387,-1.4336,-1.4433,nan,-1.4635,-1.5002,-1.5203,-1.4808,-1.5077,-1.5291,-1.5379,-1.5812,-1.5796,-1.5989,nan,nan,-1.617,nan,-1.6245,-1.6235,nan,-1.6442,nan,-1.6572,-1.6718,-1.6677,-1.67,-1.6725,-1.6937,-1.6962,-1.6883,-1.7054,-1.7192,nan,nan,-1.7187,nan,-1.7541,-1.7651,-1.7649,-1.8022,-1.8042,-1.818,-1.8823,nan,-1.8545,-1.8571,-1.8384,-1.8283,-1.8285,-1.8345,-1.8572,-1.855,-1.8722,-1.8794,-1.8751,-1.8757,-1.8815,nan,-1.9044,nan,-1.9052,nan,-1.9182,nan,-1.9408,-1.9965,-1.9733,-1.9738,nan,-1.9438,-1.9846,-2.0063,-2.0441,-2.0387,-2.0187,-1.9909999999999999,-2.0335,-2.0107,-1.9961,-2.0132,-1.9913,-2.02,-2.0185,-2.012,-2.0342,-2.0386,-2.0305,-2.0043,-2.0254,nan,-1.9965,nan,-2.0412,-2.0475,-2.0602,nan,nan,-1.9931,nan,-2.0363,-2.0226,nan,-2.0063,-1.9921,-2.0233,nan,-2.0003,-1.9649,-2.0076,-1.9916,-1.9673,nan,-1.9857,-1.9473,-1.9462,-1.9701,nan,-1.8996,-1.9054,-1.8916,-1.88,-1.9048,-1.9039,-1.9019,-1.8874,-1.8686,-1.8892,-1.8964,-1.8445,-1.8342,-1.8574,-1.8443,-1.8886,nan,-1.7653,nan,-1.7529,-1.7412,-1.7219,-1.7139,-1.7072,-1.6799,-1.7089,-1.7077,nan,-1.6491,nan,-1.6231,nan,-1.6384,-1.6321,-1.5938,-1.5737,-1.5331,-1.5516,-1.5295,-1.4688,-1.4606,nan,nan,-1.442,-1.4414,-1.4145,-1.4413,-1.3940000000000001,-1.3697,nan,-1.3271,-1.3024,-1.2816,nan,-1.2219,-1.1675,-1.1833,-1.1935,-1.0959999999999999,-1.0983,-1.1198,-1.0601,-1.0057,-0.9917100000000001,-0.94981,nan,nan,-0.88339,-0.88455,nan,-0.8501700000000001,-0.8147,nan,nan,-0.6974600000000001,-0.67655,-0.65617,-0.61906,-0.57307,-0.53589,nan,-0.52957,-0.52833,nan,-0.44798999999999994,nan,nan,-0.37375,-0.31337,nan,-0.25683,-0.26147,-0.20224,-0.13242,-0.10482000000000001,nan,-0.060286,-0.054208000000000006,-0.046141,0.016141,nan,nan,0.12702,0.14989,0.20606,0.26229,0.26591,0.24673,0.26594,0.2979,nan,0.42528999999999995,0.44852,nan,0.50585,0.54709,0.56406,0.62347,0.65954,0.67333,0.69231,nan,0.78279,0.80019,0.8385100000000001,nan,0.9257299999999999,0.95804,1.0121,1.0284,1.0122,1.0755,1.1003,1.1195,nan,1.1813,1.2256,1.2218,1.2952,1.3537,nan,1.3702,1.3938,1.4179,nan,1.4969,nan,1.5161,1.537,1.5534,1.5903,1.6218,1.6007,1.624,1.68,1.6575,nan,1.6105,1.6362,1.6543,1.6256,1.6340000000000001,nan,1.652,1.6782,1.6683,1.6365,1.6407,1.6588,1.6549,nan,1.6552,1.6422,1.6062,nan,1.6444,1.6016,1.5811,1.5382,1.5213,1.4937,nan,1.4929,1.4811,1.5222,1.4589,nan,1.4737,1.4329,1.4378,nan,nan,1.3919,1.4267,1.4017,1.4185,1.4407,1.3821,1.4072,1.4148,nan,nan,1.4017,1.4223,nan,1.382,nan,1.3784,1.3793,nan,1.3781,1.3787,1.3784,1.3894,1.4141,1.3837,1.3552,1.3811,1.4008,nan,1.4104,nan,1.3968,1.3719999999999999,1.3848,nan,nan,1.3846,1.3704,nan,1.3879,1.3907,1.4289,1.3996,1.4005,1.4057,nan,1.4179,nan,1.422,nan,nan,1.4,nan,1.3975,1.4187,nan,1.3947,1.4097,1.4480000000000002,1.4686,1.4777,1.4363,nan,1.486,1.4577,nan,1.4951,1.4971,1.4741,1.4704,1.4721,nan,1.4717,1.4706,1.4704,1.4713,1.4688,1.4856,1.5069,1.5292,1.5405,1.5408,nan,1.5846,1.5905,1.5808,1.6055,nan,1.5559,1.567,1.6094,1.6539,1.6388,nan,1.6246,nan,1.6121,1.6101,1.61,1.609,1.6265,1.6345,1.6376,1.666,1.6456,nan,1.6554,1.6319,1.6527,1.6396,nan,nan,1.6781,1.6772,1.6335,nan,1.6497,1.6702,nan,1.6742,1.649,1.6313,1.6321,1.6124,1.6348,1.6749,nan,1.6252,1.653,1.6083,1.6282,1.653,1.6714,1.6838,nan,1.6437,1.6367,1.6801,nan,1.6292,1.662,1.6924,1.6563,1.6321,nan,1.6785,1.639,1.5995,1.6796,1.6841,1.6014,1.6309,nan,1.6781,1.6566,1.6555,1.6449,1.6215,1.6488,nan,nan,nan,1.6304,1.6757,1.6451,nan,1.6681,1.6341,1.6825,1.655,1.6554,1.6356,1.6485,1.6389,1.6072,1.6418,1.6562,nan,1.6318,1.6644,1.6806,1.6281,1.6531,1.6752,1.6281,1.6533,1.6637,1.6373,nan,1.6947,1.6598,1.7093,1.6742,nan,1.6541,nan,1.6333,1.6554,1.6762,1.6564,1.6792,1.656,1.6728,nan,nan,nan,1.6818,1.6744,1.6554,1.6778,nan,nan,1.6480000000000001,1.7089,nan,1.6325,nan,1.6308,1.6728,nan,1.6681,nan,1.6603,1.6772,1.6555,1.6996,1.6869,1.6783,nan,1.6215,1.6376,1.6301,1.6564,nan,1.6544,1.6774,1.6561,1.6329,1.6593,1.6256,nan,1.6567,nan,1.6442,1.6625,nan,nan,1.6513,1.6312,nan,1.6423,nan,1.6106,1.6146,1.641,1.6538,1.6106,1.6019999999999999,1.6693,1.6607,1.6092,nan,1.6304,1.6071,1.5866,1.5865,1.5752,1.541,1.5532,nan,1.5344,1.5154,nan,nan,1.5072,nan,1.5137,nan,1.4941,1.4936,1.4932,1.501,nan,1.5093,nan,1.4488,nan,1.4926,nan,1.4780000000000002,1.4538,1.4338,1.4316,nan,1.4438,nan,1.4032,1.4001,1.4178,1.4337,1.4135,1.4037,nan,1.3530000000000002,1.3727,1.4081,1.3773,1.4007,nan,1.3614,1.4064,nan,1.3559999999999999,1.3377,nan,1.3633,1.3459999999999999,1.3292,nan,1.2855,nan,nan,1.2845,1.2978,1.3168,nan,1.2853,1.2857,1.2669,1.2423,nan,1.2399,1.2401,1.239,1.2394,nan,1.2212,nan,1.1795,1.1674,1.1748,1.1656,1.1453,1.1461,1.1312,1.1032,1.1162,1.1248,1.0859999999999999,nan,1.0736,1.033,1.036,1.0102,nan,1.0574,1.0609,1.0411,0.98435,nan,0.98862,nan,0.9884,nan,0.96552,0.96342,0.96014,0.93996,0.9636600000000001,0.9183600000000001,0.88184,nan,0.88449,0.8677600000000001,0.8436600000000001,nan,0.84411,0.82573,0.7724,0.80402,0.82257,0.7986800000000001,0.77461,nan,nan,0.78076,0.78428,nan,0.69807,0.6823199999999999,0.6864899999999999,nan,0.6774100000000001,0.66687,0.69968,0.67223,0.65951,0.63678,0.6401600000000001,0.62447,nan,nan,0.5976899999999999,0.56963,0.60012,0.59308,0.61615,0.5804600000000001,0.52299,0.5486300000000001,0.52553,0.50638,0.56408,nan,nan,0.47747,0.46188,nan,0.42717,0.44616999999999996,0.44508000000000003,0.37696999999999997,0.36019,0.36317,0.37182,0.40623000000000004,0.3341,nan,0.31703000000000003,0.2914,0.31486,0.30041999999999996,0.27173,0.26965,0.27321,0.2627,0.2473,nan,0.24644000000000002,0.25336,0.21018,0.21264,0.22316,0.19017,0.17359000000000002,0.15125999999999998,0.15187,0.15565,0.14055,0.11782000000000001,0.11314,nan,0.091333,nan,0.1082,0.065412,0.094234,nan,nan,0.062687,0.00015395,nan,-0.0084488,-0.025151,-0.034605000000000004,-0.025463999999999997,-0.034270999999999996,-0.026014,-0.034783999999999995,-0.030725,-0.0063753,-0.045141,-0.050044,-0.07497000000000001,-0.095261,-0.031330000000000004,-0.038347000000000006,-0.052834000000000006,-0.029608999999999996,-0.06867899999999999,-0.07337300000000001,nan,nan,-0.046486,nan,-0.054241,-0.097505,-0.08259,-0.074262,nan,-0.056374,-0.075678,-0.049812999999999996,-0.077714,-0.10232999999999999,-0.077837,nan,-0.07559099999999999,-0.12265,-0.10290999999999999,-0.054269000000000005,-0.10098,nan,-0.097258,-0.06695599999999999,-0.06763999999999999,nan,-0.07119,-0.07544,nan,-0.073505,-0.071938,-0.10499000000000001,-0.11697,-0.098843,-0.12517,-0.06821100000000001,nan,-0.10099999999999999,-0.060896000000000006,nan,-0.068307,-0.048755,nan,-0.032143,-0.053162,-0.033846,-0.043768,nan,-0.022581,nan,-0.028376,-0.033221,-0.052402,-0.054625,-0.036681,-0.025608,-0.034454000000000005,-0.022076,-0.006298699999999999,nan,0.013675,0.019839,0.0016895,-0.020340999999999998,nan,-0.024588,-0.003925,-0.0094435,-0.010798,0.0183,-0.014445,nan,-0.033385000000000005,-0.057578,-0.049527,-0.054390999999999995,-0.075485,-0.077029,-0.06293,-0.04017,-0.069761,nan,nan,nan,nan,-0.032618,-0.00054978,0.016996999999999998,-0.019172,0.006878,0.044213,0.08390299999999999,0.1307,0.10191,nan,0.076053,0.087123,0.088013,0.1117,nan,0.06423,0.087393,nan,0.10005,0.1005,nan,0.1064,0.13022,0.13502,0.12880999999999998,0.13752,nan,0.14171,0.15472,0.15428,0.1976,nan,nan,0.23081999999999997,0.24733000000000002,0.21643,nan,0.24815,0.24725,nan,0.25108,0.2511,0.30201,0.3058,0.26702,0.29475999999999997,0.29346,0.27238,0.27687,0.33265,0.32222,0.29643,0.35072,0.33664,0.33569,0.38474,0.36523,0.38552,0.41828999999999994,0.40631999999999996,nan,0.4084,0.42991,0.43563,0.4301,0.4373,0.4292,nan,0.45428999999999997,0.45335,0.47568,0.46215,0.45641000000000004,0.51759,0.50793,0.47928999999999994,0.53441,0.52203,0.47626,0.51431,0.5422600000000001,0.5536800000000001,0.5333899999999999,0.49401000000000006,0.53318,0.49859,0.50312,0.5765100000000001
7.0,-0.33345,-0.50657,-0.49987,-0.43572,-0.49804,-0.46203999999999995,-0.46221,nan,-0.45852,-0.46229,-0.45563000000000003,-0.44843,-0.4644,nan,-0.45841000000000004,nan,-0.46398,-0.46451000000000003,-0.48645,nan,-0.42331,nan,-0.44828999999999997,nan,-0.41672,-0.45116000000000006,nan,-0.45036000000000004,nan,-0.4494,-0.44911999999999996,-0.43615,-0.43106000000000005,nan,-0.43343999999999994,-0.42736,-0.41163999999999995,-0.41908999999999996,-0.44551,-0.43576000000000004,-0.41716000000000003,-0.43046999999999996,nan,-0.43033000000000005,-0.41845,-0.39198,-0.39982,-0.42008999999999996,-0.40768000000000004,-0.40063000000000004,-0.40615,nan,-0.39558000000000004,-0.37968,-0.4,nan,-0.42221000000000003,-0.42013,-0.41657,-0.3893,nan,-0.43071000000000004,-0.39325,-0.39107,nan,nan,nan,-0.40807,nan,-0.39128,-0.38666999999999996,-0.3936,-0.38773,-0.37506999999999996,-0.37921,-0.36689,nan,-0.3952,-0.39625,-0.35234,-0.34394,-0.35978000000000004,-0.35569,-0.34786,-0.34633,-0.3467,-0.34634000000000004,-0.33548,nan,-0.32391,-0.34872,-0.34175,-0.31196999999999997,nan,-0.29234,-0.266,-0.26071,-0.27591,-0.27528,-0.27771,-0.29191,-0.27769,-0.25403000000000003,-0.27397,-0.28867,-0.26448,-0.25692,-0.25704,-0.24575999999999998,-0.24605,-0.23387,-0.21564,-0.22632,-0.23323000000000002,-0.22705999999999998,-0.21778000000000003,nan,-0.1656,-0.19467,nan,-0.19279000000000002,-0.16322,-0.17324,-0.17951,-0.15286,-0.14594000000000001,-0.15933,-0.1421,-0.12201,-0.11425999999999999,-0.10035,-0.1123,-0.13075,nan,-0.10952,-0.11316,-0.082662,nan,-0.046276,-0.057899,nan,nan,-0.074538,-0.070495,-0.059553999999999996,-0.046495,nan,-0.056089,-0.061709,-0.045778,-0.043651,-0.066634,-0.07143200000000001,-0.044837,-0.029033999999999997,-0.029644,-0.021006999999999998,-0.013008,-0.014088999999999999,-0.0054603,nan,0.015653,nan,nan,0.016975999999999998,nan,0.060897,0.05462,0.043592,nan,0.045301999999999995,0.044483,0.044235000000000003,0.043336,0.050926,0.075821,0.09049199999999999,0.07337,0.057032000000000006,0.058677,0.052400999999999996,0.041989,0.062453999999999996,0.07825700000000001,0.058251,0.06841599999999999,0.087427,0.06459,0.066911,nan,0.055614,0.090553,0.092047,nan,nan,0.11382,nan,nan,0.079649,0.070748,0.073403,0.08559,0.088507,0.087929,0.099147,0.11017,0.091352,0.073492,0.093064,0.11425999999999999,nan,nan,0.11671,0.11919,nan,0.10407000000000001,0.10727,nan,0.11774000000000001,0.10718,0.10017000000000001,0.10282000000000001,nan,nan,0.11762,0.13012,nan,0.12,nan,nan,0.13715,0.13677,0.15907000000000002,nan,0.13927,0.12915,0.11592000000000001,nan,0.16613,0.14457,0.12824000000000002,0.14275,0.14297,nan,0.14599,0.16868,0.17438,0.17598,nan,0.15789,nan,nan,0.13115,0.11732999999999999,nan,nan,0.19805,0.16286,0.15242,0.17076,nan,nan,nan,0.15735,0.15812,0.18541,0.18191,0.15879000000000001,0.18094000000000002,0.20179,0.18077000000000001,nan,0.19003,0.18294000000000002,nan,0.18830999999999998,0.18444000000000002,0.17224,0.17421,nan,nan,0.17402,0.17282999999999998,0.19321,nan,nan,0.15386,0.18042,0.18648,0.16149000000000002,0.17285999999999999,0.19902999999999998,0.18789,0.17454,0.17855,0.17234000000000002,0.1728,0.19008,0.18297,0.17549,0.19952999999999999,0.20292000000000002,0.18611,0.18866,0.192,nan,0.18905999999999998,0.17859,0.17045,nan,0.18904,nan,0.19114,0.18884,nan,nan,0.20355,0.18928,nan,nan,0.196,0.21893,0.18963,0.1479,0.1602,0.18867,0.18338,0.17446,nan,0.16588,0.15946,nan,0.15809,0.16978,0.17348,0.16061,0.16128,0.15536,0.14463,0.14715999999999999,0.13619,0.13502,0.14525,0.12708,nan,nan,0.10355999999999999,0.11051,0.11375999999999999,0.075623,nan,0.097508,0.11673,0.094712,nan,0.059174000000000004,0.073007,nan,0.051757000000000004,nan,0.06550800000000001,nan,0.058380999999999995,nan,0.028168000000000002,0.03134,0.029161000000000003,0.029251,0.029762,0.032669,0.044388,0.040201,0.004757,-0.01396,-0.00045232,-0.0017525,-0.022606,nan,nan,nan,nan,-0.055452,nan,-0.064205,-0.038991000000000005,-0.027250999999999997,nan,-0.025101,-0.027877999999999997,-0.049287,-0.05486799999999999,-0.039645,nan,-0.046272,nan,-0.028862,nan,-0.044627999999999994,-0.060574,nan,-0.05206,-0.04141,-0.057326999999999996,-0.057604999999999996,-0.056249,-0.054487,-0.04213,-0.055041,nan,-0.055372000000000005,-0.027094,nan,nan,-0.056511,-0.064998,-0.070385,nan,-0.042917000000000004,-0.039,nan,-0.06926399999999999,-0.079454,-0.056357000000000004,nan,-0.053230999999999994,-0.057333,-0.057511,-0.071004,nan,-0.064135,-0.055835,-0.054930999999999994,-0.06412799999999999,-0.07149900000000001,nan,-0.047855,nan,-0.084536,-0.060403,nan,-0.055913,nan,-0.069005,-0.065698,-0.054853,-0.045362,-0.023393,nan,-0.10305999999999998,-0.098881,nan,-0.075934,-0.087049,-0.075423,-0.07015199999999999,nan,-0.059626,nan,-0.077669,-0.087055,-0.081134,-0.09467,nan,-0.066062,-0.046111,-0.0617,-0.058376,-0.045929000000000005,-0.077151,-0.10155,-0.087851,-0.092308,nan,-0.086992,nan,-0.12361,-0.11079000000000001,-0.10923,-0.13244,nan,-0.086922,-0.10339000000000001,nan,-0.11279000000000002,-0.11385999999999999,-0.11320999999999999,nan,-0.13004000000000002,-0.12875,nan,-0.1449,-0.13255999999999998,-0.11449000000000001,nan,-0.1303,-0.13096,nan,-0.13369,-0.15705999999999998,-0.16427,-0.14759,-0.12834,-0.13554000000000002,-0.16408,-0.16988,-0.15963,-0.15983,-0.15133,-0.1451,-0.16655999999999999,-0.17265999999999998,-0.15103,-0.1583,-0.18392999999999998,-0.18005,-0.17282,-0.18525999999999998,-0.18108,-0.16949,-0.18759,-0.20309000000000002,-0.19343,nan,-0.17582,-0.16124000000000002,-0.188,-0.21748,-0.20326,nan,nan,-0.20621,-0.19363,-0.21001,-0.23181,-0.23683,-0.20758000000000001,-0.20819000000000001,-0.24374,-0.22330999999999998,-0.19175999999999999,nan,-0.24611999999999998,nan,-0.23233,-0.24491999999999997,nan,-0.24965,-0.26013000000000003,-0.2485,-0.23976999999999998,-0.24806,-0.25983,-0.26313000000000003,-0.25017,-0.24602,nan,-0.25858000000000003,-0.26127,-0.26064,nan,-0.2603,nan,-0.27979,-0.26397,nan,-0.28983000000000003,nan,nan,-0.28898,-0.28798,-0.30086999999999997,-0.29763,-0.30482,-0.3325,-0.3129,-0.30829,-0.34604,-0.32309,-0.29612,-0.32028,-0.33024000000000003,-0.34392,-0.36279,-0.34938,nan,-0.35072,-0.34658,nan,nan,nan,-0.34767,-0.36629,-0.37314,nan,-0.38199,nan,-0.37836,-0.37569,-0.40869,-0.41963,-0.41907,-0.42031999999999997,-0.40942,-0.43125,-0.44865,-0.41884,-0.44061000000000006,-0.47831999999999997,nan,nan,-0.46448999999999996,-0.46215,-0.44211999999999996,-0.47041000000000005,-0.49237,-0.49026000000000003,nan,-0.52204,-0.52181,-0.5344399999999999,-0.522,-0.5041100000000001,-0.53227,-0.56002,-0.56203,-0.5648,-0.57436,nan,nan,-0.5664100000000001,-0.53725,-0.54173,-0.5673699999999999,-0.57785,-0.58167,-0.60145,nan,-0.62208,-0.62292,-0.63956,-0.6403399999999999,-0.6143,nan,-0.63762,-0.6519199999999999,nan,-0.65418,nan,-0.6610199999999999,-0.66951,nan,-0.6755800000000001,-0.69602,-0.72765,-0.72478,nan,-0.72937,-0.73778,-0.7349399999999999,-0.7445,-0.75151,-0.73948,nan,-0.72535,-0.75722,-0.79179,-0.78373,-0.76199,-0.7802,-0.80682,-0.80335,-0.7952199999999999,-0.8056300000000001,-0.8193299999999999,-0.8237700000000001,-0.8114100000000001,-0.8006300000000001,-0.82962,-0.85436,nan,-0.86931,-0.88225,-0.8687799999999999,-0.8655200000000001,-0.86597,nan,-0.8819100000000001,-0.87946,-0.88785,-0.8980600000000001,nan,-0.8971,-0.9309,-0.9276,-0.92666,nan,-0.9551,-0.9399799999999999,-0.9529299999999999,-0.9950100000000001,-1.0144,-0.99324,nan,nan,-0.99505,-1.0048,-1.0146,-1.0141,-1.0171,-1.0389,-1.0390000000000001,-1.0152,-1.0177,-1.0289,-1.0287,-1.0446,-1.0618,-1.0539,-1.0526,-1.0731,nan,nan,-1.0522,-1.0712,-1.1045,-1.1144,nan,nan,nan,-1.1245,nan,-1.0937,nan,-1.1175,-1.1343,nan,nan,-1.1415,-1.1437,-1.1445,-1.1346,nan,-1.1306,-1.1326,-1.1172,-1.1408,-1.1727,-1.1422,-1.1281,-1.1612,-1.162,-1.1424,-1.1472,-1.1716,-1.1878,-1.1733,-1.156,-1.1677,-1.1753,-1.169,-1.1875,-1.2126,-1.2095,-1.2006,-1.2018,-1.1971,-1.208,-1.2309999999999999,-1.2289,-1.2403,nan,nan,-1.2599,-1.2713,-1.3205,-1.3344,-1.3217,nan,-1.3169,-1.3251,nan,-1.3325,-1.3392,-1.3562,-1.3569,-1.3464,-1.3507,-1.3668,-1.3761,-1.3854,-1.3985,-1.4018,-1.4037,-1.4201,nan,nan,-1.4343,-1.4339,-1.4576,-1.4915,-1.5051,-1.5009,-1.5081,-1.5199,-1.5166,-1.5244,-1.5349,-1.5289,-1.5478,nan,nan,nan,-1.558,-1.564,-1.5593,-1.5742,-1.5951,-1.5939,-1.5771,-1.5822,nan,-1.5804,-1.575,nan,-1.5904,-1.6067,-1.5936,nan,nan,-1.5887,-1.5955,-1.6078,-1.5833,-1.5830000000000002,-1.6087,-1.5968,-1.5777,-1.5799,-1.6069,-1.6355,nan,nan,-1.6334,-1.6221,-1.601,-1.6228,-1.6269,-1.6076,-1.6081,-1.6204,-1.6148,-1.5984,-1.6087,-1.6402,-1.6527,-1.6473,nan,-1.6495,-1.6467,-1.6504,nan,-1.6418,-1.6321,nan,-1.6166,-1.6259,-1.6367,-1.625,-1.6181,-1.6455,nan,-1.621,nan,-1.649,-1.6348,-1.653,-1.6569,-1.6229,nan,-1.6580000000000001,nan,-1.6361,-1.6343,-1.6356,-1.6373,nan,-1.6478,-1.6643,nan,-1.6237,-1.6465,-1.6495,-1.6216,-1.632,-1.6499,nan,-1.6346,-1.6279,-1.6057,-1.6028,-1.6071,-1.6059,-1.6199,-1.6332,-1.6316,-1.62,nan,-1.6046,nan,-1.5935,-1.5784,-1.5793,-1.594,-1.605,-1.6007,nan,-1.5791,nan,-1.5866,nan,-1.5873,-1.5981,-1.58,-1.5647,-1.5806,-1.595,nan,-1.5484,-1.5578,-1.5593,-1.5494,-1.548,-1.5406,nan,-1.5469,-1.545,nan,-1.5369,-1.5637,-1.5418,-1.5167,-1.5324,nan,-1.5047,-1.4905,-1.489,-1.4918,-1.4856,-1.4649,-1.4478,nan,-1.4468,-1.4252,-1.3997,-1.4098,nan,-1.4251,-1.4055,-1.3861,nan,-1.3852,-1.3835,nan,-1.3569,nan,-1.3416,-1.3326,-1.3299,-1.3321,-1.3328,-1.3201,-1.3105,nan,-1.2765,-1.2702,-1.2746,nan,nan,-1.2167,-1.1997,-1.2026,-1.1895,-1.1843,-1.1692,-1.1419,nan,nan,-1.1175,-1.1072,-1.1121,-1.0978,-1.0979,-1.0934,-1.0815,-1.0727,-1.0407,-1.0187,-1.0307,-1.0321,-1.0032,-0.97159,nan,nan,-0.9534100000000001,-0.9341700000000001,nan,-0.8857200000000001,-0.87776,-0.8684,-0.84982,-0.81857,-0.81093,-0.81342,nan,-0.74142,nan,-0.7159399999999999,-0.69998,nan,-0.6555,nan,nan,-0.6360899999999999,nan,-0.57995,-0.55986,-0.55118,-0.52036,-0.49071000000000004,-0.45783,-0.42218,-0.41496000000000005,-0.39223,-0.36168,-0.3648,-0.33576999999999996,-0.28334000000000004,-0.27501,-0.25583,-0.2175,-0.21731,-0.20600000000000002,-0.15057,-0.10899,-0.091056,-0.058339,-0.036486000000000005,-0.042282,-0.0086539,0.053237,0.05419500000000001,nan,0.12476,0.17024,0.15952,0.18883,0.22583000000000003,0.23618000000000003,0.2694,nan,0.34861,0.38109,0.42312,0.45825,0.46366,nan,nan,0.5652699999999999,nan,0.59428,nan,nan,0.7084,nan,0.81588,0.8420700000000001,0.8494200000000001,0.89123,0.9481,0.9852299999999999,1.0086,1.0190000000000001,1.034,nan,nan,1.1788,1.2178,nan,nan,1.2929,1.3230000000000002,1.3974,1.453,1.464,1.4837,1.5046,1.5083,1.5429,nan,1.6489,1.6522,1.6622,1.6704,1.6671,1.7031,1.7814,1.8230000000000002,nan,1.7952,1.8097,1.8342,1.8678,1.8951,1.896,1.8997,1.9019,1.8816,1.8940000000000001,nan,nan,1.915,1.9286,nan,1.9202,1.9532,1.9561,1.9496,1.9692,1.9662,1.9426,1.9435,1.9311,1.9132,1.9427,1.9655,1.9513,1.9419,1.9326,nan,nan,nan,1.9248,1.9118,nan,nan,1.9168,nan,1.9285,1.9127,1.8951,1.8981,1.8963,1.9022,1.8948,1.8705,nan,1.8982,1.8838,1.8838,1.8732,nan,1.8549,1.8467,1.841,nan,1.8397,1.8079,1.8149,1.8272,1.8064,1.7976,1.811,1.8038,1.7867,1.7826,nan,1.8126,1.7966,nan,nan,nan,1.7506,1.7513,1.7675,1.7581,nan,1.7402,1.7266,1.7039,nan,1.6906,1.704,1.7083,1.6946,1.7018,1.6819,1.652,1.6745,1.6728,1.6513,1.6761,1.6803,1.6614,1.6668,1.6596,1.6421,1.6363,1.6359,nan,1.6529,nan,nan,1.6483,1.6554,1.6671,1.6556,1.6552,1.6669999999999998,1.6563,nan,1.6524,1.6518,1.6546,1.6425,1.6231,1.6417,1.6651,1.6403,1.6227,1.6542,1.665,nan,nan,1.6334,1.6381,nan,1.6597,1.6348,1.6256,1.6493,1.6415,nan,1.6237,1.6356,1.6373,1.6367,nan,1.6391,1.6340000000000001,1.6375,1.6519,nan,nan,1.6517,nan,nan,1.6243,1.6255,1.6215,1.6252,1.6354,nan,1.6509,nan,nan,nan,1.6237,1.6362,1.6441,1.6655,1.6813,1.6584,1.6457,1.6547,1.6524,1.6425,1.6291,1.6243,nan,1.6378,1.6389,1.6518,nan,1.6485,1.6535,1.6544,1.6343,1.6219999999999999,1.6375,1.6432,1.6238,1.629,1.6629,1.6666,nan,1.6237,1.6319,nan,1.6526,1.6521,1.6517,1.6515,1.6521,nan,nan,1.6345,1.6363,nan,nan,1.6515,nan,1.6540000000000001,1.6485,1.6376,1.6355,1.6379,1.6367,1.6361,1.6439,1.6540000000000001,1.6379,1.6091,nan,1.6554,1.6432,1.6199,1.6322,1.6522,1.6535,1.6475,1.633,1.6230000000000002,1.6337,1.6340000000000001,nan,1.6241,nan,1.6274,1.6378,1.6247,nan,1.6357,1.601,1.6007,nan,1.6123,1.5831,1.5815,1.5958,1.5981,1.5808,1.5825,1.5807,nan,1.5637,nan,1.5427,1.5373,1.5553,1.5513,1.544,nan,1.5084,nan,nan,1.5003,1.5067,1.5003,1.4867,nan,1.4959,nan,1.4853,1.5072,1.5099,1.496,1.4726,1.4744,nan,1.4918,1.4633,1.486,nan,nan,nan,1.469,1.465,nan,nan,1.4835,1.4951,1.4801,nan,1.4737,nan,1.4964,1.4780000000000002,nan,1.4629,1.4803,1.4658,1.4475,1.4498,1.4334,nan,1.4354,1.4411,1.4251,1.4209,1.4214,nan,1.4245,1.4199,1.4036,1.421,1.4351,1.4216,1.4226,1.4112,1.3903,1.3923,nan,1.3837,nan,1.4089,1.3786,nan,1.3781,1.3812,1.3945,1.3918,nan,1.3776,1.3772,1.3761,nan,1.3906,1.3782,1.3649,1.3646,nan,1.3925,nan,nan,1.3627,1.3633,1.3605,nan,1.3194,1.3256,1.3347,1.3331,1.3357,1.3201,1.3037,1.3164,1.3097,1.2747,1.2768,1.3035,1.2925,nan,1.2879,1.2891,1.2635,1.2789,1.3078,1.2793,1.2616,1.2884,1.2861,1.2662,1.2597,1.2584,1.2675,1.2491,1.2177,1.2279,nan,nan,nan,1.2197,1.1896,1.1743,nan,1.1656,1.1606,1.1731,1.1696,nan,1.1305,nan,1.0803,1.0895,1.0887,1.0756,1.0724,nan,1.0442,1.0005,0.98656,0.9998100000000001,nan,0.98011,0.9874799999999999,1.001,0.9940899999999999,0.9845700000000001,0.9858899999999999,0.9797799999999999,0.96085,nan,0.90925,0.87084,nan,0.8413799999999999,0.8199799999999999,0.8102699999999999,0.81218,0.8013100000000001,0.78884,0.77776,0.75478,0.74027,nan,0.71765,0.6737,0.6591199999999999,0.6735899999999999,0.6663899999999999,nan,0.61817,0.6261899999999999,0.6147100000000001,0.5778399999999999,nan,0.5796600000000001,0.56466,nan,0.48377,0.45286000000000004,0.45208999999999994,nan,nan,nan,0.45111999999999997,nan,0.38142,0.37776,0.39668000000000003,0.35605,0.32042,0.32807,0.30783,0.26349,0.25892,0.2594,0.22666999999999998,0.20509000000000002,0.20738,0.20054,nan,0.19025,0.18652,0.17135,0.14987,0.13257,nan,0.11588,0.070024,0.05753,0.057055999999999996,0.044011,0.057102,0.050501,0.014356,0.0044455,-0.011189,-0.030645,nan,-0.043166,-0.061497,-0.056281,-0.054730999999999995,-0.056870000000000004,nan,-0.070011,-0.08332,-0.085074,nan,nan,nan,-0.16547,-0.17285999999999999,nan,nan,-0.18869,-0.19881,-0.20638,-0.19608,nan,-0.24514,-0.25871,-0.22313000000000002,nan,-0.23581999999999997,-0.24506999999999998,nan,-0.25490999999999997,-0.26135,nan,-0.27108000000000004,-0.28722,-0.28834,nan,nan,-0.3012,-0.31153000000000003,-0.3578,-0.34805,-0.32700999999999997,nan,-0.36091,-0.3585,-0.36036999999999997,-0.36052,-0.36921,-0.37648000000000004,-0.37589,-0.38525,-0.39957,-0.40536,-0.4057,-0.40352,-0.4073,-0.42077,-0.43185,nan,-0.43305,-0.43404,-0.43063,-0.43828999999999996,-0.4492,nan,-0.44622,-0.4491,-0.4638,-0.4848,-0.49193000000000003,-0.49226000000000003,nan,nan,nan,-0.53719,-0.5615399999999999,-0.55406,-0.55191,-0.57685,-0.57162,-0.56213,-0.58036,-0.58152,-0.57352,-0.58032,-0.5796,nan,-0.6047899999999999,nan,nan,-0.62141,-0.65599,-0.63907,-0.6208199999999999,-0.62095,nan,-0.64365,-0.6613399999999999,-0.63935,nan,-0.64065,-0.65715,-0.66699,nan,-0.66438,nan,-0.6654100000000001,-0.6874399999999999,-0.69786,-0.69129,-0.67978,nan,-0.67427,-0.6809999999999999,-0.71415,-0.7195600000000001,-0.7078800000000001,-0.72068,-0.71936,-0.69923,-0.69499,-0.69415,-0.69614,-0.71422,-0.72335,-0.71672,-0.73307,-0.7528199999999999,-0.73136,nan,-0.70926,nan,-0.68308,-0.7140000000000001,-0.73714,-0.70425,-0.6809999999999999,nan,-0.71033,-0.70172,nan,-0.71851,-0.69379,-0.7114,-0.71737,-0.6952699999999999,-0.71107,-0.7239399999999999,-0.70553,nan,-0.71185,-0.70586,-0.7101,-0.71018,-0.70573,-0.71025,-0.71041,-0.70376,-0.7155100000000001,-0.7225600000000001,-0.70011,-0.6895100000000001,-0.6947,-0.69433,-0.70234,-0.70827,nan,-0.67983,nan,-0.65769,-0.65082,-0.67075,-0.67588,-0.64748,-0.63348,nan,-0.64803,-0.63745,-0.63574,-0.6309100000000001,nan,-0.6315,nan,-0.62526,nan,-0.62497,-0.64026,-0.61443,-0.5930300000000001,nan,-0.5815899999999999,-0.5646100000000001,-0.57667,-0.56639,nan,-0.56107,-0.56687,-0.56118,-0.5643600000000001,-0.55324,-0.54391,-0.55027,nan,-0.55204,-0.5744100000000001,-0.57745,-0.54392,-0.5281399999999999,-0.53708,-0.52386,-0.49543000000000004,-0.49273,-0.5073300000000001,-0.49791,-0.47388,-0.48172,-0.49221000000000004,-0.47591000000000006,nan,nan,-0.46524,-0.46913999999999995,-0.47175,nan,nan,-0.4628,nan,nan,-0.45943999999999996,-0.46025,-0.44871000000000005,-0.43451000000000006,nan,nan,nan,nan,-0.39305,-0.39009,nan,-0.38858000000000004,-0.40662,-0.4051,-0.40821,-0.39537,-0.39186,-0.40775,-0.37965,-0.36151,-0.3892,-0.37575,-0.35196,-0.36213,-0.3613,nan,nan,-0.36263,-0.34539000000000003,-0.35229,nan,-0.35073000000000004,-0.34046,-0.35265,-0.36136999999999997,-0.35670999999999997,-0.36622,-0.35553,nan,-0.35593,-0.37585,nan,-0.33016,-0.33724,-0.34978000000000004,-0.35048,-0.32415,-0.32165,nan,nan,-0.344,-0.34749,-0.34713,-0.35425,-0.36046,nan,-0.32245999999999997,-0.31122,-0.32272,-0.34604,nan,-0.31885,-0.31995999999999997,-0.34404,nan,-0.31167,nan,-0.33598,-0.35758,-0.34303,-0.3378,-0.36805,-0.30311,-0.3431,-0.41647
5.0,-0.35088,-0.5292399999999999,-0.40715999999999997,-0.47172,-0.46684,-0.44501,-0.47045,-0.45476000000000005,-0.48057,-0.48795,-0.47456000000000004,-0.47784,-0.49659,-0.49863999999999997,-0.48585,-0.48628000000000005,-0.49951999999999996,-0.4986,-0.5067,nan,-0.5018699999999999,nan,-0.49325,-0.48468999999999995,-0.51336,-0.52696,nan,nan,-0.5233399999999999,-0.5001,-0.48749,nan,-0.50188,-0.50695,-0.52089,-0.5090100000000001,-0.51948,nan,-0.49253,-0.49322,-0.49668999999999996,nan,-0.51693,-0.50637,-0.49288000000000004,-0.51371,-0.50755,nan,-0.48682,-0.49931000000000003,-0.50061,-0.5008600000000001,nan,-0.5021100000000001,nan,-0.49781000000000003,-0.50625,-0.48778999999999995,nan,-0.47202,-0.49726000000000004,-0.49833,-0.4722,-0.48186,-0.5166,-0.49267,-0.47948,-0.494,-0.47703999999999996,-0.47623999999999994,-0.50142,-0.49259,-0.47991999999999996,-0.49637,nan,-0.47166,-0.45857,-0.4676,-0.48,-0.48741999999999996,-0.46688999999999997,-0.4468,-0.46748999999999996,-0.46993,-0.44703000000000004,-0.44773,-0.44561000000000006,-0.43263,-0.44015,-0.44928,-0.44226000000000004,-0.44836000000000004,-0.44743,nan,-0.42288000000000003,-0.43563,-0.42906000000000005,-0.43362,-0.44578,-0.43906000000000006,-0.41865,-0.42035,-0.41391000000000006,-0.4045,-0.4285,-0.42483000000000004,-0.41497,nan,nan,nan,-0.37615,-0.39019000000000004,-0.40603,-0.40376999999999996,-0.40471999999999997,-0.39125,-0.40021,-0.39393,-0.37359000000000003,nan,-0.38174,nan,-0.38773,nan,nan,-0.39221,-0.3838,-0.36175999999999997,-0.3665,-0.38223,nan,-0.34826999999999997,-0.37435,-0.35475999999999996,-0.33376,-0.35067,nan,-0.36248,-0.35138,-0.35224,nan,-0.3088,-0.34693,-0.32631,nan,-0.3104,-0.3191,-0.30844,nan,-0.26045,-0.25722,-0.26408000000000004,-0.25349,nan,-0.27526999999999996,-0.25208,nan,-0.24988000000000002,-0.23886,nan,-0.24204,-0.22776999999999997,-0.22595,-0.22209,-0.21172,-0.22515,nan,-0.2244,-0.23338000000000003,-0.19727,-0.20901999999999998,nan,-0.16689,-0.17439000000000002,nan,-0.18450999999999998,nan,-0.16201,-0.14864000000000002,nan,nan,-0.13027,-0.12685,-0.12425,-0.10820999999999999,-0.11760999999999999,-0.1162,-0.087492,-0.099881,nan,nan,-0.087508,-0.061841999999999994,-0.067703,-0.064114,-0.037121,-0.048426,nan,-0.070952,-0.068538,nan,-0.045685,nan,-0.022033,-0.010975,nan,nan,-0.014236000000000002,-0.018455000000000003,-0.033464999999999995,-0.01089,nan,0.031598,0.008376100000000001,nan,0.010112000000000001,nan,0.025587000000000002,0.022347,nan,0.062192,0.060603,0.044502,0.05835800000000001,nan,0.049998,0.071133,0.07649299999999999,0.060445000000000006,nan,0.06437899999999999,nan,0.057237,0.07496900000000001,0.076783,0.078649,0.090999,nan,0.10044,0.10513,0.088624,nan,0.09466000000000001,0.08552,0.10944000000000001,0.11794,nan,0.11927,0.10248,0.08365299999999999,0.1021,0.10455,0.10561,0.12978,0.1231,0.088279,nan,0.11888,0.10515,0.12780999999999998,0.12378,nan,nan,0.10487,0.091151,0.10868,0.12915,0.11117,0.10860999999999998,0.13201,0.11509000000000001,0.094315,nan,0.095584,0.12019,nan,nan,0.11872,nan,0.10076,0.10421,0.10962999999999999,0.10297,0.10655999999999999,0.085875,0.09286799999999999,0.12009,0.10759,0.11610999999999999,0.11295999999999999,0.09162200000000001,nan,nan,0.091954,0.094718,0.090128,0.09198300000000001,0.10457000000000001,nan,0.10626,0.10442,0.088415,0.07713099999999999,0.088278,0.095384,0.09199500000000001,0.11475,0.11807999999999999,0.09207,0.11152999999999999,0.11925999999999999,0.10145,0.10686,0.092163,nan,0.11506,0.11257,0.08665700000000001,0.092578,nan,0.086388,nan,0.096058,nan,0.10468,0.10929000000000001,0.10828,0.13163,0.10811,0.092999,0.11936,0.10029,0.094988,0.10984000000000001,0.10627,nan,nan,0.11414,0.094902,0.098675,0.12032999999999999,0.10736,0.10509,nan,0.11413,0.13583,0.1322,nan,0.1083,nan,0.13721,nan,0.10340999999999999,0.1382,0.14662,0.12531,0.13924,0.16042,0.15083,0.13688,0.12792,0.11782999999999999,0.12103,0.13179000000000002,0.13357,0.13764,0.15413,0.14107999999999998,0.13241,0.14908,nan,nan,0.16505999999999998,0.14402,0.14545999999999998,0.1492,nan,0.14503,nan,0.13262000000000002,nan,nan,0.13042,0.13483,0.1318,0.13175,0.14355,0.15537,0.16527999999999998,0.15717,nan,0.1593,0.15522,0.14122,0.15413,0.15995,0.14699,nan,0.16896,0.15019000000000002,0.15149,0.16008,0.14626,0.1607,0.14706,nan,0.16433,nan,0.16032000000000002,0.15566,0.14327,0.14912,nan,nan,0.15057,0.13835,0.1336,nan,0.11964000000000001,0.13024000000000002,0.12879000000000002,0.11862,0.13998,nan,nan,0.10993,0.12242,0.09363300000000001,0.075697,0.064848,0.062709,nan,0.07609099999999999,0.059999000000000004,0.050324,nan,0.050023000000000005,0.053735000000000005,0.048381,0.053167,0.050888,0.034404000000000004,0.053720000000000004,0.030866,nan,nan,0.0055492,-0.031121,0.01991,0.03146,nan,-0.019269,-0.01264,-0.041039,-0.036598,-0.037895,-0.060167,-0.046924,-0.044962,-0.036292000000000005,-0.038182,nan,-0.046031,nan,-0.057746000000000006,-0.053012000000000004,-0.043868,-0.062437,-0.074615,-0.067246,-0.093653,nan,-0.069989,-0.059951,nan,nan,-0.12888,-0.11235,nan,nan,nan,-0.11665,-0.11388,nan,-0.15758,-0.15749000000000002,nan,-0.18,-0.18093,nan,nan,-0.18391,-0.19755999999999999,-0.2101,nan,-0.18524000000000002,-0.22335,nan,-0.19735,-0.217,-0.20988,nan,-0.22485,-0.21915,-0.23376,-0.23342,-0.21238,-0.23415,nan,-0.21915,nan,nan,nan,-0.24886999999999998,nan,-0.24958000000000002,-0.28631,nan,nan,-0.25071,-0.29309,-0.3048,-0.29409,-0.308,-0.2975,-0.29124,-0.29188000000000003,-0.29782,-0.32365,-0.33479000000000003,-0.33898,-0.32813000000000003,-0.34852,-0.36004,nan,-0.35835,nan,-0.35335,-0.35873,-0.33648,-0.37034,-0.38538,nan,-0.36417,-0.36222,-0.37640999999999997,-0.40247,-0.3938,-0.39732,-0.42546000000000006,-0.44819,-0.45006,-0.41918999999999995,-0.43232,-0.44361000000000006,-0.43222,-0.44673,-0.4435,-0.47007,-0.4912,-0.48858999999999997,-0.51852,-0.52909,-0.52547,-0.52981,-0.52444,-0.53142,-0.55671,nan,-0.5695399999999999,-0.5697,-0.57095,-0.58545,nan,nan,-0.59512,nan,-0.59818,-0.69355,-0.7225199999999999,nan,-0.68504,-0.64043,-0.6403,-0.66333,-0.69709,-0.7127,nan,nan,-0.70843,-0.68093,-0.70198,-0.7347600000000001,nan,-0.72082,-0.7206600000000001,-0.73428,-0.7267399999999999,-0.72182,nan,-0.7780699999999999,nan,-0.75475,-0.76884,-0.81447,-0.8183699999999999,-0.83157,-0.8217899999999999,-0.81497,-0.81295,-0.8053600000000001,-0.8333299999999999,-0.84654,-0.8483700000000001,-0.8738100000000001,-0.8617600000000001,-0.84693,-0.8607100000000001,-0.84524,-0.86577,-0.89179,nan,-0.9170200000000001,-0.92947,-0.9222100000000001,-0.9366,-0.93968,-0.94396,-0.95652,-0.95263,-0.97201,-0.98546,-0.9844799999999999,-0.9845299999999999,nan,-0.9880700000000001,nan,-1.0028,-1.0273,-1.0259,-1.0351,-1.0437,-1.0614,-1.0609,-1.0537,-1.0797,-1.0587,-1.0598,-1.0843,-1.0799,nan,-1.0653,nan,-1.0971,nan,-1.1202,-1.092,-1.136,-1.1375,-1.1234,-1.1506,-1.1231,-1.1373,-1.1603,-1.1335,-1.1417,-1.1651,-1.1737,nan,-1.2274,-1.2066,-1.2085,-1.2321,-1.2211,-1.2209999999999999,-1.2415,nan,-1.2874,-1.2757,nan,-1.2978,-1.2948,nan,-1.3011,-1.3155,-1.2972,-1.2779,-1.2946,-1.3324,nan,-1.3345,-1.3638,-1.3875,-1.3826,-1.3851,nan,-1.3777,-1.4216,-1.4387,-1.4407,nan,nan,-1.4804,-1.4734,-1.4654,-1.4812,-1.4921,nan,-1.5107,nan,-1.5109,-1.5344,-1.5248,-1.5292,nan,-1.6149,-1.5913,-1.6117,-1.6173,nan,-1.6003,-1.6356,nan,-1.6544,-1.6603,-1.6577,-1.6802,-1.7015,-1.6992,-1.7021,-1.6917,-1.7122,-1.7443,-1.7424,-1.7638,-1.7615,-1.7559,-1.7696,-1.756,-1.7535,-1.7613,-1.7829,-1.7965,nan,-1.7962,-1.8124,-1.7919,nan,-1.8029,-1.8112,-1.8082,nan,-1.8247,-1.8484,-1.8484,nan,nan,nan,-1.8527,-1.8783,-1.8531,-1.8742,-1.883,nan,nan,-1.8501,nan,-1.8909,-1.8866,-1.8693,-1.8679,-1.881,-1.8804,-1.8765,nan,nan,-1.8911,-1.8806,-1.889,-1.8962,nan,-1.8776,-1.8805,-1.88,nan,-1.8833,-1.8983,-1.9084,-1.909,-1.9072,-1.9005,-1.8847,nan,nan,-1.9094,-1.9066,-1.903,-1.9157,-1.9344,-1.9097,-1.9025,-1.9135,nan,-1.9184,-1.9336,nan,-1.9280000000000002,nan,-1.9079,-1.9388,-1.9237,-1.9146,-1.9442,-1.9396,-1.9359,-1.9496,-1.9371,-1.9234,-1.9169999999999998,-1.925,-1.9165,-1.9092,-1.9338,-1.9142,-1.9121,-1.9143,nan,-1.8914,-1.8898,nan,-1.8775,-1.8931,nan,-1.8779,-1.875,-1.8491,-1.8358,-1.8387,-1.8266,-1.8197,-1.8297,-1.8075,-1.7793,-1.7849,-1.7739,-1.7544,-1.7562,-1.7495,-1.7429,-1.7441,nan,-1.7024,-1.6948,-1.6832,-1.6595,-1.6424,nan,-1.6366,-1.6172,-1.6327,-1.6074,nan,-1.5507,-1.5249,-1.5176,nan,-1.4992,-1.4605,-1.4593,-1.4848,-1.4779,-1.4675,-1.4454,-1.4221,-1.3926,nan,-1.371,-1.3505,-1.3026,nan,-1.3030000000000002,-1.2715,-1.2862,-1.2887,nan,-1.2366,-1.219,nan,-1.1974,-1.1677,-1.1533,-1.1516,-1.1622,-1.1113,-1.0727,-1.1079999999999999,-1.0807,-1.0513,-1.0659999999999998,-1.0188,-0.99539,-0.98682,-0.9606399999999999,nan,nan,-0.88679,-0.88945,nan,nan,-0.81403,nan,-0.7901199999999999,-0.7701600000000001,-0.7422,-0.73068,-0.69492,nan,nan,nan,-0.5876600000000001,nan,-0.5574,-0.52962,-0.49298000000000003,-0.4512,-0.41378000000000004,-0.40499,-0.36962,-0.34891,-0.30851999999999996,nan,-0.24802,-0.19935,-0.21241999999999997,-0.17785,-0.12750999999999998,-0.1055,-0.046099,-0.032685000000000006,-0.010646,0.028822000000000004,0.041750999999999996,nan,0.089537,0.1112,nan,0.17627,nan,0.21574000000000002,0.26534,0.27791,0.30954,0.3506,0.37087,0.419,0.43836,nan,0.46573000000000003,0.49975,nan,nan,0.5764199999999999,0.60929,0.63885,0.6614899999999999,nan,0.72209,0.7318600000000001,0.75303,0.78961,nan,0.8381,0.9098,0.94445,0.9252100000000001,nan,0.9443299999999999,0.98908,1.0234,1.0347,1.07,1.1138,1.1455,1.1884,1.1874,1.189,1.2289,1.2738,1.3273,1.3329,1.3792,1.4156,1.3878,1.4219,nan,1.4737,1.5524,1.5667,1.5797,1.5975,1.5972,1.6602,1.6904,1.6945,1.7774,1.7873,1.7788,nan,1.8561,1.8693,nan,1.9097,nan,nan,nan,1.9929,2.0207,2.0597,nan,2.0909,nan,2.0821,2.1116,2.0846,nan,2.1196,2.0927,2.1165,2.1388,nan,2.1486,2.1467,nan,nan,nan,2.1782,nan,nan,2.1598,2.1599,nan,2.1591,2.1469,nan,nan,2.1322,2.1189,2.1337,2.134,2.114,nan,2.0766,nan,2.0777,2.0583,2.0921,2.0678,2.0573,2.0916,2.043,nan,2.0279,nan,1.9899,1.9814,1.9957,nan,1.9403,1.9416,nan,1.9276,1.9140000000000001,1.9112,1.9089,1.8928,1.8709,1.8571,1.8587,nan,nan,1.8153,1.8037,1.7805,1.7701,nan,1.7877,1.7878,nan,1.7595,1.768,1.7445,1.7035,nan,nan,nan,1.7085,1.6896,1.6915,1.6680000000000001,1.6532,nan,1.6361,nan,1.6228,nan,1.6116,1.6111,1.6005,1.5667,1.5779,nan,1.5846,1.5981,1.5765,1.5665,1.5825,1.5642,1.5530000000000002,1.5717,1.5665,1.5538,1.5530000000000002,1.5530000000000002,1.5531,nan,1.5533,1.5534,1.5478,nan,1.5452,1.5386,1.5115,1.5409,1.5536,1.5351,nan,1.541,1.5298,1.5155,1.5157,1.5281,nan,1.4967,1.5109,1.5092,1.5175,1.5061,1.4837,1.5206,nan,1.4739,1.5119999999999998,1.5089,1.4719,1.4899,nan,nan,1.5131,nan,1.4853,1.4767,1.4705,1.4933,1.5131,1.5128,nan,nan,1.4715,1.4869,nan,1.4814,1.4893,1.4731,1.4764,1.4828,1.4703,1.4942,1.4813,1.4473,1.4622,nan,1.4611,1.4438,1.4531,1.4767,1.4694,nan,1.4572,1.4565,nan,1.4553,1.443,nan,nan,1.4599,1.4534,1.4421,1.4426,1.4451,1.4349,1.4244,1.4137,1.4166,1.4295,1.4185,1.4215,1.4294,1.4298,1.4306,1.396,1.3948,1.4312,nan,1.4168,1.4404,1.4377,1.4188,1.4168,1.4158,1.4158,1.4257,1.4322,1.4229,1.4157,1.4161,1.4046,1.3980000000000001,1.4117,1.412,1.3836,1.3859,1.4244,1.4178,nan,1.4089,1.4295,1.4209,1.3923,1.393,1.4045,1.4011,1.3891,nan,1.3791,1.3591,nan,nan,1.3517,1.3419,nan,1.3217,1.3218,nan,1.3117,1.3023,1.3088,1.3034,nan,1.2783,1.2855,1.3013,1.3077,1.3039,1.2788,1.2621,1.2697,1.2489,1.2378,nan,1.2092,1.228,nan,1.2407,1.2481,1.2232,nan,1.2168,1.2041,1.2124,nan,1.2244,nan,1.2162,1.2232,nan,1.2369,1.2165,1.1926,1.2058,1.2282,1.2203,1.1957,1.2027,1.209,1.1819,1.1875,1.2086,1.1959,1.2032,1.2058,1.1916,1.1946,nan,1.1861,1.2095,1.2012,1.1966,1.2086,1.1877,1.1749,nan,1.1922,1.1969,1.2214,nan,1.1952,1.2002,1.2086,nan,1.1909,1.2156,1.2211,nan,1.2108,1.2104,nan,1.2081,1.1967,1.1853,nan,nan,1.1721,1.2077,1.2208,nan,1.2092,1.1952,1.2096,1.2218,1.1843,1.183,1.219,1.2185,nan,1.2187,1.2194,1.195,1.1966,1.1821,1.1965,nan,1.2076,1.2067,nan,1.2024,1.1886,nan,nan,1.1946,1.2013,1.2124,1.2067,1.209,1.1994,nan,nan,1.2196,nan,1.2228,1.2054,1.1692,1.177,1.1766,1.1528,1.1541,1.1412,nan,1.1909999999999998,1.1571,1.1132,1.1114,1.1131,1.1132,nan,1.1135,1.1265,1.1106,1.0842,1.088,1.081,1.0715,1.0755,1.0508,1.0479,1.0584,1.0582,1.0607,1.0167,0.99702,1.0015,nan,0.9882299999999999,0.97835,0.96514,0.95025,0.9266,0.9193100000000001,0.93101,0.9471700000000001,0.93996,nan,nan,0.94732,0.93404,0.9299,0.89805,0.87705,0.8942,0.89376,0.8813799999999999,0.8720399999999999,0.8559100000000001,0.83195,0.823,0.8267200000000001,0.79591,0.77441,0.7835300000000001,0.76349,0.7275699999999999,0.73127,0.75125,nan,0.70049,0.7258,0.7179300000000001,nan,0.69885,0.69876,0.6803100000000001,nan,0.64268,0.63872,0.6261,0.63168,0.6291899999999999,0.61787,nan,0.59135,0.56581,0.56219,0.57452,nan,0.5548,nan,0.53805,0.5454399999999999,0.5100399999999999,0.511,0.5211600000000001,0.49613999999999997,0.49272,0.50462,0.5082300000000001,0.49187,nan,0.46505,0.4639,0.45235,nan,nan,0.44571000000000005,0.43556999999999996,0.43599,0.43592,0.4391,0.42768,0.405,nan,nan,0.41417,0.41186999999999996,nan,0.41763999999999996,0.3818,0.38,0.37674,0.35908,0.35443,0.35427,0.3647,0.37225,nan,0.35831999999999997,0.34906,0.31235,0.32048000000000004,0.32708000000000004,0.29448,0.2878,0.29957,0.2994,0.30088000000000004,0.2891,0.26058000000000003,0.25948000000000004,0.2706,0.27008000000000004,0.27629000000000004,0.25511,nan,0.23114,0.23231,0.20318,0.17282999999999998,nan,nan,nan,nan,0.19386,nan,0.15793,0.16135,nan,nan,nan,0.12253,0.086026,nan,nan,nan,0.06031,0.049404,nan,nan,0.026124,0.016007,0.006701100000000001,-0.0091063,-0.033247000000000006,-0.043199,-0.05413300000000001,-0.060492,nan,nan,-0.071822,-0.08723099999999999,-0.077819,-0.077593,-0.10951,-0.12927,-0.12855999999999998,-0.13366,-0.15599000000000002,-0.17332999999999998,-0.18581,-0.19805,-0.18649000000000002,nan,-0.22678,-0.21641999999999997,-0.19867,-0.23265,-0.24173000000000003,-0.24325,-0.28047,nan,nan,-0.2798,-0.28463,nan,-0.32577,-0.33714,-0.3477,nan,nan,-0.34404,nan,-0.34815999999999997,-0.36785999999999996,-0.3973,-0.40073000000000003,-0.40973999999999994,-0.43293000000000004,-0.41956000000000004,-0.42523999999999995,-0.43273999999999996,-0.43578999999999996,-0.46316,-0.47358999999999996,-0.47296000000000005,-0.47018999999999994,-0.48068,-0.50854,-0.5295,-0.52973,nan,-0.5605399999999999,nan,-0.5343,-0.58304,-0.5706399999999999,nan,nan,-0.59949,-0.6269399999999999,-0.61332,nan,-0.6229399999999999,-0.63673,-0.66847,-0.65362,nan,-0.67462,-0.68842,-0.68782,-0.66645,-0.6786300000000001,nan,-0.68037,-0.67486,-0.66697,-0.68119,nan,-0.68685,-0.69413,nan,-0.6935399999999999,-0.6924100000000001,-0.70491,nan,-0.69299,-0.71041,nan,-0.71395,-0.73987,-0.71338,-0.6938,nan,-0.72385,-0.71702,-0.72537,-0.71546,-0.72695,-0.7507699999999999,-0.7288399999999999,nan,nan,nan,-0.70709,-0.70824,-0.7027399999999999,-0.72512,nan,nan,-0.7084699999999999,-0.7079300000000001,-0.71296,nan,-0.7154699999999999,nan,-0.70801,-0.70603,-0.7083699999999999,-0.70355,-0.71096,-0.72242,-0.70786,-0.72275,-0.73828,-0.7077,-0.6947300000000001,-0.7199800000000001,-0.71848,-0.67642,-0.67075,-0.69799,-0.6937399999999999,-0.68091,-0.67515,-0.64745,-0.6412100000000001,-0.67015,-0.6691,nan,nan,-0.63856,-0.65127,-0.63864,-0.62852,nan,nan,-0.61928,-0.59506,-0.59743,-0.5967,-0.60402,-0.60987,-0.59168,-0.5837,-0.57355,-0.55757,-0.55594,-0.55409,-0.55829,-0.57096,-0.56019,-0.55257,-0.55534,-0.53362,-0.51589,-0.52613,-0.52976,-0.5250199999999999,nan,-0.52517,-0.48986999999999997,-0.46878000000000003,-0.48298,-0.44548999999999994,-0.41698,nan,-0.40689000000000003,-0.42393000000000003,nan,-0.42233000000000004,-0.40745,-0.43283,-0.40843,nan,-0.41255,-0.38392,-0.3933,nan,nan,-0.35683000000000004,nan,-0.36498,-0.36389,nan,-0.34486,-0.35248,-0.34115999999999996,-0.32216999999999996,-0.34481,-0.35584,-0.33378,nan,-0.34504,-0.32282,-0.33333,-0.32388,-0.29279,-0.29657,-0.29239,-0.28062,-0.29175,-0.28668000000000005,-0.27943,-0.27951,-0.26771,nan,-0.26502,nan,-0.2801,nan,-0.25382,-0.25009000000000003,nan,-0.26729,-0.26621999999999996,-0.25349,-0.23567,-0.26664,-0.27803,-0.23801999999999998,-0.2258,-0.25008,nan,-0.25608000000000003,nan,-0.26626,-0.23892,-0.22168000000000002,-0.2376,-0.23288000000000003,-0.248,-0.26668000000000003,-0.25298000000000004,-0.27393,-0.27289,nan,nan,nan,-0.23696,-0.23819,-0.24255,-0.25715,-0.26835,-0.26852,-0.24464,-0.23385999999999998,-0.2407,-0.23668000000000003,-0.23963,-0.25132,-0.25323,-0.25125,-0.25268,-0.2528,-0.25334,-0.24351,-0.23125,-0.24873,-0.24814,nan,-0.26454,-0.25853000000000004,-0.25061,-0.24874000000000002,-0.23879,nan,-0.24384,-0.23308,-0.24213,-0.23425,-0.22501999999999997,-0.23524,-0.25838,nan,-0.23726999999999998,-0.22701999999999997,-0.2526,nan,-0.25551999999999997,-0.24170999999999998,nan,nan,-0.25305,-0.26531,-0.25104,-0.24040999999999998,-0.25188,-0.239,-0.26298,-0.25126,-0.24115,-0.27271,-0.25032,-0.23589000000000002,-0.26154,nan,-0.24841,-0.25427,-0.25365,-0.25037,nan,-0.24159,-0.2448,-0.28409,-0.28436,-0.27181,-0.30621,-0.32056,-0.30576,-0.30848000000000003,-0.30685999999999997,-0.32082,-0.35126999999999997,-0.36183000000000004,-0.33237,nan,-0.33002,-0.33375,-0.34779,-0.36068,-0.34945,-0.36807,-0.33869,-0.37721,-0.33889,-0.39381
4.0,0.14912999999999998,nan,-0.028926999999999998,0.013803999999999999,-0.097347,-0.052464,-0.053412,-0.091212,nan,-0.056902999999999995,nan,-0.060822,-0.073751,-0.084617,-0.10638,-0.12767,-0.1239,-0.10669000000000001,-0.10887999999999999,-0.12713,nan,-0.17727,-0.19150999999999999,-0.18917,-0.18706,nan,-0.18574000000000002,nan,-0.16663,-0.17895999999999998,nan,-0.1883,-0.18977,-0.18537,nan,-0.2037,-0.19364,-0.19172999999999998,nan,-0.21497,-0.19746,-0.20556999999999997,-0.20613,-0.19909000000000002,-0.20717,nan,-0.23104,-0.2414,-0.23621999999999999,-0.22195,-0.22086,-0.21798,-0.22198,-0.23671999999999999,-0.22798000000000002,-0.22299000000000002,nan,-0.26638,-0.27158000000000004,nan,-0.24291,-0.24286999999999997,nan,nan,-0.27889,nan,-0.30196,-0.28398,-0.31890999999999997,nan,-0.35466,-0.34651,-0.36239,nan,nan,nan,-0.39749,-0.42101000000000005,-0.42095,nan,nan,-0.42,-0.43253,-0.47266,-0.46481999999999996,-0.42007,-0.4487,-0.49361000000000005,-0.47198,-0.45871000000000006,-0.48832,-0.50285,nan,nan,-0.49571000000000004,-0.4863,nan,-0.54272,-0.5483399999999999,-0.53705,-0.54397,-0.55576,-0.57107,-0.57376,-0.5429,-0.54147,-0.56942,-0.5575,-0.54791,nan,-0.5491,-0.57355,-0.58219,-0.5692699999999999,nan,-0.5794,-0.56676,nan,nan,-0.57611,nan,-0.56667,-0.5762,-0.58532,-0.57022,-0.55878,-0.5867399999999999,nan,-0.58685,-0.58649,-0.57477,-0.55213,-0.57198,-0.59723,-0.57522,-0.5522600000000001,-0.56784,-0.59805,-0.60097,-0.5744600000000001,nan,-0.57455,-0.5866399999999999,nan,-0.5645,-0.56914,-0.56889,-0.56705,nan,nan,-0.57998,-0.58913,-0.5799300000000001,nan,-0.5418,-0.56543,nan,-0.57271,-0.56194,-0.57229,nan,-0.5885100000000001,-0.57123,-0.5486300000000001,-0.56171,-0.59582,nan,-0.5686399999999999,-0.564,-0.5713699999999999,-0.56566,-0.56765,-0.5808399999999999,-0.58141,-0.5672699999999999,-0.56462,-0.57886,nan,-0.58636,-0.58739,-0.57562,nan,nan,-0.55523,-0.5532,-0.56991,-0.5685899999999999,-0.56795,-0.5665,nan,-0.57502,-0.55298,-0.55543,-0.58616,nan,-0.56074,-0.60319,-0.56072,nan,-0.55875,-0.56979,-0.5707399999999999,-0.59248,-0.58565,-0.56589,nan,-0.58168,-0.55492,-0.54384,-0.56042,-0.58921,-0.60507,-0.5763,-0.5432100000000001,-0.5516,-0.57377,nan,-0.60006,-0.57343,-0.56021,-0.57457,-0.58658,nan,-0.5582699999999999,-0.57599,nan,-0.5908899999999999,-0.5834199999999999,-0.5852,-0.5703,-0.56771,nan,-0.56843,-0.59655,nan,-0.56748,nan,-0.61932,-0.61388,-0.60318,-0.59711,-0.61307,-0.61715,-0.6172,-0.6447,-0.64131,nan,-0.64276,-0.65218,-0.62536,-0.6341,-0.65375,-0.63818,nan,-0.66491,-0.6687,-0.66918,-0.66927,nan,nan,-0.63318,-0.6328600000000001,-0.65883,-0.66093,-0.63346,-0.64327,-0.6594,nan,-0.63547,-0.6354,-0.6299100000000001,-0.6370899999999999,-0.6504,-0.64941,-0.65284,-0.65245,nan,nan,-0.67091,-0.6554,-0.6415,-0.66171,-0.66787,-0.6410899999999999,-0.6259399999999999,-0.64095,-0.6681600000000001,-0.67385,nan,-0.67373,nan,-0.65004,-0.63537,-0.65275,-0.63502,-0.64762,-0.6687,-0.6529,-0.66095,-0.66327,nan,-0.66693,-0.65178,-0.6321,-0.6514,-0.65223,-0.65464,-0.66945,-0.6555300000000001,-0.64551,-0.6513,nan,-0.62503,-0.65489,nan,-0.63797,nan,-0.66241,-0.66848,-0.6543899999999999,-0.6462399999999999,-0.6550699999999999,nan,-0.65981,-0.63886,-0.6363800000000001,-0.66196,-0.67224,nan,nan,-0.67302,-0.67289,nan,nan,nan,-0.66679,nan,nan,-0.67014,-0.6568,nan,-0.67273,-0.67289,nan,-0.6443,nan,-0.6452600000000001,-0.65292,-0.65466,nan,nan,-0.66886,-0.65823,-0.6444,-0.6344,-0.62956,nan,-0.66889,-0.65358,-0.6543399999999999,nan,-0.66347,-0.64647,-0.6783899999999999,nan,-0.63588,-0.644,-0.6472399999999999,-0.6332800000000001,-0.64945,-0.6460199999999999,-0.6262,-0.63678,-0.64935,nan,-0.6502899999999999,-0.6520699999999999,-0.6523899999999999,-0.6471,-0.65346,-0.65508,-0.63422,-0.64042,-0.6529,-0.624,-0.62703,-0.65449,nan,nan,-0.6424300000000001,-0.6523899999999999,nan,-0.6510699999999999,-0.6503899999999999,-0.6522899999999999,-0.6430600000000001,nan,nan,-0.6682899999999999,-0.64823,-0.6335,-0.65281,-0.63302,-0.60492,-0.62676,-0.65096,-0.64858,-0.65382,-0.6512,-0.6330899999999999,-0.64907,-0.66999,nan,-0.6449600000000001,-0.65494,-0.65031,-0.64825,nan,-0.6632600000000001,-0.63613,nan,-0.64965,-0.64605,-0.62054,-0.62789,-0.6302,-0.6201300000000001,nan,-0.6285,-0.6178600000000001,-0.63381,-0.6376,-0.6303,-0.63544,-0.6252300000000001,-0.5959800000000001,-0.58362,-0.60335,-0.60925,nan,nan,-0.60455,nan,-0.57088,-0.58622,-0.56986,-0.57549,-0.58308,-0.56953,nan,nan,nan,-0.5997,-0.57121,-0.5282899999999999,-0.56885,-0.5907100000000001,nan,-0.59086,-0.60442,-0.58029,-0.5633600000000001,-0.5695600000000001,nan,nan,-0.55502,nan,-0.49908,-0.52423,-0.57177,nan,-0.55013,-0.5759,-0.5702,-0.54125,-0.5323,-0.53781,-0.54981,-0.54873,-0.5221600000000001,-0.5215,-0.5486,-0.5372100000000001,nan,-0.51979,-0.51547,nan,-0.53493,-0.50644,-0.50612,nan,-0.5203800000000001,nan,-0.52623,-0.49755,-0.49926000000000004,-0.5149199999999999,-0.51635,nan,nan,-0.5171399999999999,-0.51218,-0.48673,-0.4956,nan,-0.48611000000000004,nan,-0.52151,-0.48755,nan,nan,-0.48571000000000003,-0.48527,-0.48599,nan,nan,nan,-0.5164,-0.50675,-0.47867,-0.48344,-0.50912,nan,-0.51878,-0.50616,nan,-0.48573,-0.50293,-0.50716,-0.49051000000000006,-0.48543000000000003,-0.47566,-0.44111000000000006,-0.44465,-0.48778999999999995,-0.48223999999999995,-0.44875,-0.45929,nan,-0.45343,-0.45716,-0.4502,-0.41913,nan,-0.44848000000000005,-0.42078000000000004,nan,-0.45716,-0.42945,-0.40635,-0.39855,nan,-0.41991000000000006,nan,-0.38659,-0.40881999999999996,-0.40671999999999997,-0.38768,-0.39053000000000004,-0.40545,-0.39421,-0.36812,-0.37729,-0.40463000000000005,-0.39531,-0.37923,-0.38981,-0.39028,-0.37162,-0.3714,nan,-0.35301,-0.36075999999999997,nan,-0.35455,-0.36064,-0.37032,nan,-0.33660999999999996,-0.34435,-0.35658,nan,-0.36465,nan,nan,nan,nan,-0.34434000000000003,nan,-0.32658000000000004,-0.31953000000000004,nan,-0.30375,-0.32658000000000004,-0.33163000000000004,-0.30276,-0.32450999999999997,-0.35466,-0.32163,-0.30433000000000004,-0.32364,nan,-0.27041,-0.3113,-0.3343,-0.30595,-0.28792,-0.28535,-0.2876,nan,-0.28625,-0.29902,-0.30259,-0.30538000000000004,nan,-0.28246,-0.27116,-0.3034,-0.3124,-0.28905,nan,-0.30337,-0.30114,-0.3066,-0.30466,-0.28546,-0.29782,nan,nan,nan,-0.31009000000000003,-0.30373,-0.30278,-0.30194,-0.30716,-0.32175,-0.31005,-0.29974,-0.30418,nan,-0.27921999999999997,-0.29372,-0.30515,-0.30143000000000003,-0.31088000000000005,-0.32213,-0.32186,nan,-0.29101,-0.28998,-0.33789,-0.36778,-0.34129,-0.3374,-0.36604000000000003,-0.36052,-0.35565,-0.3834,nan,nan,-0.38866999999999996,-0.39219,-0.37479,-0.3696,-0.37029,nan,nan,-0.40463000000000005,-0.40176999999999996,-0.4119,-0.41891000000000006,-0.41975,-0.43143000000000004,-0.43188000000000004,-0.41736999999999996,-0.41716000000000003,nan,-0.44123,-0.45448,-0.45237,-0.45705,-0.47303999999999996,-0.47213,nan,-0.47791999999999996,-0.48536,-0.47063999999999995,-0.47605,-0.48548,nan,-0.50565,nan,-0.53745,-0.5382899999999999,-0.52217,-0.52313,-0.55309,-0.56684,nan,-0.54461,-0.52086,nan,-0.54133,-0.55361,-0.57694,-0.5965,nan,-0.6188,-0.63999,nan,-0.6689,-0.66795,-0.66837,nan,-0.68698,-0.70489,-0.67883,-0.67272,-0.71345,-0.72102,nan,-0.73646,-0.7351800000000001,-0.73807,-0.75469,-0.75307,-0.7469600000000001,-0.75618,-0.76877,-0.7805,-0.79223,-0.80404,-0.81909,-0.8303200000000001,-0.83457,-0.8347100000000001,-0.8473799999999999,-0.85615,-0.83734,-0.83719,-0.8732700000000001,nan,nan,-0.9168200000000001,-0.91064,-0.92564,-0.9308200000000001,-0.91359,-0.93755,-0.9441700000000001,nan,-0.9708,-0.97229,-0.9486600000000001,nan,-1.028,-1.0333,-1.0503,-1.0512,nan,-1.0529,-1.0657,-1.0693,-1.0989,-1.1155,-1.0992,nan,-1.1343,-1.1327,-1.1598,-1.2071,-1.2106,-1.197,-1.2138,-1.2372,-1.2309,nan,-1.2544,nan,-1.2821,-1.2819,-1.315,-1.3288,-1.314,-1.3271,-1.3528,-1.3649,nan,-1.3795,-1.3815,-1.3956,-1.3978,-1.3967,-1.415,nan,nan,-1.4297,-1.431,-1.4159,-1.4139,nan,nan,-1.4927,-1.4994,-1.5142,-1.4989,nan,nan,-1.5281,-1.5382,-1.5417,-1.5299,nan,-1.5643,-1.5789,-1.579,-1.5948,-1.6217,-1.6274,-1.6243,-1.6442,-1.6640000000000001,-1.6469,-1.6124,-1.618,-1.6513,nan,-1.6947,-1.7213,-1.7469999999999999,-1.7476,-1.7362,-1.7503,-1.7621,nan,-1.7316,-1.7634,nan,-1.7291,-1.7579,-1.7788,-1.7493,-1.7503,nan,-1.7796,-1.7698,-1.7797,-1.7773,-1.7597,-1.7679,-1.8036,nan,nan,-1.8048,-1.8129,-1.8233,-1.8319,-1.8459,-1.8449,-1.844,nan,-1.8872,-1.8456,-1.8584,nan,-1.8607,-1.8691,-1.8791,-1.8765,-1.8931,-1.8958,-1.8896,-1.8949,-1.8938,-1.8918,-1.892,-1.8954,-1.8946,-1.8877,-1.8969999999999998,-1.9095,-1.9023,-1.9172,-1.9264,-1.8852,-1.8797,-1.9166,-1.9125,nan,-1.9214,nan,nan,-1.9052,-1.929,-1.9116,-1.8895,-1.9011,nan,-1.896,-1.889,-1.8959,nan,-1.923,-1.9198,-1.9042,-1.9080000000000001,-1.9242,-1.9124,-1.8727,-1.8559,-1.8726,-1.87,nan,nan,-1.8183,-1.8087,-1.7973,nan,-1.7554,-1.7797,-1.7957,-1.7797,-1.7782,-1.78,-1.7419,-1.7232,-1.7481,-1.7485,-1.7359,nan,nan,-1.6826,-1.685,-1.6901,nan,-1.6381,-1.6417,-1.6287,-1.6257,nan,-1.6297,-1.6311,-1.5927,nan,-1.5595,-1.5308,-1.5383,-1.5346,-1.482,-1.4585,-1.4621,nan,nan,-1.4253,nan,-1.3818,-1.395,-1.3837,-1.357,-1.3483,-1.327,-1.2998,-1.2781,-1.2521,-1.2398,-1.2199,-1.1846,-1.1659,nan,-1.1448,-1.1218,-1.0904,-1.0797,nan,nan,-1.0342,-1.0309,-1.0051,-0.95962,-0.9472299999999999,-0.9491,-0.9131100000000001,nan,-0.8877200000000001,-0.87051,-0.8021699999999999,-0.7730600000000001,-0.7621,-0.72372,-0.7065600000000001,-0.68557,-0.6343300000000001,nan,nan,-0.55991,-0.53888,-0.51713,-0.48385,-0.45022,-0.41476,-0.3705,-0.32127,-0.28918,nan,-0.23609000000000002,-0.2198,-0.21029,nan,-0.097509,nan,-0.018759,nan,0.053113,nan,0.12139000000000001,nan,nan,0.26805,0.29341999999999996,0.31661999999999996,nan,nan,0.45976000000000006,nan,0.52569,nan,nan,nan,0.70235,0.74502,0.78654,0.8608899999999999,0.9039,0.90586,0.94176,0.9942799999999999,1.0152,1.055,1.1163,1.1521,1.2,1.2611,1.3069,1.361,nan,1.4184,1.4907,nan,nan,1.6597,1.6768,1.6991,1.7531,1.7985,1.861,1.9073,1.9274,nan,2.002,1.9969999999999999,2.0344,2.0869999999999997,2.1291,2.1622,2.184,2.2216,nan,2.244,2.2703,2.3072,2.2911,2.2719,nan,2.331,2.3126,2.3036,2.322,2.3275,2.3264,nan,nan,nan,2.3347,nan,2.323,2.3252,2.3371,2.3126,2.2941,2.3076,2.3114,nan,2.3125,2.2692,2.2271,2.2293,2.219,nan,2.1586,2.1618,2.1430000000000002,2.1124,2.1162,2.1169,nan,nan,2.0106,1.9845,1.9841,1.9988,1.9962,1.9880000000000002,1.9667,1.9446,1.9459,1.9409999999999998,1.9228,1.9143,1.9144,nan,1.8909,1.8652,1.8699,1.8846,1.8603,1.8312,1.8435,1.8424,1.8004,1.7789,nan,1.7794,nan,1.7848,1.7736,1.7481,1.7322,1.7358,1.7531,1.7772,1.7873,1.7719999999999998,1.7654,1.7685,1.7531,1.7515,1.7652,1.7447,nan,1.7727,1.7876,1.7565,nan,1.7974,1.7393,1.7549,1.8009,1.7701,nan,1.7826,1.764,1.7642,1.7625,1.7713,1.7819999999999998,1.743,1.7409999999999999,1.7852,1.7845,1.7767,1.7803,nan,1.7612,1.7734,1.7811,nan,1.7469999999999999,1.7590000000000001,1.7807,1.7692,nan,nan,1.7675,1.7473,1.758,1.7834,1.7847,1.7712,1.7915,1.7976,1.7667,1.781,1.7962,1.78,nan,1.7819,1.7481,nan,1.7988,1.7773,1.7954,1.7941,1.771,nan,nan,1.7630000000000001,1.775,1.7972,1.7853,1.7809,nan,1.7643,1.7858,1.7948,1.7634,nan,1.7761,1.7812,nan,1.7783,nan,1.778,1.7639,1.7784,1.7735,1.7483,1.7497,1.7388,nan,1.749,1.7273,1.7158,1.7313,1.7087,1.6966,1.7211,1.7168,1.6902,1.6795,1.6828,nan,1.6740000000000002,nan,nan,1.6232,1.6521,1.6399,1.6001,1.6148,1.6019,nan,1.5817,nan,1.5321,1.564,1.5631,1.5467,1.5697,1.56,1.5284,1.5425,1.5502,1.5224,1.5181,1.5118,1.4853,1.4947,nan,1.4479,1.4336,1.4275,1.4174,1.4316,1.422,1.3818,nan,1.4183,1.3942,1.3594,1.3662,1.371,1.3636,nan,1.3686,nan,1.3504,1.3514,1.3431,1.3159,1.2989,1.3004,1.3008,1.3028,1.2995,1.2862,1.2835,1.2836,1.2835,1.2799,1.2482,1.2371,1.2653,1.2641,1.2475,1.2515,1.242,nan,nan,1.2216,1.1961,nan,1.2127,1.1583,1.165,1.1881,1.1687,1.1873,1.2103,1.1779,nan,nan,1.176,1.1509,1.1513,nan,nan,1.1831,1.1894,1.1852,1.1845,1.1603,nan,1.1629,1.1851,1.1764,1.161,1.15,1.1497,1.1587,1.1423,nan,nan,1.151,1.1143,1.1322,1.1539,1.149,1.1524,1.1544,1.1429,1.1358,1.1362,nan,1.1134,1.1225,nan,1.1013,nan,1.1184,1.0872,1.1084,1.1369,nan,1.0717,nan,1.1002,1.0753,1.0709,1.0953,1.1028,1.0867,1.0914,1.0804,1.0533,1.0741,1.0823,nan,1.0518,1.0485,nan,nan,1.0504,1.0251,1.0197,1.0221,1.0103,1.0013,1.0019,1.0124,nan,1.0145,nan,0.9974700000000001,0.9982,0.96939,0.9761200000000001,1.0046,0.9974299999999999,0.97262,0.95986,0.94725,0.9356,0.9360799999999999,nan,0.9375,0.93658,nan,0.8955200000000001,0.9090600000000001,0.93501,0.9245399999999999,0.8950600000000001,0.9043200000000001,nan,nan,0.88761,0.88966,0.85515,0.83698,0.85667,0.8679399999999999,0.87751,0.8614200000000001,0.8378399999999999,0.8451700000000001,0.8183600000000001,0.80842,0.8519700000000001,0.83224,0.79915,0.8210200000000001,nan,0.82196,0.8175399999999999,0.7909999999999999,0.7954399999999999,0.80662,nan,0.76252,nan,0.74302,0.75502,0.7337100000000001,nan,0.72231,0.72238,nan,0.69828,0.68847,0.7047800000000001,nan,0.66713,0.66975,nan,0.66735,0.67311,nan,nan,0.64302,0.65501,nan,nan,0.64157,0.62857,0.61573,0.6279899999999999,nan,0.5614399999999999,0.57325,0.61251,0.59554,0.55801,0.5667300000000001,0.5721,0.5453100000000001,nan,0.55935,0.54133,nan,0.5294300000000001,0.5412399999999999,0.54179,0.53603,nan,nan,0.534,nan,0.5253399999999999,nan,0.48008,0.47918999999999995,0.49033999999999994,0.47807,0.47753,0.49506999999999995,nan,0.45105,0.47665,0.48808,0.44821000000000005,0.43288000000000004,nan,0.43908,nan,nan,0.42041000000000006,0.40818000000000004,nan,0.40865999999999997,nan,0.40705,0.41595,0.42566000000000004,0.39429000000000003,nan,0.37801,0.38725,0.34656,0.35548,0.37414000000000003,nan,0.30864,0.35599000000000003,0.35036999999999996,0.30933,0.32588,nan,0.32209,0.30831,0.30896,nan,0.30773,0.29659,0.2992,nan,0.33102,0.30585999999999997,nan,0.34079,0.3099,0.28134000000000003,0.29814,0.30869,0.29741999999999996,0.29481999999999997,0.30823,0.31311,0.29093,0.27447,0.28991,0.3081,0.30648000000000003,0.30865,0.31118,0.28962,0.27476,nan,nan,0.28052,0.27783,0.29131,0.29281999999999997,nan,0.29098,0.27646,0.28552,0.29023000000000004,nan,0.25995,nan,0.28836,0.26058000000000003,0.26779000000000003,0.27707,nan,nan,0.28835,0.27474,nan,0.29936,nan,nan,0.26386,0.24966,0.24033000000000002,0.24051999999999998,0.25275,0.26411,nan,0.24285,0.24404,0.23803000000000002,0.22393000000000002,0.22521,0.22401,0.22629000000000002,0.22693000000000002,0.21075,0.2175,0.22319,0.19699999999999998,0.20457999999999998,0.2283,nan,0.20442000000000002,nan,0.20776,0.20684,0.22107,0.22405999999999998,0.2089,0.20484000000000002,0.22141,nan,nan,nan,nan,0.22482,nan,0.18673,0.17811,0.19179000000000002,nan,0.18152000000000001,0.21306999999999998,0.21615,0.19239,0.19979,0.20879,0.19474,0.20126,nan,0.17983,nan,0.20546,0.20829,0.20576,0.22244,nan,0.1946,0.17933,0.17452,0.17639000000000002,0.19063,nan,0.16872,0.15774000000000002,0.16842000000000001,nan,0.19138,0.17800000000000002,0.16645,0.15517,nan,0.16545,0.13878,0.12909,nan,nan,0.11324000000000001,0.14690999999999999,0.15003,0.12772999999999998,0.13176,nan,0.13399,nan,0.12943,0.14271,0.13699,0.12224000000000002,0.12619,0.13202,0.11327999999999999,0.11473,0.14124,0.13817000000000002,0.12079000000000001,0.12754000000000001,nan,nan,0.13413,0.14269,0.13938,nan,0.1357,0.10639000000000001,0.15216,0.17351,0.124,0.12914,nan,0.15149,0.12704000000000001,0.13288,0.1558,nan,0.13151,0.1286,nan,0.17415,0.1887,nan,0.1894,nan,0.14985,0.17213,nan,nan,nan,0.20803000000000002,0.19282,0.2012,0.21711,nan,0.21802,0.1881,0.20742,0.24088,0.22376999999999997,0.25124,0.29589,0.27884000000000003,0.28305,nan,nan,0.298,0.3113,0.28705,nan,0.30701,0.30785999999999997,nan,0.30884,nan,0.31146999999999997,0.32350999999999996,0.32794,0.32272,0.32605,nan,0.30776,nan,0.27469,0.28486,0.30751,nan,0.29113,0.31514000000000003,0.32252,nan,0.28589000000000003,0.30972,0.30243000000000003,0.29148,0.3063,0.3031,0.29235,0.30506,0.31112,0.30788000000000004,0.30682,0.29651,0.29557,nan,0.30946999999999997,0.29511,0.29502,0.29085,0.27716999999999997,0.28276,0.29583000000000004,0.29204,0.29916,nan,0.32256999999999997,0.29794,0.28404,0.3047,0.324,0.31514000000000003,nan,0.2916,0.29131,nan,0.30769,0.29072,0.30844,0.37135999999999997,0.38921999999999995,0.37299,0.39794,0.40786,0.38895,0.40274,nan,nan,0.39,0.4009,0.42161000000000004,0.42149,0.39363000000000004,0.39216,nan,0.42185,0.39350999999999997,0.40013000000000004,0.40651,0.39042,0.40963999999999995,0.43655,0.42001000000000005,0.40602,0.42144,nan,0.4068,0.40660999999999997,0.41336000000000006,nan,0.42823,nan,nan,nan,nan,0.41478999999999994,0.42521000000000003,0.40807,0.40696,nan,0.38905,0.39073,0.37945999999999996,0.3478,0.34084000000000003,0.33626999999999996,0.30641,0.31551,0.3423,nan,0.29098,0.30796999999999997,nan,0.2633,0.28535,nan,nan,0.28719,nan,0.31022,0.29554,0.25977,0.22364,0.22369,0.22191,0.20631,nan,0.17876,0.18367999999999998,0.21055,0.20377,nan,0.1612,0.17446,0.16898,0.14937,0.14335,0.14456,0.13652999999999998,0.11954000000000001,nan,0.076089,nan,0.069194,0.041447000000000005,0.068837,0.07033500000000001,0.060484,0.058123,0.015072,nan,0.07216,nan
3.0,-0.6376,-0.7459899999999999,-0.63812,-0.7215199999999999,-0.67079,-0.7083699999999999,-0.68999,-0.74822,-0.72649,-0.71318,-0.75162,-0.74736,-0.74295,nan,-0.7613,-0.74858,-0.75947,-0.7478100000000001,nan,-0.77384,-0.77566,nan,-0.78249,-0.79269,-0.76942,-0.79527,-0.80292,-0.81367,-0.7979,-0.80432,-0.82906,-0.8152,-0.8112199999999999,nan,-0.85006,-0.84041,-0.88464,-0.86108,-0.9002100000000001,nan,-0.88275,-0.90359,-0.88008,-0.89312,-0.8852200000000001,-0.9266399999999999,-0.92365,-0.9237799999999999,-0.89585,-0.93329,-0.9239,-0.9525299999999999,-0.95881,nan,nan,-0.9416100000000001,nan,-0.97849,-0.9746600000000001,-0.9766100000000001,-0.97744,-0.99203,-0.98774,-0.97831,-0.99061,-0.98918,-1.0135,-1.0197,-1.0054,nan,-1.0128,-1.0091,nan,-1.0294,-1.0434,-1.0203,-1.0218,nan,-1.0196,-1.0446,-1.0323,-1.0438,-1.043,-1.0566,-1.0442,nan,-1.0674,nan,-1.0638,-1.0454,nan,-1.0685,-1.0479,-1.0897,nan,-1.0991,-1.0714,nan,-1.0998,-1.0975,-1.1084,-1.1129,-1.0996,-1.1088,-1.1389,-1.1273,-1.1301,nan,-1.1244,-1.1420000000000001,-1.1358,-1.1244,-1.1266,-1.1404,-1.1526,-1.1555,-1.1376,-1.1520000000000001,-1.1385,-1.1613,-1.1791,-1.1526,-1.1821,-1.1867,-1.1777,-1.1748,-1.1654,-1.1802,-1.1641,-1.1815,nan,-1.1806,-1.2009,-1.2028,-1.1638,-1.1835,-1.1926,-1.1978,-1.2036,nan,nan,-1.1991,-1.1749,-1.1812,-1.1946,-1.1932,-1.194,-1.2195,-1.2171,-1.2449,-1.2186,-1.198,-1.2179,nan,nan,nan,-1.2134,-1.2171,-1.2216,nan,-1.2151,-1.1925,-1.1945,-1.2189,-1.2339,-1.2211,-1.2178,nan,-1.1987,-1.2251,-1.2253,-1.2171,-1.2131,-1.2051,-1.2038,-1.2108,-1.2164,-1.2089,-1.2193,nan,-1.2322,nan,-1.2148,-1.2183,-1.2234,-1.1943,-1.2109,-1.2008,-1.2092,-1.2222,-1.1906,nan,nan,nan,nan,-1.1944,-1.1811,-1.1783,-1.1794,-1.1869,-1.1974,nan,-1.1889,-1.1788,-1.1589,-1.1689,-1.1822,-1.1724,nan,-1.2008,-1.1517,nan,nan,-1.1536,-1.1412,-1.1375,-1.1378,-1.1397,nan,-1.1558,-1.1539,-1.1332,-1.1387,-1.1391,-1.1329,-1.1091,-1.1289,-1.1395,-1.1266,-1.1008,nan,-1.1283,-1.0923,-1.0813,-1.0842,-1.0854,-1.0746,-1.075,-1.0816,-1.0667,-1.0718,-1.0692,-1.0539,-1.0445,nan,-1.0313,-1.069,-1.0616,-1.0449,-1.0393,nan,-1.0115,-1.02,-1.0445,-1.0207,-1.0109,-1.004,-1.0173,nan,nan,-0.9908299999999999,nan,-0.98072,-0.9715600000000001,-1.0058,-0.9682200000000001,-0.97896,nan,nan,-0.96539,-0.93826,-0.9321,-0.94034,-0.94578,-0.93529,-0.93261,-0.9094899999999999,-0.9243100000000001,-0.8979600000000001,-0.8930100000000001,-0.90009,-0.8701,-0.8783200000000001,-0.8724799999999999,-0.87251,nan,-0.87516,-0.86065,nan,-0.83188,-0.83255,-0.8366399999999999,-0.81507,-0.82737,-0.77527,-0.79815,nan,-0.77851,nan,-0.77142,-0.76067,-0.77423,nan,-0.75051,-0.76636,-0.77179,-0.75217,-0.7507699999999999,-0.75718,nan,-0.7485,nan,-0.7351,-0.70873,-0.71532,-0.70506,-0.6773600000000001,nan,-0.67535,-0.68208,-0.66793,-0.64615,-0.65578,-0.6652899999999999,-0.64694,-0.6250899999999999,-0.6262,-0.5998600000000001,-0.58324,-0.59783,-0.58565,-0.59168,-0.59451,nan,nan,nan,-0.57528,-0.57268,-0.58557,-0.56214,-0.5626,nan,-0.5454100000000001,nan,-0.52136,nan,-0.5259699999999999,nan,-0.51978,-0.49516000000000004,-0.49686,-0.49286,nan,nan,-0.44561999999999996,-0.45083,nan,-0.44983,-0.43396,-0.42313,-0.42363999999999996,-0.40736,-0.42406000000000005,-0.38771,-0.39633,-0.41305,-0.40373000000000003,-0.40578000000000003,nan,-0.35949000000000003,-0.35444000000000003,-0.37305,-0.35982,-0.3424,-0.35407,-0.32697,nan,-0.32686,-0.34236,-0.32069000000000003,-0.29289,nan,nan,-0.28443,nan,-0.26582,nan,-0.27463000000000004,-0.26947,-0.2598,nan,-0.2464,-0.23424,-0.20655,-0.23226999999999998,-0.22278,nan,-0.20047,nan,-0.18692,-0.17189000000000002,-0.18278,nan,nan,-0.17556,-0.16488,-0.1644,-0.15185,nan,-0.15266,-0.16675,nan,-0.1555,-0.11979000000000001,-0.1169,-0.12003,-0.10684,-0.11341,nan,-0.11150999999999998,-0.11172,nan,-0.1135,nan,-0.084106,-0.099215,-0.11265,-0.10098,-0.084475,-0.08641599999999999,-0.064816,nan,-0.058738,-0.056523000000000004,-0.05362000000000001,-0.037673000000000005,-0.051549,-0.05355,-0.044056,-0.042538,-0.046947,-0.05789,-0.017647,-0.041791,-0.035148,-0.02658,-0.025299000000000002,-0.0055634,nan,nan,nan,nan,-0.00022851,-0.023976,-0.006492699999999999,0.007885,-0.0030664,0.024275,nan,-0.0053958,0.008964100000000001,nan,nan,0.015225,0.019415,0.022363,0.036062000000000004,0.027464,0.038474,nan,nan,0.039755,0.023127,0.053538,0.050219,nan,0.027749,0.016381,0.07045900000000001,0.072244,0.053552999999999996,0.050653,0.0595,nan,0.045219,0.035349,0.043014,0.051351999999999995,0.053745,0.062885,nan,0.06287000000000001,0.052038,nan,0.078516,0.07485399999999999,0.091428,nan,0.058458,0.074027,nan,nan,0.099097,0.10362,0.089795,nan,nan,nan,0.10407000000000001,0.10647000000000001,0.092441,0.10079,0.11087999999999999,0.085869,0.086177,nan,0.11513,0.086137,0.09540599999999999,0.089338,0.09588300000000001,0.12239000000000001,0.13005999999999998,0.10353,0.09065,0.10328,0.11746,0.10879000000000001,0.10274000000000001,0.11542000000000001,0.1249,0.14003,nan,0.095266,0.13125,0.1265,0.11824000000000001,nan,nan,0.10542,0.11696,0.11798,0.1053,0.11535,0.1191,0.12509,0.1393,0.11265,0.11600999999999999,0.13912,0.12684,0.1401,0.14227,nan,0.14664000000000002,0.12845,0.11739000000000001,0.13074000000000002,nan,0.13242,nan,0.14558,0.12839,0.11963,0.14684,0.1376,0.13596,0.14991,0.14122,0.13067,0.13296,nan,nan,0.14474,0.1191,0.11391,nan,0.12574000000000002,nan,nan,0.12342,nan,nan,0.12237999999999999,nan,nan,0.13155999999999998,0.11431,nan,0.1445,0.10605999999999999,0.1245,0.16338,0.11460999999999999,0.11649000000000001,0.15932000000000002,0.1446,0.12237,0.11742999999999999,0.11949000000000001,0.11917,0.14068,nan,0.13413,nan,nan,0.13003,0.14712999999999998,0.12947,0.13865999999999998,0.094252,0.12030999999999999,0.12667,0.12402,0.12529,0.095453,0.09032799999999999,0.09957,nan,0.1196,0.1315,0.11639000000000001,0.11699999999999999,nan,nan,nan,nan,0.10955,0.10568,0.10776,0.1402,0.13276,nan,0.12650999999999998,0.10437,0.12021,nan,nan,0.12947,0.10469,0.11579,0.11122,0.085701,0.12861,0.11164,0.12247000000000001,0.1213,0.10737999999999999,nan,0.085797,0.11896,0.1087,0.094408,0.11939000000000001,0.11715,0.11688,0.10475999999999999,0.11687,0.10747999999999999,0.11344000000000001,0.12093,nan,0.1196,0.11840999999999999,0.11517000000000001,0.10102,0.11534000000000001,0.13167,nan,0.096198,0.11703,0.10475999999999999,nan,0.12055999999999999,0.10396,nan,0.11900999999999999,nan,nan,0.12280999999999999,0.12982,nan,0.10432000000000001,nan,0.11742999999999999,0.10389000000000001,0.12068,0.1152,0.090568,nan,0.11773,0.12019,0.096419,0.099707,nan,0.11731,nan,nan,0.10325999999999999,0.10762000000000001,0.10514000000000001,nan,0.12796,nan,0.11706,0.10496,0.11635,0.098885,0.074389,nan,0.11427999999999999,0.12322000000000001,0.10284000000000001,nan,0.11080999999999999,nan,0.11082,nan,nan,0.090901,0.10597000000000001,0.11715999999999999,0.10475999999999999,nan,0.079664,nan,nan,0.10315,0.11813,0.10580999999999999,0.089187,0.09295,0.092823,0.088431,0.07829,0.09246599999999999,nan,0.06304,0.076703,nan,0.060127,0.071133,0.037072,0.067191,0.06727000000000001,0.047637,nan,nan,nan,0.028689999999999997,0.052735000000000004,0.036994,0.066577,0.048757999999999996,0.022692,0.025567,nan,nan,-0.021344,0.025949,0.018443,-0.010626,-0.0017678000000000001,nan,nan,-0.015382,nan,-0.0056649,-0.017425,-0.016928,nan,-0.016729,-0.02845,nan,-0.046119,nan,-0.035611000000000004,nan,nan,-0.052101,-0.039164,-0.051384000000000006,-0.074324,-0.066198,-0.058821000000000005,-0.07210599999999999,-0.085561,-0.098821,-0.086418,nan,-0.09641,-0.097586,nan,-0.094805,-0.11027,-0.12579,-0.099601,-0.13364,-0.16462000000000002,-0.13117,-0.14282,-0.152,-0.15312,nan,-0.15157,nan,-0.15342999999999998,nan,-0.16724,-0.16439,nan,-0.17009000000000002,nan,nan,-0.2099,-0.21589,-0.24536,-0.21855,-0.24975999999999998,nan,nan,-0.27386,-0.26166999999999996,-0.26839,-0.28486999999999996,nan,-0.27836,-0.27096,nan,-0.29886999999999997,-0.31535,nan,nan,nan,-0.33061999999999997,nan,-0.36876,-0.38188,-0.38151,-0.39296,nan,-0.37339,-0.40838,-0.41958999999999996,-0.39876999999999996,nan,-0.41236999999999996,-0.41693,-0.45571000000000006,-0.44514,-0.4362,nan,-0.47713999999999995,-0.46512,nan,-0.50169,-0.50237,-0.5128699999999999,-0.51748,-0.52107,-0.53762,-0.5477,-0.5634399999999999,-0.57357,-0.58891,-0.5952,nan,-0.5754,-0.5985699999999999,-0.58498,nan,-0.58686,-0.58982,-0.62141,-0.62395,-0.63203,-0.64105,nan,-0.64126,nan,-0.64758,nan,-0.66789,-0.67904,-0.66619,-0.68069,-0.68018,-0.691,-0.71275,-0.75262,-0.7467,-0.72075,-0.75178,-0.72683,-0.76244,nan,-0.74759,nan,-0.75746,-0.77603,nan,-0.78876,nan,-0.80043,nan,-0.82889,-0.80485,nan,-0.80987,-0.8286899999999999,-0.84244,nan,-0.88105,nan,nan,-0.87608,nan,-0.8821,-0.8826200000000001,-0.8961399999999999,-0.90341,-0.94875,-0.91604,-0.9237700000000001,-0.9308299999999999,nan,nan,nan,-0.9533200000000001,nan,-0.97341,nan,-0.93161,-0.9546899999999999,-0.9905200000000001,nan,-0.9868399999999999,-0.99113,-0.98841,-0.98666,-1.0057,-1.0202,-1.0128,-1.0183,-1.0106,-0.99884,-1.0074,-1.0156,-1.0009,nan,-1.0182,-1.0049,-1.0018,-1.0302,-1.01,-0.99695,-1.0159,-1.0071,-0.99997,-1.0067,nan,-1.0290000000000001,-1.0324,-1.025,-1.0203,-1.0443,-1.015,-1.0047,-1.018,-1.0056,-1.0001,-1.0245,-1.0336,-1.0262,-1.0302,-0.9910700000000001,-1.0081,-1.0281,-1.0175,-1.03,-1.0137,nan,-0.9781200000000001,-1.0049,-0.9912,-0.97869,-0.96346,-0.97475,nan,-0.9619,-0.9481799999999999,nan,-0.94621,nan,-0.91401,nan,-0.90955,-0.90691,-0.8946200000000001,-0.89631,-0.89669,nan,-0.8958,-0.87797,-0.83106,-0.83691,-0.8271200000000001,nan,-0.78115,nan,-0.78955,nan,-0.78623,nan,-0.7340899999999999,-0.7491300000000001,nan,-0.70843,-0.66897,-0.6512899999999999,-0.67148,nan,-0.6149100000000001,nan,nan,-0.59588,-0.57924,-0.5581,-0.5657800000000001,-0.52005,nan,nan,-0.46479,-0.47708999999999996,nan,-0.46508,-0.42288000000000003,-0.37633,nan,-0.38788,-0.3897,nan,nan,nan,-0.2808,-0.2788,-0.26406,-0.23385999999999998,-0.23129,-0.17884,-0.19232,-0.15968,-0.12326,-0.12868,nan,-0.06448999999999999,-0.042831,-0.012641,0.0019247,0.024437,nan,0.077837,0.081724,0.10998,0.1178,0.14729,0.18478,0.18295,0.23304,0.24243,nan,0.29963,0.32174,0.35585,0.36284,nan,0.43711000000000005,0.45325,nan,0.51722,nan,0.53854,0.57685,0.58922,nan,nan,nan,0.71104,nan,nan,0.748,0.78074,0.83681,0.83485,0.87951,0.9213899999999999,0.93176,0.9758,1.0104,1.0097,1.0455,1.0867,1.111,1.1412,1.1652,1.229,nan,1.2889,1.2976,nan,1.4045,1.4263,1.4731,nan,1.5143,1.5376,1.5604,1.6126,nan,1.7009,1.7358,nan,nan,1.8021,1.875,1.9267,1.9052,nan,1.953,1.9887,2.0269,nan,2.0231,2.0605,2.0788,2.0826,2.1245,2.1309,2.1457,2.1652,nan,2.1707,2.19,2.2066,2.2305,2.2255,2.246,2.2813,2.2416,nan,2.2662,2.2528,2.2763,2.2641,2.2491,2.2534,2.256,2.2428,nan,2.2629,2.2572,2.2612,2.2261,nan,2.2407,2.252,2.2668,2.2685,nan,nan,2.2583,2.2680000000000002,2.2216,2.1898,nan,2.1737,2.1678,2.1612,2.173,2.1743,2.1715,2.1317,2.1577,2.137,2.1277,2.1272,2.104,nan,2.0887,2.0742,2.0758,2.0588,2.0728,2.0717,2.0489,2.0514,2.0517,2.0652,2.0523,2.0498,2.0441,2.0109,2.0306,2.0317,2.0196,2.0218,2.0033,2.022,nan,1.9969,1.9923,1.9685,1.9845,1.9686,1.9557,nan,1.956,1.9466,nan,nan,1.949,nan,1.9412,nan,1.9191,1.9079,1.9063,1.9122,1.9048,1.9441,1.9157,1.9144,1.906,1.8952,1.9289,1.9096,1.9001,1.8951,1.8961,nan,1.8989,1.8946,1.8975,1.8929,1.9169999999999998,1.9164,1.9293,nan,nan,1.8801,1.8803,nan,1.9078,nan,1.8918,1.913,1.9066,1.8842,1.8923,1.8865,nan,1.9009,1.8892,1.9016,nan,1.8857,nan,1.8783,1.8857,1.8807,1.8816,1.8826,1.847,1.8549,1.8611,1.8630000000000002,nan,1.8475,1.847,1.8353,nan,1.8481,1.8481,1.8382,1.8343,1.8288,nan,1.8335,1.8237,1.8054,1.8324,1.8284,1.8033,1.7907,1.765,1.7683,1.7813,1.7801,nan,nan,nan,1.7719,1.7247,1.7457,1.7421,nan,nan,1.7357,1.7434,1.7345,1.7126,nan,nan,nan,1.6983,1.7199,1.7335,1.7003,1.7081,1.6674,1.6824,1.6827,1.6382,1.6684,1.6540000000000001,nan,1.671,1.6579,1.6454,1.6456,1.6336,1.629,1.6375,1.6063,nan,1.6128,1.5775,1.5751,1.5581,1.5718,1.5755,nan,1.5493,1.5362,1.5387,1.5638,1.5416,1.5067,nan,1.5571,nan,1.5499,nan,1.5179,1.5097,1.5041,1.5226,1.4875,nan,1.4843,nan,nan,1.4713,1.4538,1.4828,1.4707,1.4831,1.464,1.4688,nan,nan,1.4609999999999999,1.474,1.4635,nan,1.4674,1.4409,1.4722,1.4839,1.4565,1.4680000000000002,1.4613,1.4506,1.4711,nan,1.4711,1.4796,1.4386,1.4567,1.4665,1.4565,nan,nan,1.4433,1.4562,1.4703,nan,1.453,1.4568,1.4577,1.4507,nan,1.4699,1.4595,1.465,nan,1.4673,1.4643,1.4593,1.4848,1.4687,1.4559,1.4562,1.4554,nan,nan,1.4594,1.4448,1.4493,1.4571,1.4608,1.4699,nan,1.4628,nan,1.4569999999999999,1.4698,1.4558,1.4683,1.4835,1.4746,nan,1.456,1.4885,nan,nan,1.4282,1.4481,1.4674,1.4596,nan,1.4288,1.4746,1.4684,1.4421,1.4431,1.4309,1.4216,1.3925,1.3963,1.3992,1.3726,1.3534,nan,1.3445,1.3319,nan,1.3161,1.2923,1.2791,1.2662,1.2669,1.2542,1.2651,1.2499,1.2321,1.2576,1.23,nan,nan,1.1912,1.1873,nan,1.1681,1.1424,1.1484,1.1575,nan,1.1025,1.1067,1.0934,1.0881,1.0968,1.0657,nan,nan,1.0301,1.0224,1.0276,1.0178,0.99564,0.9947,0.96921,0.9699,0.9574600000000001,0.9450799999999999,0.9285399999999999,0.9417399999999999,0.92612,nan,nan,0.86811,0.86655,0.87523,0.8493200000000001,0.81165,0.7931,nan,0.7781100000000001,0.75237,0.7651899999999999,nan,0.73148,0.72537,0.72021,0.70127,nan,0.68989,0.65951,0.66582,0.64348,0.61978,0.62953,0.6008399999999999,0.58909,0.5635899999999999,nan,0.5525100000000001,0.53857,nan,0.52271,0.5186,nan,0.47421,nan,0.42585,0.41808999999999996,0.40844,nan,0.40976,0.37355,0.3892,nan,0.34976999999999997,0.30801,nan,0.28923000000000004,0.28903,0.28108,nan,0.23926,nan,0.24022,0.2196,nan,0.19565,0.16545,nan,nan,0.10520999999999998,0.11632999999999999,0.097562,0.086154,0.099862,0.061810000000000004,0.050207,0.051164999999999995,0.059269,0.058384000000000005,nan,0.02553,nan,0.0062628,-0.020447,-0.045663,-0.045142,-0.043692,-0.057433000000000005,-0.06515499999999999,-0.094761,-0.08745399999999999,-0.09609,-0.12487000000000001,-0.11919,-0.13538,-0.15658,-0.14462,-0.1413,-0.17226,-0.17695,-0.18093,-0.20722,-0.20646,-0.24097,nan,-0.2716,-0.28456,-0.28653,-0.29364,nan,nan,-0.32247,-0.32763000000000003,-0.35208,-0.36558,-0.35478000000000004,-0.36873,nan,-0.36851,-0.3946,-0.4187,-0.4167,-0.37940999999999997,nan,-0.41597,-0.41316,-0.45716,-0.45621000000000006,-0.44753999999999994,-0.45068,-0.46938,nan,-0.46538,-0.49208999999999997,nan,-0.51817,nan,-0.5411,nan,-0.5433600000000001,-0.57402,-0.55778,nan,-0.5889300000000001,-0.57448,nan,-0.60553,-0.60719,-0.5803699999999999,-0.58659,-0.59843,-0.58508,-0.59627,-0.61044,-0.63,-0.66408,nan,nan,nan,nan,-0.67455,-0.67962,-0.70106,-0.69929,-0.67823,-0.69631,nan,nan,-0.72112,nan,-0.74345,-0.74817,-0.7458,-0.74595,-0.7473,-0.7429100000000001,-0.75469,-0.75049,-0.72749,nan,-0.78399,nan,-0.74953,-0.78861,-0.74956,-0.75658,-0.7742399999999999,-0.76365,-0.75159,-0.7923,-0.77956,-0.7539600000000001,-0.78913,-0.77242,-0.7590899999999999,nan,-0.78528,-0.77095,-0.77596,-0.78785,-0.7611600000000001,-0.75826,-0.7860199999999999,-0.7959,-0.8175399999999999,-0.77361,-0.76551,-0.81029,-0.8051699999999999,-0.7993600000000001,-0.79773,-0.77903,-0.77388,-0.7709600000000001,nan,-0.8021,-0.78835,-0.80129,-0.80287,nan,-0.8032699999999999,-0.78872,-0.79298,-0.80548,-0.78864,nan,nan,-0.7846,nan,-0.8082199999999999,-0.80453,-0.82873,-0.8136399999999999,-0.80257,-0.78843,-0.7986800000000001,-0.80319,-0.79766,-0.8107,-0.80683,-0.7955300000000001,-0.80512,-0.7896,-0.79292,-0.79597,-0.7902899999999999,-0.81605,-0.7975300000000001,-0.78845,-0.8026300000000001,-0.81447,-0.81323,nan,-0.78084,-0.7833899999999999,nan,-0.80128,-0.78661,-0.8102699999999999,-0.81101,-0.81665,nan,-0.8059,-0.80513,-0.81148,-0.78883,-0.828,-0.8055399999999999,nan,-0.8153100000000001,-0.80125,nan,-0.82071,-0.83081,-0.81543,-0.82201,-0.8472799999999999,-0.8575799999999999,-0.8476799999999999,-0.8261799999999999,-0.8267,-0.83029,-0.87039,-0.85687,-0.86693,-0.8608299999999999,-0.8404200000000001,-0.8425600000000001,-0.83121,-0.82337,-0.83381,-0.8388200000000001,-0.8157399999999999,-0.8182699999999999,-0.82429,nan,-0.83052,-0.8426799999999999,-0.84203,nan,-0.84106,nan,-0.81525,-0.80987,-0.83135,-0.83893,-0.80767,-0.7992199999999999,-0.79883,nan,nan,-0.81871,-0.80109,-0.7996,-0.78884,-0.81481,-0.80324,-0.80002,-0.81065,nan,-0.79847,-0.8144399999999999,-0.78718,-0.78054,-0.80518,-0.8042199999999999,nan,-0.79964,-0.79179,nan,-0.80114,nan,-0.80383,-0.78517,-0.82321,-0.8194299999999999,nan,-0.79964,-0.8013600000000001,-0.79673,nan,-0.80652,-0.80386,-0.81096,-0.8009999999999999,-0.81523,-0.81387,-0.8143600000000001,-0.81452,-0.8406100000000001,-0.8414,-0.85215,nan,-0.8552,-0.85057,-0.8656,-0.8582700000000001,-0.8646299999999999,-0.87689,-0.8486299999999999,-0.88171,-0.9094,-0.87482,-0.85726,-0.88281,-0.87018,-0.88069,-0.87198,-0.86675,-0.8690200000000001,-0.8675799999999999,nan,-0.8979,-0.90397,nan,-0.91386,-0.90338,-0.9158700000000001,-0.9351299999999999,nan,-0.9371799999999999,-0.95009,-0.9632700000000001,-0.9523299999999999,-0.9461700000000001,nan,-0.9488700000000001,-0.95409,-0.96929,nan,-1.0188,-0.9025799999999999
6.0,-0.33094,-0.5455,-0.57257,-0.44633,-0.53227,nan,-0.49383999999999995,-0.54907,nan,nan,-0.5142800000000001,-0.5325300000000001,-0.54206,-0.5334,-0.52923,-0.5384800000000001,-0.5543,nan,-0.5548,-0.55085,-0.5768,-0.57385,-0.5484600000000001,nan,-0.58213,nan,-0.5656399999999999,-0.60518,-0.57912,-0.5631,nan,nan,-0.57482,-0.5783,-0.58915,nan,-0.60369,-0.61069,-0.61095,-0.60155,-0.59605,-0.60046,-0.61334,nan,-0.61875,-0.6077,-0.61892,-0.61565,nan,nan,nan,nan,-0.60153,-0.6179100000000001,-0.6207699999999999,-0.61025,nan,-0.62249,-0.61288,-0.5998899999999999,-0.61973,nan,-0.6140100000000001,-0.6109899999999999,-0.62197,-0.60456,-0.59518,-0.61464,-0.62245,-0.6168,-0.62522,-0.63448,-0.61863,-0.6015,-0.6121300000000001,-0.62278,-0.61069,-0.6131,-0.64081,nan,-0.62568,nan,nan,-0.64945,nan,-0.65494,-0.64758,-0.6472600000000001,-0.6654,nan,nan,-0.65691,-0.64482,-0.65041,-0.66878,-0.6583600000000001,-0.65704,-0.66777,-0.65023,-0.64007,-0.66298,-0.6696,-0.6531600000000001,nan,-0.68056,nan,-0.65096,-0.67155,-0.6812600000000001,-0.66838,nan,-0.67923,-0.6771199999999999,-0.68169,nan,-0.68335,nan,nan,nan,nan,-0.6947300000000001,nan,-0.67524,-0.68729,-0.70428,-0.67728,-0.66618,nan,nan,-0.7108300000000001,nan,-0.68001,-0.68865,nan,-0.70439,nan,-0.68442,nan,-0.68625,-0.69805,-0.71787,-0.7273,nan,-0.70467,-0.72515,-0.72078,-0.7073,-0.71509,nan,-0.7042,-0.70448,-0.72073,-0.7336199999999999,nan,-0.73735,-0.7430899999999999,-0.74857,-0.73765,nan,-0.73482,-0.74958,-0.73959,-0.7335699999999999,-0.73687,-0.7372,-0.7429899999999999,-0.7489899999999999,-0.75026,nan,-0.74447,-0.75142,-0.7683300000000001,-0.76949,-0.77291,-0.7742600000000001,-0.74644,-0.7367100000000001,nan,-0.74548,-0.75751,-0.77169,nan,nan,-0.76666,-0.73924,-0.7499,-0.77727,-0.77289,-0.76855,-0.7663800000000001,-0.74788,-0.74303,-0.7601,nan,-0.77191,-0.76922,-0.76991,nan,-0.75241,-0.76731,nan,nan,-0.75592,nan,-0.7538,-0.74385,nan,-0.78404,-0.76949,-0.7500100000000001,-0.75035,-0.75788,-0.7563300000000001,-0.76115,nan,-0.74533,-0.7560899999999999,-0.7830199999999999,-0.76877,nan,-0.76073,-0.7480399999999999,-0.7570899999999999,-0.77093,-0.7439600000000001,-0.7331,-0.75348,-0.75159,-0.73632,-0.7388,-0.7502,-0.7499,nan,-0.76323,-0.78281,-0.76761,-0.74421,-0.7468899999999999,nan,-0.77532,-0.77315,-0.74449,-0.7336600000000001,-0.73742,nan,-0.72749,-0.73814,-0.7371,-0.74137,-0.75066,-0.7599100000000001,-0.76453,-0.74443,-0.72577,-0.7336,-0.73217,-0.7250300000000001,-0.73493,nan,-0.73706,-0.7387,-0.7199300000000001,-0.71048,nan,-0.70402,nan,nan,-0.71337,-0.71414,nan,-0.69286,-0.6893100000000001,nan,-0.66824,nan,-0.6937300000000001,-0.70196,-0.68353,-0.67314,-0.68132,-0.68116,-0.66823,nan,-0.66883,-0.65673,-0.6550699999999999,-0.65509,-0.64484,-0.6519,-0.67152,-0.6794100000000001,-0.67496,-0.65769,-0.64625,-0.6591600000000001,-0.66555,-0.64246,nan,-0.64531,-0.6554,-0.64677,-0.6419600000000001,-0.64503,-0.64622,-0.63895,-0.62185,-0.61007,-0.61607,-0.62752,nan,-0.62548,-0.60319,-0.60113,-0.62126,-0.6237199999999999,-0.6182300000000001,-0.62254,-0.61482,-0.59887,nan,-0.6180100000000001,-0.62436,nan,-0.61095,-0.6026,-0.5945,-0.60068,nan,-0.6199,nan,-0.59819,-0.6036199999999999,-0.60936,-0.60134,-0.58753,-0.58845,-0.60044,-0.60092,nan,-0.5867600000000001,nan,-0.5727899999999999,-0.59438,nan,-0.5708,-0.56634,-0.57686,-0.54862,nan,-0.55282,-0.52517,-0.51443,nan,-0.52162,-0.50837,-0.5241100000000001,-0.53079,-0.52388,-0.53704,-0.54063,-0.52022,-0.5177,nan,-0.49601999999999996,-0.50546,-0.51764,-0.50725,nan,nan,-0.49435,nan,-0.5057,nan,-0.48465,-0.48744,-0.49478,-0.48508999999999997,-0.48473,-0.5012800000000001,-0.49522,-0.47928999999999994,-0.49566000000000004,-0.5041,-0.47708,nan,-0.4883,-0.48582,-0.47498,-0.49182,-0.49601000000000006,-0.47373000000000004,-0.47297,-0.46933,nan,-0.48139,-0.49048,-0.45348,nan,-0.4616,nan,-0.45098,-0.46718999999999994,nan,nan,-0.46955,-0.47246000000000005,-0.47339,-0.45695,-0.44592,-0.45032,-0.44247,-0.43154,-0.43946,-0.44851,-0.44576000000000005,-0.45164,-0.46057,nan,nan,-0.43801999999999996,nan,-0.45361999999999997,nan,-0.4513,-0.44653999999999994,-0.44933,-0.4487,-0.45414,nan,-0.44003000000000003,-0.42768999999999996,-0.44777,nan,nan,-0.44001,-0.45974,-0.43237,nan,-0.44496,-0.45078,-0.44333,-0.45487,nan,-0.44993999999999995,-0.44709,-0.43359,-0.41339,-0.42544,-0.43678999999999996,-0.42666000000000004,-0.43149,-0.43483,nan,-0.43295,-0.43435,-0.42504,nan,-0.41905,-0.41344,-0.42451000000000005,-0.42275,nan,-0.40429,-0.41144,-0.41196000000000005,-0.41491000000000006,-0.41551000000000005,nan,-0.41822,-0.42796999999999996,-0.40621999999999997,-0.40847,-0.42681,-0.40158,nan,-0.41648,-0.41697,nan,-0.4133,-0.396,-0.3857,-0.41523000000000004,-0.42763,-0.39799,-0.39434,nan,-0.40756,-0.40094,-0.41686000000000006,-0.41647,-0.40715,-0.41767,-0.41644,-0.38785,-0.3768,-0.38051,-0.37590999999999997,nan,-0.40352,-0.39277,-0.39505,-0.40274,nan,-0.38939,-0.38824000000000003,nan,-0.37823,nan,nan,-0.38231,-0.36401,-0.35948,-0.38821,-0.39333,nan,nan,-0.39652,-0.39538,-0.36445,-0.35971,-0.38916999999999996,-0.40308,-0.39336,-0.38449,-0.37229,-0.3585,-0.36046999999999996,-0.37326,-0.38056,-0.38032,-0.37296,-0.36723,-0.37695,-0.38453000000000004,-0.37275,-0.36834,-0.3779,nan,nan,-0.37828,-0.37004000000000004,-0.35578000000000004,-0.365,-0.37003,nan,-0.36844,nan,-0.36779,-0.3684,-0.35859,-0.35335,-0.34258,nan,nan,-0.37564000000000003,nan,nan,-0.3765,-0.3578,-0.35479,-0.35279,-0.34536999999999995,-0.35427,-0.35758,nan,-0.3586,-0.34614,-0.34814,nan,nan,-0.36541,-0.3653,-0.33605,nan,-0.3554,-0.32633,-0.31845999999999997,-0.34294,-0.35821,-0.359,nan,nan,nan,nan,-0.3362,-0.36504000000000003,-0.35924,-0.33973000000000003,-0.3461,-0.34464,-0.34831,-0.35791999999999996,-0.34772,-0.34371999999999997,-0.34435,-0.34301,-0.36085,nan,-0.33595,-0.32792,-0.33678,-0.34706,-0.35705,-0.34639000000000003,-0.33259,-0.34226,-0.34773000000000004,-0.3435,-0.34599,-0.33936,nan,nan,-0.34483,-0.33885,-0.33392,-0.34257,-0.34743,-0.3425,-0.33504,-0.32938,nan,-0.3465,nan,-0.31393000000000004,-0.3249,-0.34213000000000005,-0.34649,-0.34413,-0.34533,-0.34595,-0.34289000000000003,-0.34656,-0.34762,-0.33936,-0.34820999999999996,nan,-0.33937,-0.33768000000000004,nan,nan,nan,-0.34638,-0.34258,-0.35149,-0.35659,-0.33509,-0.34234000000000003,-0.35741,-0.34613,-0.35586999999999996,-0.36677,-0.34746,-0.34009,-0.34681,-0.34612,-0.35197,-0.36268,-0.36861,-0.36922,-0.3557,-0.34084000000000003,-0.34515,-0.35498,-0.35336999999999996,-0.34600000000000003,-0.34345,-0.34549,-0.34509,-0.34443,-0.34955,-0.35915,nan,-0.34683,-0.34476999999999997,nan,-0.34174,-0.35377,-0.36929,nan,nan,-0.36421,-0.34769,-0.34121,-0.34618000000000004,-0.34664,nan,-0.34676999999999997,-0.35964,-0.36835,-0.35952,-0.35828000000000004,-0.36741999999999997,-0.36959000000000003,nan,nan,nan,nan,-0.39221999999999996,nan,-0.40700000000000003,-0.42668999999999996,nan,nan,-0.42588000000000004,-0.42621000000000003,-0.44585,-0.46716,-0.47261000000000003,-0.47307,-0.46233,-0.46198,-0.48072,-0.4834,-0.48566000000000004,-0.50551,-0.5088600000000001,-0.50156,nan,nan,-0.5214300000000001,nan,-0.5218,-0.5069899999999999,-0.52822,-0.56275,-0.5594100000000001,-0.5499,-0.5655,-0.58109,-0.5929800000000001,-0.59932,-0.59749,-0.6078,-0.62526,-0.63331,-0.63393,-0.62963,-0.63473,-0.6501899999999999,-0.65513,-0.6566,nan,-0.64712,-0.66435,-0.70072,-0.69733,-0.69014,nan,-0.7018300000000001,nan,-0.71359,-0.70228,nan,-0.74215,-0.74879,-0.75272,-0.7611100000000001,nan,-0.78888,-0.7914100000000001,-0.78369,nan,-0.81204,-0.8011,-0.7929999999999999,-0.8113199999999999,-0.8349,-0.84178,-0.8497600000000001,nan,-0.8747,nan,-0.85585,nan,nan,-0.89123,-0.92853,-0.92332,-0.91914,-0.9448,-0.95631,nan,-0.96565,-0.97936,-0.96885,-0.9711299999999999,-0.99905,-1.0138,-1.0098,-1.0158,-1.0264,-1.0305,nan,-1.0607,-1.0593,nan,-1.0723,-1.0624,-1.0519,-1.0916,-1.1303,nan,-1.1196,-1.1288,nan,-1.13,nan,-1.151,-1.1702,-1.2102,-1.2223,-1.2116,nan,nan,nan,nan,-1.2102,-1.2291,-1.2395,-1.2452,nan,-1.2792,-1.2706,-1.2684,-1.2893,-1.3158,-1.324,-1.3146,-1.3117,-1.3319,-1.3479,-1.3432,-1.3515,-1.3597,-1.3462,-1.3567,-1.3866,-1.3856,-1.3743,-1.3868,-1.3945,-1.3826,-1.3822,-1.3836,nan,-1.3938,-1.4038,nan,-1.3847,-1.3916,-1.383,-1.3974,-1.4248,nan,-1.4262,-1.4269,-1.4295,nan,-1.4406,-1.4388,-1.44,nan,nan,-1.4305,-1.4013,-1.4179,-1.4412,nan,-1.4135,-1.4326,-1.4404,-1.439,-1.4369,-1.4301,-1.4256,-1.4273,nan,-1.4361,-1.4392,-1.4228,-1.4057,nan,-1.399,-1.3841,-1.385,-1.3937,-1.3822,-1.3754,-1.3933,-1.3881,-1.3608,-1.3671,nan,-1.3625,-1.3423,-1.3506,-1.3473,-1.3127,-1.287,nan,-1.2942,-1.2690000000000001,-1.2503,-1.2451,-1.2273,-1.217,-1.2223,-1.2132,nan,-1.1967,nan,-1.1755,-1.1553,-1.1321,-1.1133,-1.0959,-1.0843,-1.082,nan,-1.0574,-1.0548,-1.0623,-1.0356,-0.99471,nan,-0.9840000000000001,-0.94737,-0.91296,-0.9043100000000001,-0.8841200000000001,-0.8486600000000001,-0.82768,-0.8131,-0.80505,nan,-0.7759199999999999,nan,-0.6844600000000001,-0.6703399999999999,nan,-0.64772,-0.63117,-0.60322,-0.57209,-0.52815,-0.49823,-0.49642,-0.47397,-0.41994,-0.37911999999999996,nan,-0.35675,-0.31035999999999997,-0.25168,-0.22323,nan,-0.17824,-0.1187,-0.073806,-0.058152999999999996,-0.037201,0.0081843,0.052007000000000005,0.075704,0.10951,0.16914,0.20585,0.21494000000000002,0.25566,0.311,nan,0.4084,0.46702,nan,0.53078,0.5898899999999999,nan,0.63376,0.7012,nan,0.80887,0.8344,0.8824,nan,0.9773200000000001,0.99705,nan,1.0752,1.1281,1.1732,1.1988,1.2322,1.297,nan,nan,1.4204,1.479,1.5017,1.5434,1.6306,1.6796,nan,1.7203,nan,1.8358,1.8591,nan,1.9667,nan,2.0377,2.0662,2.1051,2.1567,2.2104,2.2383,nan,2.3401,nan,2.4032,2.4713,2.5001,nan,2.593,2.6286,2.6607,2.7161,nan,2.7822,2.8076,2.8493,nan,2.9321,nan,2.9862,nan,3.0636,3.05,3.0738,3.1046,3.1101,3.1258,3.1563,3.1691,3.168,3.1691,nan,nan,3.1696,nan,3.1584,3.1584,3.1746,nan,nan,3.133,3.1328,3.1147,3.1084,3.0934,3.0668,3.0688,3.0543,3.0205,3.0223,2.9984,nan,2.927,2.9469,2.9178,2.8668,2.8396,2.8325,2.8146,2.7896,2.7908,2.7874,2.7533,2.7317,2.715,2.6804,2.665,nan,nan,2.594,2.5926,2.5921,2.5728,2.5365,nan,2.5362,nan,2.4818,nan,2.4712,2.4381,2.4084,2.4036,2.4139,2.4195,2.4051,2.3731,2.3441,2.3294,nan,2.3116,2.2947,2.2688,nan,2.2463,nan,nan,nan,2.2158,2.2025,2.1976,nan,nan,2.1578,2.1513,2.0872,2.0789,2.0972,nan,2.0681,2.0877,2.0549,2.026,2.0340000000000003,nan,nan,1.9955,nan,1.9594,nan,1.9299,1.9235,1.9288,1.9151,1.8896,1.8732,1.8558,1.8431,1.8444,1.8357,1.8151,1.8085,1.8056,1.7930000000000001,1.7976,1.8125,1.7925,nan,1.7602,nan,1.7333,1.7263,nan,1.7154,1.6828,1.6873,nan,1.6673,1.6535,1.6761,1.6791,1.6525,1.6401,1.6319,1.6136,nan,nan,1.6029,1.6146,nan,1.5902,1.5927,1.5744,1.5695,1.5791,1.5553,nan,1.5669,1.5407,nan,nan,nan,1.5294,1.5032,1.5071,1.5162,1.4991,1.4863,nan,1.4987,1.499,1.5015,1.4815,1.4583,1.4526,1.4502,1.4575,1.4627,1.4466,1.4399,1.4393,nan,1.4145,1.4167,1.4077,1.4047,1.4072,1.406,1.4082,1.3999,1.3809,1.3791,1.3919,nan,nan,1.3769999999999998,nan,1.36,1.3675,1.3714,1.3587,1.3417,1.3326,1.3395,nan,1.3385,1.3185,nan,nan,nan,1.3025,1.2966,1.2829,1.2790000000000001,1.2795,1.2779,1.2806,1.2797,1.2656,1.2511,nan,1.2507,nan,nan,nan,1.2121,1.2178,1.1892,1.1901,1.2019,1.1983,1.2084,1.2053,1.1847,nan,1.1862,nan,1.1645,1.1614,1.1464,1.1404,1.1451,1.1312,1.1165,1.1183,1.1114,1.1079999999999999,1.1172,1.107,nan,nan,1.0903,1.0788,nan,nan,1.0745,1.0726,1.0741,1.0517,1.0354,1.0476,1.0485,1.0252,1.0144,1.0168,1.0087,1.0029,1.0041,0.9957,nan,nan,0.9817100000000001,0.98169,0.9783,0.96639,0.98275,0.98851,0.9607,0.96541,nan,0.95924,0.95655,nan,nan,nan,0.9477,0.9429299999999999,0.92512,0.9204899999999999,0.9200799999999999,nan,0.89746,0.9231299999999999,0.9211,nan,0.8940899999999999,0.8970299999999999,0.8703,0.86774,0.8755299999999999,0.8652799999999999,nan,0.8688899999999999,0.83,0.8211700000000001,0.8402,0.84005,nan,0.8296,0.8295600000000001,nan,0.8310700000000001,nan,nan,0.79399,nan,0.80609,nan,0.7831100000000001,0.7994100000000001,0.80805,0.8004399999999999,0.79482,0.79486,0.79551,0.79669,nan,nan,0.7822600000000001,nan,0.7843899999999999,0.77903,0.7693300000000001,0.7703800000000001,0.77781,0.76244,0.7488,0.7661100000000001,nan,0.7593,0.7598,0.76308,0.76105,0.7609600000000001,0.76066,0.7621,0.74852,0.73327,nan,0.75832,nan,0.74007,0.76435,0.75167,0.7431300000000001,0.73048,0.71445,0.72555,0.71741,0.70334,0.72242,0.7195,0.70089,0.70323,0.69591,0.69581,nan,0.70432,0.68467,0.69234,nan,0.68013,nan,0.66833,0.67109,0.6685399999999999,0.66848,0.66581,0.64907,0.64563,0.65804,0.6508,0.64691,0.6580199999999999,0.64172,0.61879,0.6220899999999999,0.61957,0.60725,0.61112,0.62221,0.62187,nan,0.5908899999999999,0.58543,0.58928,0.5877399999999999,0.59129,0.60706,0.59838,0.57558,nan,0.5978,0.5776600000000001,0.58815,0.59864,0.57782,0.5763199999999999,0.5706100000000001,0.55274,0.56922,0.57448,0.5505399999999999,0.5429999999999999,nan,nan,0.51777,0.51885,0.5002800000000001,0.49478,0.49583999999999995,0.46566,0.45003999999999994,0.47111000000000003,0.46481000000000006,0.44897,0.4603,0.45243999999999995,0.43403,0.43691,0.43932,0.43835,0.42481,0.39711,0.39609,0.40343,0.39294,0.39893,0.40136,nan,nan,0.34768000000000004,nan,nan,0.3605,0.34434000000000003,0.34611,0.33842,nan,nan,0.29025,nan,0.29907,0.28776,0.26741,0.26658000000000004,0.26900999999999997,0.25254,0.24203000000000002,0.25215,0.25351999999999997,0.23181999999999997,0.20686,0.19718,nan,0.19477,0.18657,0.18139,0.17018,0.1612,0.1712,0.17115,0.14965,0.13979,0.13756,0.12547,0.10955,0.096807,0.09177300000000001,0.08419299999999999,0.071198,0.074491,nan,nan,0.039182999999999996,nan,0.052101,0.033527999999999995,0.023313,0.016534,-0.010203,-0.020096,-0.0014544,-0.0062809,nan,-0.033821,nan,nan,nan,-0.060904,-0.048968,-0.065679,-0.09111799999999999,nan,nan,-0.1048,nan,-0.10369,-0.11688,-0.12542,-0.12426,-0.1265,-0.12713,-0.11714000000000001,-0.11357,-0.12725999999999998,nan,-0.13474,-0.13978,-0.15635,nan,nan,nan,-0.17422,-0.19057000000000002,-0.19683,-0.18231,-0.19188,-0.20855,nan,-0.21444000000000002,nan,-0.19625,-0.21138,-0.2324,-0.20959,-0.19541,-0.22259,-0.22896,-0.20801,-0.21589,-0.23041999999999999,-0.21986999999999998,-0.2201,-0.23221999999999998,-0.23098000000000002,-0.22735999999999998,-0.23114,-0.24348000000000003,-0.25408000000000003,-0.24145999999999998,nan,-0.24793,-0.26055,-0.24641999999999997,-0.24154,nan,-0.24834,nan,-0.24934,-0.25532,-0.2674,-0.28564,-0.28206,-0.27414,nan,-0.26699,nan,-0.27709,nan,-0.27435,-0.27553,-0.26586,-0.26434,-0.28017,-0.28815999999999997,-0.285,-0.28891999999999995,-0.28885,-0.2697,-0.26147,-0.27892,-0.28843,nan,-0.29061,-0.29109,nan,-0.27015,-0.28875,-0.2642,-0.24969,-0.26598,-0.26547,nan,-0.26325,-0.26236,nan,-0.28658,-0.27710999999999997,nan,-0.27286,-0.27753,nan,-0.27399999999999997,nan,-0.28464,nan,nan,-0.28725,-0.2904,-0.28376999999999997,-0.28891,-0.29521,-0.30663,-0.32504,nan,-0.33148,-0.335,-0.34515999999999997,nan,-0.34,-0.33455,-0.33228,-0.3351,-0.34783000000000003,nan,-0.33134,-0.33926999999999996,-0.35793,-0.34071999999999997,-0.33386,-0.34665,-0.34244,-0.35285,-0.35535,nan,-0.34691,-0.35204,-0.31406,-0.31951,-0.35649000000000003,-0.34708,-0.32189,-0.32514,-0.33466,-0.33389,-0.33143,-0.33397,-0.33407,nan,-0.35022,-0.34726,nan,-0.34614,-0.35648,nan,-0.32808000000000004,-0.34665,-0.33546,-0.33723000000000003,-0.3444,-0.33479000000000003,-0.33979000000000004,nan,-0.32151,nan,-0.34235,-0.32818,-0.30927,-0.32202,nan,-0.33398,-0.34174,-0.33993,-0.3222,-0.32463000000000003,-0.34352,-0.34395,-0.33425,-0.33286,nan,-0.33358000000000004,-0.33593,-0.32697,-0.32304,-0.33115,-0.33050999999999997,-0.33598,-0.34726999999999997,-0.32545,-0.30934,-0.33116,-0.33254,-0.31413,-0.32288,-0.34112,-0.34041,-0.31927,-0.31396,-0.34471,nan,-0.3257,-0.32055,-0.34009,-0.34657,-0.33799,-0.32564,-0.32289,-0.33157,-0.32865,nan,nan,nan,-0.32775,-0.32253000000000004,-0.3296,-0.32968000000000003,nan,-0.29496,-0.31171,-0.32072,-0.30296,-0.29463,-0.29957,-0.28993,-0.26898,-0.26216999999999996,-0.27786,-0.29624,-0.29301,-0.27141,-0.25493000000000005,-0.25103000000000003,-0.2536,-0.25440999999999997,-0.24531,-0.2397,-0.25503000000000003,-0.26677,nan,-0.22844,-0.23671,nan,-0.23676,nan,-0.2311,-0.22582,-0.23103,-0.2423,-0.23044,-0.21794000000000002,nan,-0.20375,-0.19677,-0.2161,nan,-0.21996,-0.23085999999999998,-0.22054,nan,-0.21734,nan,-0.22288000000000002,-0.24272,-0.23174,-0.22887,-0.22524,nan,nan,-0.23618000000000003,-0.21763000000000002,-0.22354000000000002,-0.23345,-0.22835999999999998,-0.22928,-0.22509,nan,-0.22876999999999997,-0.2457,-0.22691,-0.20792,-0.21488000000000002,-0.21552,nan,-0.24022,-0.23016,-0.21552,-0.22905,-0.23219,-0.22732,-0.23074,-0.22135,nan,-0.23385999999999998,-0.25139,nan,-0.23751999999999998,-0.24035,-0.25318,-0.2456,-0.2308,-0.22876,-0.22689,-0.23175,-0.24175,-0.23219,nan,-0.25209000000000004,nan,-0.25781,-0.2769,-0.26293,-0.24688000000000002,-0.26814,-0.28701,-0.28033,nan,-0.27601,-0.27751,-0.29539,-0.31098000000000003,nan,nan,-0.33394,-0.30824,-0.29539,-0.33148,-0.34842,-0.32474000000000003,nan,nan,-0.35423000000000004,-0.33613000000000004,-0.33447,-0.3324,-0.34102,-0.37551,-0.39328,-0.37438,nan,-0.39066999999999996,-0.3945,-0.38761999999999996,-0.39266999999999996,nan,-0.38763000000000003,-0.39347,-0.40921,-0.42823,nan,-0.4232,-0.45111,-0.4156,-0.44073999999999997,-0.49187,-0.39973000000000003,-0.49091,-0.5371600000000001
5.0,0.5464600000000001,0.31553000000000003,0.37473,0.43793000000000004,0.36565,0.40983,0.40073000000000003,0.41298,nan,0.38037,0.39571,nan,0.36093000000000003,0.37582,0.40991000000000005,0.40589000000000003,0.37219,nan,0.39873000000000003,0.39023,nan,0.39792,0.37656999999999996,0.37711,0.38543,0.37056,0.3808,0.38491,0.36914,nan,0.3948,0.36938000000000004,nan,0.37069,0.36356,nan,0.37315,0.37294,0.36448,nan,0.3444,0.34597,0.34271,0.35212,0.35607,0.33566999999999997,0.33543,0.35038,0.35643,0.35529,nan,0.2874,nan,0.28152,0.28169,0.29206,0.27834000000000003,0.26711999999999997,nan,0.24802,0.24879,nan,0.23056999999999997,nan,0.22275,0.22466,0.22168000000000002,0.20686,0.19541,0.20367000000000002,0.2102,0.19339,0.17368,0.16697,0.17043,0.15439,0.12294000000000001,0.11354000000000002,nan,0.10064,0.10715999999999999,0.1239,nan,0.07553,nan,0.082339,nan,nan,0.071008,0.07736900000000001,0.070754,0.050444,0.0493,0.06956799999999999,0.057801,0.033272,0.045504,0.039694,0.0049725,nan,-0.017204,-0.014478,0.01705,0.015559,nan,-0.011085,-0.034381,-0.030222000000000002,-0.009344700000000001,-0.0092249,-0.031159,-0.050642,-0.038377999999999995,-0.038316,-0.070463,-0.077933,-0.073767,-0.075529,-0.062235000000000006,-0.071299,-0.095032,-0.089744,nan,nan,nan,-0.13105,nan,nan,-0.13043,-0.13066,nan,-0.10687,nan,nan,-0.15754,-0.15967,-0.17015,-0.15894,-0.16547,-0.1937,-0.17987,-0.15469000000000002,nan,-0.22229000000000002,-0.23978000000000002,-0.25159000000000004,-0.24085,nan,-0.25293000000000004,-0.23833000000000001,nan,-0.26832,-0.26669,nan,nan,-0.26342,-0.27799,-0.29193,nan,-0.27937,-0.28994000000000003,nan,nan,nan,-0.33433,-0.32195999999999997,-0.32142,-0.33463000000000004,-0.32324,nan,nan,-0.37564000000000003,-0.38437,-0.38995,-0.38306,-0.38886,-0.41091000000000005,nan,-0.40195,-0.41512,nan,-0.40581,-0.41161000000000003,-0.39993,nan,-0.42128999999999994,-0.4167,-0.45071000000000006,-0.4433,-0.42049,-0.44623999999999997,-0.45657,-0.44593999999999995,-0.46347,-0.48344,-0.48141000000000006,nan,-0.4762,-0.46958999999999995,-0.48791999999999996,-0.49546999999999997,-0.47451000000000004,-0.48233000000000004,-0.50692,-0.49808,-0.47786999999999996,-0.48181999999999997,-0.49101000000000006,-0.49668,-0.49478999999999995,-0.50547,-0.54692,-0.5624,-0.53088,-0.5195,-0.53414,-0.52915,-0.52349,-0.5432,-0.5605899999999999,nan,-0.57845,-0.59001,-0.58101,-0.57581,-0.5917100000000001,-0.59386,-0.57804,-0.57807,-0.59097,-0.58943,-0.58922,-0.5896899999999999,-0.60178,-0.62713,-0.6187,nan,-0.62712,-0.6287,-0.6058899999999999,-0.60597,nan,-0.64339,nan,-0.61805,-0.6169100000000001,-0.61133,-0.5993,-0.60582,-0.62258,-0.64044,-0.6409999999999999,-0.6320100000000001,-0.6289,nan,nan,-0.63207,-0.61812,-0.62335,nan,nan,-0.65598,-0.65782,-0.65768,-0.6472,-0.63138,-0.63332,-0.66241,-0.68445,-0.67835,-0.66794,-0.67362,-0.6732899999999999,-0.6671100000000001,-0.6743399999999999,-0.67371,-0.65649,-0.66588,-0.6685300000000001,-0.6592399999999999,-0.66878,-0.66693,-0.67765,-0.6996600000000001,-0.67613,-0.67961,-0.69802,-0.67484,-0.6772100000000001,-0.6823600000000001,-0.6727,-0.69345,-0.70128,nan,-0.6990000000000001,-0.6866300000000001,-0.69439,nan,-0.71319,-0.69817,-0.69809,nan,nan,-0.7095899999999999,-0.70624,-0.69581,-0.69905,-0.69806,-0.69881,nan,-0.72714,-0.71572,-0.70894,-0.71291,-0.71228,-0.71701,-0.72954,-0.72517,-0.71199,-0.71831,-0.72624,-0.72751,-0.7359100000000001,nan,-0.73714,-0.74173,-0.7418899999999999,-0.72959,-0.7275699999999999,-0.75258,nan,-0.7328399999999999,-0.72973,-0.76423,-0.77245,-0.7551399999999999,-0.7527699999999999,nan,-0.7225199999999999,-0.73556,-0.7532,-0.74179,-0.73854,-0.73605,-0.7426699999999999,-0.76472,-0.75121,-0.73997,nan,-0.76202,-0.73007,-0.72883,nan,-0.75741,-0.74153,-0.76139,-0.7823,-0.7482300000000001,nan,-0.7689699999999999,-0.75574,nan,-0.75462,nan,-0.74158,-0.7400800000000001,-0.7631399999999999,-0.76443,-0.73964,-0.7557,-0.76037,-0.7407699999999999,-0.7585,-0.7661600000000001,-0.74435,-0.75438,-0.767,-0.7564,-0.75171,-0.754,-0.7489100000000001,-0.7590100000000001,-0.76474,-0.7538699999999999,-0.7589600000000001,-0.7653300000000001,-0.74816,nan,-0.75413,nan,-0.76474,-0.76266,nan,nan,-0.74026,-0.7591100000000001,-0.7670600000000001,nan,nan,-0.77173,nan,-0.7285699999999999,-0.75395,-0.7509,-0.7598,-0.76176,-0.74148,-0.75588,nan,-0.74958,nan,-0.75046,-0.75648,-0.76686,-0.76553,-0.77146,-0.74917,-0.72627,-0.73807,-0.7357,-0.74844,-0.76712,-0.74287,-0.74951,-0.76573,-0.7411800000000001,-0.73416,-0.74348,-0.73737,-0.75292,-0.7683800000000001,-0.75125,-0.7387,-0.74145,nan,-0.7317,-0.75552,-0.74473,-0.7157399999999999,-0.71472,-0.74579,nan,-0.7499100000000001,-0.7329899999999999,-0.72597,-0.7219300000000001,-0.74312,-0.74865,nan,nan,nan,-0.74773,nan,-0.74621,-0.72673,-0.7287399999999999,nan,-0.75883,-0.7345,-0.72829,-0.75169,-0.7410399999999999,-0.70925,-0.71695,nan,nan,-0.74421,nan,-0.74078,-0.73546,-0.74398,-0.75357,-0.7506,nan,-0.74451,-0.7419,-0.7636,-0.75262,-0.73903,-0.75385,-0.73446,-0.72241,-0.74498,-0.74259,-0.73107,-0.7540399999999999,-0.76527,nan,-0.7528699999999999,-0.74442,-0.74158,-0.7528100000000001,nan,-0.74378,-0.75227,nan,-0.73101,-0.73688,-0.72759,-0.75473,-0.77115,-0.73805,-0.7278,-0.73919,-0.73012,-0.72826,-0.75271,-0.7487199999999999,-0.72834,-0.7473,nan,nan,-0.71653,-0.7301,-0.75052,-0.75125,-0.72055,-0.69813,nan,-0.7129300000000001,nan,-0.72817,-0.7280300000000001,nan,-0.72633,-0.71304,-0.69326,-0.71972,-0.73942,-0.71454,nan,-0.7229300000000001,nan,-0.7135699999999999,-0.7115100000000001,-0.70908,-0.7135199999999999,-0.71408,-0.70514,nan,nan,-0.69825,-0.72145,-0.73883,-0.70995,nan,-0.71814,-0.70296,nan,nan,-0.7556,-0.7427199999999999,-0.72785,nan,-0.72969,-0.70503,-0.6996100000000001,-0.6973699999999999,-0.70004,-0.71527,-0.71465,-0.6984600000000001,-0.69648,-0.68156,-0.68076,nan,-0.70735,-0.67094,nan,-0.69538,-0.68242,-0.70073,-0.70036,-0.6949,-0.69633,-0.68699,-0.68311,nan,-0.6835899999999999,-0.6872699999999999,-0.68716,-0.6803,-0.68977,-0.70018,-0.67135,-0.64735,nan,-0.6733600000000001,-0.66073,-0.65549,nan,-0.66887,-0.6846399999999999,-0.6744100000000001,-0.64181,-0.63895,nan,-0.65313,-0.66035,nan,-0.62713,-0.62575,-0.67385,-0.65861,-0.6271899999999999,-0.65561,-0.67389,-0.64896,-0.64237,-0.64173,-0.63136,-0.63855,-0.64049,-0.62862,-0.6301100000000001,nan,nan,-0.61479,-0.59108,-0.6014,-0.62652,-0.64656,-0.64025,-0.59438,-0.60254,-0.64607,-0.61652,-0.59211,-0.60926,-0.61938,-0.61205,-0.58187,nan,-0.61806,-0.59453,-0.56128,-0.58273,-0.59248,nan,-0.58178,-0.58907,-0.5674,-0.5627300000000001,-0.58573,nan,nan,-0.5817,-0.5898899999999999,-0.5759,nan,-0.57636,-0.59242,-0.59163,-0.57982,-0.56909,-0.58163,-0.5919399999999999,-0.56847,-0.5619,-0.5617,-0.563,-0.5795600000000001,-0.55453,-0.53855,-0.57424,nan,-0.50138,-0.51362,-0.5149699999999999,-0.48995,nan,-0.52236,nan,-0.52052,-0.51047,-0.48273999999999995,nan,nan,-0.46048,nan,-0.485,-0.48738000000000004,-0.49022,-0.45648,-0.46658,-0.49196999999999996,-0.4965,-0.49825,-0.4667,-0.45038999999999996,nan,-0.47048,nan,-0.47061000000000003,-0.46733,nan,-0.47995,nan,-0.45458000000000004,nan,-0.4718,-0.46253999999999995,nan,-0.45143999999999995,-0.46043,nan,-0.45598999999999995,-0.44924,-0.46137,-0.46633,-0.44523,nan,nan,-0.44026000000000004,-0.43975,-0.45638,-0.43836,nan,-0.45491000000000004,-0.42645,-0.4189,-0.45716999999999997,-0.44671000000000005,-0.43673999999999996,-0.43877,-0.42887,-0.43783,-0.43663,-0.42415,-0.4293,-0.42651999999999995,-0.43233999999999995,nan,-0.42986,nan,-0.43117,-0.4246,-0.42616000000000004,-0.44872,nan,-0.44269,-0.45438999999999996,-0.43813,nan,-0.44516000000000006,-0.45478,nan,nan,-0.42863,-0.42801999999999996,-0.42365,-0.43158,nan,nan,-0.44898999999999994,-0.45088,-0.44295,-0.45203999999999994,-0.43978999999999996,-0.40744,-0.4253,nan,nan,-0.41875,-0.45233999999999996,-0.45203999999999994,-0.46118000000000003,nan,-0.43108,nan,-0.45518000000000003,nan,-0.44968,-0.45668000000000003,-0.45153999999999994,-0.4555,nan,nan,-0.473,-0.45574,-0.4657,-0.4617,-0.47623999999999994,nan,nan,-0.44763000000000003,-0.48785,nan,-0.45731000000000005,-0.47876,-0.47976,-0.46826,-0.48022,-0.5032399999999999,nan,-0.48913,nan,-0.50284,-0.46893,-0.5082399999999999,nan,-0.51413,nan,-0.54402,-0.55703,nan,nan,-0.57133,-0.57775,-0.5736600000000001,-0.56542,-0.56002,-0.56798,nan,-0.58828,nan,nan,-0.60149,-0.6008600000000001,nan,nan,-0.6057100000000001,nan,-0.62734,-0.6126199999999999,-0.63334,-0.6481899999999999,-0.62326,nan,-0.6459600000000001,-0.63497,-0.62543,-0.6313300000000001,-0.64427,-0.67464,nan,-0.6674399999999999,-0.67105,-0.6834899999999999,-0.68299,-0.68718,-0.68787,-0.67291,-0.67423,-0.6875600000000001,-0.69494,nan,-0.7286600000000001,-0.74284,-0.76442,-0.75327,-0.73448,nan,-0.74729,-0.76579,-0.78167,nan,nan,-0.7944100000000001,-0.79346,-0.7952600000000001,-0.7968,-0.82121,nan,-0.82109,-0.8352299999999999,-0.85172,-0.8475799999999999,-0.84811,-0.8449700000000001,nan,-0.8928799999999999,-0.8950299999999999,-0.86285,-0.8668299999999999,-0.89018,-0.8779399999999999,-0.87765,-0.91665,-0.94442,-0.9418700000000001,nan,-0.94183,-0.9567399999999999,-0.97226,-0.95637,-0.9617399999999999,-0.98395,-0.96747,nan,-1.01,-0.98459,-1.0076,nan,-1.0498,-1.0492,nan,-1.0507,nan,nan,nan,-1.0967,-1.1212,-1.1324,nan,-1.1165,-1.1205,nan,-1.1168,-1.1187,-1.1322,-1.16,-1.1807,-1.1872,-1.1879,nan,-1.1882,-1.185,-1.1832,-1.2134,-1.2244,-1.2137,-1.2332,-1.258,-1.2705,-1.2829,-1.2803,-1.2896,-1.3144,-1.2964,-1.2543,nan,-1.2988,-1.3096,-1.3393,-1.3425,nan,-1.31,-1.2999,-1.2890000000000001,-1.2976,-1.3179,-1.3418,-1.3467,-1.3514,nan,-1.3513,-1.3513,-1.364,nan,-1.3573,-1.3845,-1.3908,-1.3799,-1.3653,-1.3648,-1.391,-1.4031,-1.3951,nan,-1.379,-1.3644,-1.3629,-1.381,-1.3907,-1.3791,-1.3742,-1.3765,-1.3653,nan,-1.3871,-1.3872,-1.3533,nan,nan,-1.3895,nan,-1.3853,-1.3817,-1.3505,-1.3415,-1.3578,-1.3369,-1.3108,nan,-1.2929,-1.281,-1.2957,nan,-1.2813,nan,-1.2848,-1.2681,nan,-1.2377,-1.2363,-1.2569,-1.2406,-1.2288,nan,-1.2054,-1.1602,-1.1754,-1.1693,-1.1299,-1.1179999999999999,-1.1345,-1.1272,-1.1016,-1.1105,-1.1214,-1.079,-1.0561,-1.0648,-1.0422,-1.005,-0.98821,-0.9816600000000001,-0.9729700000000001,-0.9531299999999999,-0.93069,-0.9145200000000001,-0.89318,nan,-0.8727600000000001,-0.85965,-0.82586,-0.81633,-0.81581,-0.78072,nan,nan,-0.73006,-0.6753899999999999,-0.63855,nan,-0.64842,-0.60718,-0.59488,-0.57192,-0.54632,-0.5281399999999999,-0.47941000000000006,nan,-0.46243,-0.39795,nan,-0.35998,-0.30018,nan,-0.27588,-0.22569,-0.18352000000000002,-0.16664,-0.12000999999999999,-0.078297,nan,-0.013459,0.034972,0.050863,0.070316,nan,0.17966,0.21375,0.23179,nan,0.3395,nan,0.40510999999999997,0.44743,0.49294,0.55601,0.60777,0.63545,0.65296,0.70305,0.7873600000000001,0.8361700000000001,0.8525,0.87372,0.91794,0.9949399999999999,1.0485,1.0746,1.1174,1.1523,1.2232,1.2906,1.2919,1.3576,nan,nan,1.47,nan,1.568,1.6082,1.6613,1.7077,1.7592,nan,1.8881,1.9257,1.9453,nan,2.0667,2.1049,nan,2.1897,nan,nan,2.3331,2.385,2.4339,2.4843,2.5232,2.5447,2.5668,2.6223,2.7048,2.753,2.7576,2.7905,2.8433,2.8751,nan,nan,2.9836,nan,3.0888,3.1098,3.1378,3.1665,3.1839,3.2168,3.2408,3.2503,3.2604,3.2708,nan,3.2872,3.2844,3.2846,3.2937,3.3042,3.3125,3.3039,3.2721,3.2499,nan,3.2438,nan,3.2326,nan,3.1639,3.1609,nan,3.1091,3.1063,3.1059,3.0644,3.0149,3.0019,nan,2.9659,2.9478,nan,2.9226,2.9007,2.8816,2.8572,2.8183,2.7956,2.7974,2.7841,nan,2.7564,2.7476,2.7267,nan,nan,2.6746,2.639,nan,2.6621,2.6489999999999996,2.6062,nan,2.5789,2.597,2.5779,2.5487,2.5518,2.5429,2.5076,2.5006,2.5236,nan,2.4758,2.4419999999999997,2.4334,2.4244,2.4143,2.403,2.3832,2.3687,2.3609999999999998,2.3498,nan,nan,2.2840000000000003,2.2678,2.2814,2.2728,2.2516,nan,2.2307,2.2295,2.225,2.2041,2.1888,nan,2.1179,2.1306,2.1313,2.1102,2.0898,2.0778,2.0917,2.0827,2.0507,2.0504,2.0469,nan,2.0376,2.0132,1.9735,1.9545,1.9564,1.9697,1.9648,1.9372,1.9283,1.9424,nan,1.9117,1.903,nan,1.8749,1.8464,1.8359,1.8397,1.8565,1.8467,1.8123,nan,1.8028,1.7948,1.81,nan,nan,1.7808,1.7623,1.7515,1.7505,1.7281,1.7276,1.7176,1.6978,1.7111,nan,1.6938,1.7006,1.6913,nan,1.6666,1.6859,1.6679,1.6421,1.6531,nan,nan,nan,1.6141,nan,1.6097,nan,1.5433,1.5491,1.5653,1.5603,nan,1.5376,1.5298,1.516,1.5098,1.4896,1.4538,1.4707,1.4795,nan,1.4339,1.4396,1.4133,1.4238,nan,1.4098,1.4145,1.4104,1.3792,1.3546,1.3344,1.3208,1.3247,1.3154,1.2933,1.2934,1.288,nan,1.2815,1.2615,1.2538,1.2684,1.2784,1.2824,nan,1.1956,1.1974,nan,1.1866,1.1979,1.1797,1.1594,1.1582,nan,1.1227,1.1125,1.12,1.117,1.0946,1.0961,1.1024,1.067,1.0366,1.0437,1.0469,1.0257,1.0162,1.0298,1.0182,0.99485,1.0056,1.0029,0.98044,0.9822200000000001,nan,nan,0.9394299999999999,0.93165,0.9229,0.9077299999999999,0.8857,0.8925200000000001,0.9123600000000001,nan,0.88775,0.87221,0.88066,0.86721,0.83381,nan,0.8503799999999999,0.8447,0.8352,0.8190000000000001,0.8257399999999999,nan,0.8175100000000001,0.83235,0.8196,0.77617,nan,0.8427100000000001,0.81834,0.7769199999999999,nan,0.7481,0.75597,0.76348,0.7561,0.74832,0.73252,nan,nan,0.6848,nan,nan,0.70475,0.68898,0.6664100000000001,0.65513,0.66194,0.64582,0.6291,nan,nan,0.6354,0.65517,0.63079,0.5932,0.59182,0.61412,0.63364,0.61169,0.58404,0.5869300000000001,0.5759,nan,0.55145,0.56184,0.55101,0.55081,0.5443600000000001,0.52255,0.52932,0.5324399999999999,0.52049,nan,0.53188,0.5159,0.50627,nan,0.5142100000000001,0.49765,0.46598,0.48266000000000003,nan,0.48578999999999994,0.47816000000000003,0.48933000000000004,0.45286000000000004,0.425,0.45011,0.46018000000000003,0.4444,0.42093,0.42033000000000004,0.46225,0.45298999999999995,nan,0.42096999999999996,nan,0.42513999999999996,0.42426,0.40523000000000003,0.3905,nan,0.37031,0.37263,nan,0.35875,0.37019,nan,0.34307,0.32968000000000003,0.32998,nan,nan,0.34202,0.33058000000000004,nan,nan,0.35288,nan,nan,0.34561,0.3285,0.31803000000000003,nan,0.31849,0.31624,0.30777,0.29544000000000004,0.29264,0.30248,0.30772,0.29514,0.29268,0.29046,0.27775,0.28925,0.30433000000000004,0.27951,0.26152,0.26941,0.25935,0.24778000000000003,nan,0.27874,nan,0.24963000000000002,0.25051999999999996,0.24895,0.23409000000000002,0.21223000000000003,0.21381999999999998,0.22835999999999998,0.22135,0.21014000000000002,0.21586,0.2251,0.20817,nan,nan,0.2232,0.20888,0.2096,0.20274,0.1763,0.17805,0.20478,0.20770999999999998,0.19314,nan,0.20016,nan,0.16639,0.16589,0.18107,0.17854,0.16781,nan,0.15835,nan,0.12612,nan,0.1508,0.15528,0.14069,0.12857000000000002,0.13014,0.12558,0.12531,nan,nan,0.096071,0.09798,nan,0.11557,0.11457,nan,0.11523,0.11653,nan,0.10404000000000001,0.097647,0.10742,0.11352000000000001,nan,0.07867400000000001,0.097583,nan,0.09599099999999999,0.082362,nan,0.086894,0.06914400000000001,0.056059000000000005,0.065236,0.085051,0.08443200000000001,0.060684,nan,0.045856,nan,nan,0.057463,0.044563,0.066811,0.069093,0.045042,0.056129,0.062145000000000006,nan,nan,nan,0.049166,nan,0.032237,nan,0.022744,0.015719999999999998,0.0053339,0.018733,0.011526999999999999,-0.010088,-0.0087809,0.00029487,0.017355000000000002,0.015901,-0.0064976,0.0077905,0.021831,nan,0.0049396,0.0050812,-0.014262,-0.022159,-0.019261,-0.027454000000000003,-0.034789,-0.022637,-0.014504,-0.033602999999999994,nan,-0.021509999999999998,nan,-0.037837,-0.020484,-0.04648,-0.055236,-0.041066000000000005,nan,-0.061986,-0.063314,-0.086809,-0.086605,nan,nan,-0.085009,-0.060887000000000004,-0.068307,-0.085832,-0.09139299999999999,-0.11767000000000001,-0.13183,nan,nan,-0.1043,-0.095074,-0.08063200000000001,-0.09539199999999999,-0.11595,-0.11399000000000001,nan,nan,-0.1025,-0.12136,-0.12327,-0.10082999999999999,-0.11095999999999999,-0.12888,-0.12351,-0.11587,-0.12428,-0.14214000000000002,-0.13681,-0.13080999999999998,-0.14179,-0.13510999999999998,-0.12958,-0.14481,-0.14355,nan,nan,-0.15884,-0.14584,-0.13926,-0.14578,-0.15755999999999998,-0.14937,-0.13685999999999998,-0.14637999999999998,nan,-0.15311,-0.16712,-0.20149,-0.19255,-0.1481,-0.15177000000000002,-0.18631,-0.18603,-0.17957,-0.18378,-0.18486,nan,-0.20035999999999998,-0.19415,-0.19858,-0.20163,-0.18067,-0.17014,-0.19618,nan,-0.20335,-0.19647,-0.1975,-0.20364000000000002,nan,-0.22359,nan,nan,-0.21004,-0.19538,-0.18114,-0.20412,-0.22804000000000002,-0.21045999999999998,-0.19383,nan,-0.20352,nan,-0.20110999999999998,-0.21741,-0.20781,-0.22363000000000002,-0.24259,nan,nan,-0.20803000000000002,-0.22468000000000002,-0.18604,nan,-0.23571,-0.22261,-0.20747,-0.21029,-0.18675999999999998,nan,-0.20090999999999998,-0.21389,-0.22696999999999998,nan,-0.18599000000000002,nan,-0.20115999999999998,-0.19994,-0.21126,nan,-0.1957,nan,-0.18117,nan,-0.18947999999999998,-0.20781999999999998,-0.20705,-0.18482,-0.19852999999999998,-0.21055,-0.17645999999999998,-0.15631,-0.16712,-0.16399999999999998,-0.15795,-0.1674,-0.17018,nan,-0.1706,-0.16808,nan,-0.18257,-0.17082999999999998,-0.15812,nan,-0.13919,-0.1439,-0.15679,-0.14532,nan,-0.1292,-0.1382,-0.14787999999999998,-0.15853,-0.15822,-0.15475999999999998,nan,-0.1561,-0.13469,nan,nan,-0.15700999999999998,-0.13287000000000002,-0.13253,nan,-0.14454,-0.15354,-0.1538,-0.13647,-0.13083,-0.13676,-0.15273,-0.15366,-0.13191,-0.11598,-0.11334000000000001,-0.11765,-0.14082999999999998,-0.1522,-0.1224,-0.10338,-0.1259,-0.12797999999999998,-0.10427,nan,-0.14432999999999999,-0.12409,nan,-0.13044,-0.10998,-0.09461599999999999,-0.10803,-0.11687,-0.10722000000000001,nan,-0.10884,-0.11722,-0.09990299999999999,-0.11760999999999999,-0.12500999999999998,-0.09195,-0.093388,-0.10300000000000001,-0.086329,-0.099357,-0.11864000000000001,-0.10285,-0.089187,-0.10061,nan,nan,-0.093214,nan,-0.10097,nan,-0.12978,-0.085906,-0.072534,-0.093472,nan,-0.096609,-0.10592,nan,-0.10411,-0.09464700000000001,-0.080344,nan,-0.06324400000000001,-0.056922,-0.06925,-0.092959,-0.092968,-0.067025,-0.060459000000000006,-0.060738,-0.048718,-0.061264,-0.078832,nan,-0.07443,-0.070143,-0.054353,-0.050344,-0.065501,-0.092928,-0.10073,-0.077427,-0.058351,-0.069069,nan,-0.075347,-0.08678200000000001,-0.085065,-0.092964,nan,nan,-0.072483,-0.093141,-0.073473,nan,-0.13177,-0.074928,-0.047205000000000004,-0.18772
3.0,-0.68416,-0.9017700000000001,-0.8495,-0.7903399999999999,nan,-0.8357899999999999,-0.84193,-0.87685,nan,-0.86262,-0.86292,-0.8505299999999999,nan,-0.87298,-0.8719299999999999,-0.87479,-0.8836,-0.87208,-0.8658799999999999,-0.88376,-0.89628,nan,nan,-0.89343,-0.89613,-0.9062,-0.9088,nan,nan,nan,nan,-0.91353,nan,-0.9396100000000001,-0.9297700000000001,-0.91385,-0.9310200000000001,nan,-0.93285,-0.92969,-0.9417700000000001,-0.9375,-0.9146700000000001,-0.9237700000000001,-0.9526,-0.93979,-0.92435,-0.9459799999999999,-0.95483,-0.94595,-0.96326,-0.9753799999999999,-0.95616,-0.95437,-0.96611,nan,-0.9626299999999999,nan,-0.9634799999999999,-0.96475,-0.9743700000000001,nan,-1.0035,nan,-0.9985799999999999,-1.0085,-0.98335,-0.9853799999999999,-0.9952700000000001,-1.0027,nan,-1.0014,-1.0005,-1.0158,-1.0109,-0.99749,-1.0101,-1.0225,-1.0124,-1.0061,nan,-1.0346,-1.0241,-1.0077,-1.023,-1.0490000000000002,-1.0472,-1.046,-1.0676,-1.0651,-1.0365,-1.0409,-1.0641,-1.0566,-1.0436,-1.0531,-1.0554,nan,-1.0755,-1.0759999999999998,-1.0655,-1.0687,-1.0613,nan,-1.0727,-1.0815,-1.063,-1.0578,-1.0852,nan,-1.0948,-1.0906,-1.0921,-1.0896,-1.0996,-1.1,-1.0928,-1.1002,-1.1031,-1.1042,-1.105,-1.0908,-1.0985,-1.1001,nan,-1.0928,nan,-1.1037,-1.1051,-1.0916,-1.0969,nan,-1.0807,-1.0924,-1.0999,-1.0805,-1.0875,-1.0875,-1.0788,-1.0924,-1.092,-1.0941,nan,-1.1042,-1.1092,nan,-1.1008,nan,-1.0911,-1.0899,-1.0928,-1.1009,-1.11,-1.113,-1.1037,-1.0916,-1.0925,-1.0875,-1.0809,-1.095,nan,-1.1002,-1.1031,nan,nan,-1.091,-1.102,-1.101,-1.0807,-1.0819,-1.0922,-1.0818,-1.0833,-1.1055,-1.1065,-1.0941,nan,-1.1048,-1.1013,-1.0693,-1.0754,nan,-1.0857,-1.0819,nan,-1.0801,-1.0905,nan,-1.0578,-1.0858,-1.0961,nan,-1.079,nan,-1.091,-1.0981,-1.081,nan,nan,nan,-1.0678,-1.0763,-1.0871,-1.0876,-1.0596,-1.0665,-1.085,-1.0788,-1.0795,-1.0742,nan,nan,-1.07,-1.0590000000000002,-1.0582,-1.0692,-1.0628,nan,-1.0487,-1.0585,-1.0407,-1.0275,-1.0357,nan,-1.0231,-1.0209,-1.0211,-1.0128,-1.0076,-1.014,-1.0229,nan,nan,-1.0102,-1.0235,nan,-1.0224,-1.0069,-1.0119,-1.0203,-1.0174,-1.0095,-1.0205,nan,nan,-1.011,-1.0132,-0.98815,-0.97154,-0.99031,-0.99113,nan,-0.9773299999999999,-0.97564,nan,-0.9707600000000001,-0.9716100000000001,nan,-0.95644,-0.97185,-0.9752,-0.97639,-0.96873,-0.9557100000000001,nan,-0.95399,-0.94504,nan,-0.9422200000000001,-0.9419299999999999,-0.94275,-0.95941,-0.9515899999999999,-0.91966,-0.92745,-0.9405899999999999,-0.91846,-0.9114399999999999,-0.9236200000000001,nan,-0.9068200000000001,-0.9247200000000001,-0.92471,-0.91733,nan,-0.92517,-0.9084899999999999,-0.9079999999999999,-0.91619,-0.91865,-0.91445,-0.91906,nan,nan,-0.91532,-0.91853,-0.91022,nan,-0.9089200000000001,-0.90827,-0.8946299999999999,-0.90148,-0.92079,nan,nan,-0.90496,-0.89171,nan,-0.8892200000000001,nan,-0.8629,-0.8839899999999999,-0.8605,-0.8519,-0.87215,-0.84419,-0.8410799999999999,-0.8630399999999999,-0.8388899999999999,-0.82726,-0.85267,-0.8584,-0.83962,-0.8239,-0.82909,-0.83724,-0.8278399999999999,-0.81471,-0.8145899999999999,-0.81405,-0.80404,-0.80055,-0.80211,-0.8034,-0.80277,-0.80003,-0.80395,-0.80376,-0.78374,nan,nan,-0.7686,nan,-0.77207,-0.7791,-0.76986,-0.75505,-0.76031,-0.7672100000000001,-0.76507,-0.78087,-0.78893,-0.7659,-0.75334,-0.76474,-0.7636,-0.7574,-0.75684,-0.75235,nan,-0.76828,-0.74917,-0.74598,nan,-0.74651,-0.7420800000000001,nan,-0.71726,-0.7078300000000001,nan,-0.73048,nan,nan,-0.70848,-0.70492,-0.69933,nan,-0.69434,-0.66948,nan,-0.67548,-0.67581,-0.68823,-0.67773,-0.66502,-0.68729,nan,-0.64302,-0.6509999999999999,-0.66422,-0.65182,-0.6599,-0.6665300000000001,-0.66098,-0.6524800000000001,-0.63861,-0.64871,-0.6476,nan,-0.66163,-0.6461600000000001,-0.61152,-0.6261899999999999,nan,nan,-0.61649,-0.60825,-0.6040800000000001,nan,-0.62584,-0.5956199999999999,-0.60539,nan,nan,-0.59968,-0.6099899999999999,-0.60382,nan,-0.62931,-0.61835,-0.60185,-0.5948100000000001,-0.5927399999999999,-0.59383,-0.5936600000000001,-0.59368,-0.5956100000000001,-0.58812,-0.58244,-0.58329,nan,-0.5715600000000001,-0.58334,nan,-0.59956,nan,-0.57115,-0.58996,-0.58449,-0.5687800000000001,-0.5820000000000001,-0.57617,-0.5660000000000001,-0.57108,-0.5705899999999999,nan,-0.56225,-0.54666,-0.547,nan,-0.55002,-0.56053,-0.5521199999999999,-0.53757,-0.53581,nan,-0.5210899999999999,nan,-0.50588,-0.5242,-0.52351,-0.5277,-0.53622,-0.52617,-0.51959,nan,-0.5223300000000001,-0.5131,nan,-0.52237,-0.51277,-0.49533,nan,-0.48412,-0.50251,-0.49948000000000004,nan,nan,-0.50321,-0.4972,nan,-0.48371000000000003,-0.46796000000000004,-0.47185,-0.4826,-0.49083000000000004,-0.49122,-0.47667,-0.46106,-0.46931999999999996,nan,-0.46426999999999996,-0.45251,-0.45616,-0.45441000000000004,-0.46016999999999997,-0.46721,nan,-0.44366000000000005,-0.44601,-0.45797,-0.45731000000000005,nan,nan,-0.43156000000000005,nan,-0.43504,-0.42158,-0.4095,-0.41853999999999997,-0.41712,nan,-0.43177,-0.4116,-0.41100000000000003,nan,-0.38611,-0.40568000000000004,-0.39724,-0.38804,-0.41891000000000006,-0.40271999999999997,-0.37276,-0.39094,-0.40855,-0.40915999999999997,-0.40755,-0.40998999999999997,-0.41073000000000004,-0.39974,nan,nan,-0.39361,-0.41163,-0.4165,-0.39818000000000003,-0.39558000000000004,nan,-0.38334,-0.38592,-0.37816,-0.37134,-0.39105,-0.40924,-0.39659,-0.37528,-0.37496,nan,-0.38535,nan,-0.38549,nan,-0.35348,nan,nan,-0.36676,-0.36245,-0.35845,-0.34021,-0.35167,-0.3699,nan,-0.35097,-0.35814,-0.36446,-0.36191999999999996,nan,-0.34792,-0.35424,-0.36401,-0.36461,nan,-0.33275,-0.34057,-0.36154000000000003,-0.35175,nan,-0.35108,-0.35516,-0.34202,-0.34008,-0.35022,-0.35978000000000004,nan,nan,nan,-0.34609,-0.35123000000000004,-0.35186,nan,-0.35591999999999996,-0.3272,nan,nan,nan,-0.32816,-0.33994,-0.32868,-0.33488,-0.35358,-0.35172,-0.35299,-0.33807,-0.31433,-0.32483,-0.32695,-0.30746999999999997,-0.32055,-0.3406,-0.31866,-0.30219,-0.3182,nan,-0.30776,-0.30474,nan,-0.32902,-0.31481,-0.3047,-0.31653000000000003,-0.31694,-0.31706,-0.3148,-0.30513,-0.31228,-0.31389,-0.30424,-0.30496,nan,-0.29265,nan,-0.30754000000000004,nan,-0.29215,nan,-0.29247,-0.29288000000000003,-0.29136,-0.28236,-0.27724,nan,-0.29288000000000003,-0.29259,-0.30118,-0.30224,-0.29174,-0.29172,-0.29525999999999997,-0.28799,-0.28129,nan,-0.28055,-0.28083,-0.28187,-0.28071,-0.27812,-0.26609,nan,-0.29116,nan,-0.26996,-0.28078000000000003,-0.27518000000000004,-0.26816999999999996,-0.27003,-0.25989,-0.26282,-0.27147,-0.25685,-0.24514,-0.25833,-0.27452,-0.27061,-0.25118,-0.24186999999999997,-0.25099,-0.2706,nan,-0.2566,-0.24661999999999998,-0.25795999999999997,-0.26032,-0.25624,-0.25939,-0.25954,-0.25151,-0.24268,-0.24856999999999999,-0.25842,-0.25522,-0.26373,-0.27065,-0.25101,nan,-0.24697,nan,nan,nan,-0.2372,-0.25874,-0.24179,-0.23931999999999998,-0.26008000000000003,-0.23919,-0.23269,-0.25643,-0.24297,-0.22185,-0.23806,-0.24481999999999998,-0.23528000000000002,nan,-0.24388,-0.23060999999999998,-0.23567,-0.25223,nan,-0.23689000000000002,nan,-0.25105,-0.25149,-0.23351,nan,-0.24186999999999997,-0.23065,-0.2361,nan,-0.25864000000000004,-0.24835,-0.22244,-0.22946,-0.24363,-0.24616,-0.23542,-0.21973,-0.23742,-0.24416,-0.2351,-0.25386,-0.2499,-0.23462,-0.25640999999999997,-0.25654,-0.23929,nan,-0.2494,-0.23969000000000001,-0.25511999999999996,-0.25751,-0.23605,-0.24586,-0.25827,-0.23489000000000002,-0.22823000000000002,-0.24681999999999998,-0.24203000000000002,-0.23526,nan,nan,-0.25782,-0.25924,-0.2461,-0.22298,-0.22585,-0.24469000000000002,-0.24846999999999997,-0.24484,-0.24745999999999999,-0.24723,nan,nan,nan,-0.22163000000000002,-0.23349,-0.24977,-0.2477,-0.23756999999999998,-0.23110999999999998,-0.23778000000000002,-0.24727,-0.2385,-0.2327,-0.23553000000000002,nan,-0.25975,-0.24663000000000002,-0.22178,-0.23031999999999997,nan,-0.24672,-0.2471,-0.2373,-0.23233,-0.23531999999999997,-0.23569,nan,-0.23348000000000002,-0.23624,-0.24644000000000002,-0.25481,-0.26063000000000003,-0.2567,-0.24761999999999998,-0.2463,-0.24504,-0.24783000000000002,-0.24891999999999997,-0.23512,-0.24086999999999997,-0.25966,-0.2505,-0.24291,-0.24775,-0.24755,-0.24001,-0.22083000000000003,-0.21235,-0.22303,-0.22910999999999998,-0.24591,-0.25906999999999997,nan,-0.23881,-0.22774,nan,-0.23435999999999998,nan,-0.22301999999999997,-0.23654,-0.24486,-0.24968,-0.23998000000000003,-0.22365,-0.22976,-0.23793000000000003,-0.23367,-0.24635,-0.26037,-0.2471,-0.2333,nan,-0.22788000000000003,-0.21924000000000002,-0.22462,-0.23334000000000002,-0.24216,-0.24733000000000002,-0.24731999999999998,-0.25556,nan,nan,-0.23645,nan,-0.2775,-0.25101,-0.2585,-0.27357,-0.25651,-0.24705,nan,-0.26426,-0.27847,nan,-0.25968,-0.266,-0.2646,nan,nan,-0.28868,-0.29085,-0.2811,-0.26985,-0.2791,-0.29711,-0.29403,-0.27487,-0.26899999999999996,nan,-0.29428000000000004,-0.28041,nan,-0.30649,-0.30518,-0.30617,-0.29829,-0.29412,-0.30472,nan,-0.29762,-0.31785,-0.30877,-0.30156,-0.30357,-0.29383000000000004,-0.29752,-0.31708000000000003,-0.32841,-0.31868,-0.30201,-0.31521,-0.32723,-0.31772,nan,-0.31013,-0.3063,nan,nan,nan,-0.32937,-0.34623000000000004,-0.36104,-0.35764,-0.33989,-0.34460999999999997,-0.35645,-0.34601,-0.33947,-0.35438000000000003,-0.36761,-0.36028000000000004,-0.36143000000000003,nan,-0.36325,nan,-0.36979,-0.3775,nan,-0.38811999999999997,-0.39973000000000003,-0.38138,nan,-0.38644,-0.38666999999999996,-0.38297,-0.38681,-0.39747,-0.40181,-0.38283,-0.37494,-0.39574000000000004,-0.40010999999999997,-0.39435,-0.39798,-0.39771,-0.39626999999999996,-0.39771,-0.41183000000000003,-0.43026000000000003,-0.42523,-0.41811000000000004,nan,nan,-0.42323,-0.41383000000000003,-0.4095,-0.42988000000000004,-0.41917,nan,-0.44203000000000003,-0.43955,nan,-0.43211000000000005,-0.42198,-0.42068,nan,-0.44354,nan,-0.45903999999999995,-0.42837,-0.44793,-0.51899,-0.48895,-0.43362,-0.46756000000000003,-0.47663999999999995,-0.45508999999999994,-0.47446000000000005,-0.48001000000000005,-0.45583,-0.46605,-0.4934,nan,-0.48546000000000006,-0.49377,nan,-0.51176,-0.5149100000000001,-0.50957,-0.5016,-0.49918999999999997,-0.5083300000000001,-0.51322,nan,-0.5222100000000001,-0.51369,-0.48175,nan,-0.5769,nan,-0.50788,-0.52169,-0.5259,nan,nan,nan,-0.52915,-0.54122,-0.5485,nan,-0.5451199999999999,nan,-0.5715100000000001,-0.58107,-0.58108,-0.5821,nan,-0.58077,-0.58525,-0.5953,-0.58509,-0.57226,nan,-0.6040800000000001,-0.6079600000000001,-0.6699,-0.67038,-0.6007,-0.5896,-0.59716,-0.5947100000000001,nan,-0.6284,-0.6270600000000001,-0.62656,-0.61757,-0.62102,-0.63456,nan,-0.60631,-0.61826,-0.6346,-0.64157,nan,nan,-0.65268,nan,-0.6663399999999999,-0.65793,-0.6683399999999999,nan,-0.66076,-0.7225600000000001,-0.75575,-0.71192,-0.70028,-0.71902,-0.70439,nan,nan,-0.69738,-0.67509,nan,-0.71624,-0.70457,-0.7119800000000001,-0.71953,nan,-0.73585,-0.74573,-0.74663,-0.73764,-0.75312,-0.77987,-0.77213,-0.75971,-0.75344,-0.74517,-0.75683,-0.77247,-0.7647,-0.77483,-0.80238,nan,-0.7659100000000001,-0.76782,-0.75271,-0.74366,-0.75783,-0.76307,-0.7850199999999999,nan,nan,nan,-0.79909,-0.80048,-0.79184,-0.79419,-0.8127800000000001,nan,-0.78195,-0.7779699999999999,nan,-0.8140000000000001,-0.80366,-0.80585,-0.8192799999999999,nan,nan,-0.8279799999999999,-0.8421,-0.84964,-0.8388100000000001,-0.8353299999999999,-0.83593,-0.8375100000000001,-0.8459899999999999,nan,-0.85003,nan,-0.8352200000000001,-0.84605,-0.8607899999999999,-0.8496799999999999,-0.85516,-0.85714,nan,-0.8667,-0.87,-0.85598,-0.87334,-0.89338,-0.8917799999999999,nan,-0.9079,-0.8967700000000001,-0.8971100000000001,-0.9085,-0.90779,-0.90564,-0.90525,-0.90817,-0.91717,-0.91158,-0.9047299999999999,-0.9203899999999999,-0.9304100000000001,-0.91975,-0.9188799999999999,nan,-0.92245,-0.9062600000000001,-0.90994,-0.9301799999999999,nan,-0.9525100000000001,nan,nan,-0.92432,-0.92971,-0.93001,-0.9402,-0.9379299999999999,-0.91869,nan,-0.93876,-0.93766,-0.9218,-0.91861,-0.9341299999999999,-0.9497200000000001,nan,-0.9186799999999999,-0.93884,-0.92866,nan,-0.9411299999999999,-0.9349200000000001,-0.9257700000000001,-0.9291799999999999,-0.9286700000000001,-0.9402,-0.93091,-0.9183,-0.9384399999999999,-0.9320299999999999,-0.9092899999999999,-0.9196700000000001,nan,nan,-0.93001,-0.93029,-0.9194899999999999,-0.91725,-0.93596,-0.9537100000000001,-0.94606,-0.93363,nan,-0.91927,-0.90789,-0.9093899999999999,-0.93422,-0.94425,-0.92069,-0.9234700000000001,-0.94204,-0.92319,nan,-0.91984,-0.91819,-0.90869,nan,-0.90896,-0.9082899999999999,-0.8924200000000001,-0.9091100000000001,-0.93074,-0.91061,-0.88644,-0.87825,-0.8700399999999999,-0.87067,-0.86851,nan,nan,-0.86187,-0.84152,nan,-0.82649,-0.82796,-0.8162699999999999,-0.81318,nan,-0.7894399999999999,-0.79414,-0.78498,-0.76779,nan,-0.7710600000000001,-0.7549,-0.7653,-0.7644,-0.7499899999999999,-0.75789,-0.7425,-0.6996899999999999,-0.7078800000000001,-0.72034,nan,-0.6763899999999999,-0.68435,-0.66498,-0.6628,-0.65696,-0.65364,-0.66495,-0.6402800000000001,-0.61961,-0.61364,-0.59529,-0.6050399999999999,-0.6171399999999999,-0.58868,nan,-0.5626800000000001,-0.57233,-0.55792,-0.52798,-0.52262,-0.52007,nan,-0.4912,nan,nan,-0.44476000000000004,nan,-0.42568,-0.41722,-0.40033,-0.38361999999999996,-0.39131,-0.39583,-0.36895,-0.34843,nan,-0.36343000000000003,-0.35514,-0.33692,-0.32128,-0.30504000000000003,-0.28445,-0.27912,-0.28031999999999996,nan,-0.2472,-0.21959,-0.22835999999999998,-0.23785,nan,-0.17207,-0.19147999999999998,nan,-0.15874000000000002,-0.14959,-0.12767,-0.099964,-0.093304,-0.09587899999999999,-0.084139,nan,-0.034879,-0.023237,-0.016579,-0.00021898,0.023919,nan,nan,0.072516,0.086031,nan,0.11144000000000001,0.11765,0.13460999999999998,0.16172999999999998,0.18007,0.17961,0.18835,0.21779,nan,0.22404000000000002,nan,0.29639,0.29925999999999997,0.30055,0.31228,0.32889,nan,0.36394,0.35667,0.38495,0.39755,0.38301,0.39299,0.42791,0.45932,0.47701000000000005,0.49518,0.51498,0.5182,0.52045,0.53976,0.56647,0.5848300000000001,0.58499,0.58507,0.61522,0.65081,nan,0.6632600000000001,nan,0.7059300000000001,0.71744,0.73629,0.73092,0.75536,0.81009,0.81999,0.8177800000000001,0.83757,0.85296,0.86903,0.8873700000000001,nan,0.93173,0.9660700000000001,0.9956,nan,nan,1.0173,1.0322,nan,1.0649,1.1035,1.1251,nan,1.1544,1.1949,1.2153,1.2231,1.2481,nan,1.3003,1.3261,1.3452,1.3595,1.3775,1.385,1.3877,nan,1.4485,1.4731,1.4957,1.5016,1.5154,1.5599,1.5879,1.5981,1.6172,1.6340000000000001,1.6565,1.6805,1.6862,1.6915,1.7099,1.7225,1.7311,1.7480000000000002,1.7595,1.7694,nan,1.8038,1.8189,1.8101,1.7983,1.8266,1.8327,1.8256,1.8534,nan,1.8655,nan,1.8613,1.8763,nan,nan,nan,nan,1.88,1.8808,1.8941,1.8894,nan,nan,1.8967,1.8927,1.8952,1.9027,1.9084,nan,nan,1.9036,1.9011,1.8932,1.8948,1.8935,1.8968,1.8917,nan,1.8923,nan,1.8825,nan,1.8438,1.8424,1.8589,1.8321,1.8189,1.8247,1.8128,1.8188,1.8272,1.8036,1.7904,1.7939,1.7778,1.7659,1.7676,1.7501,nan,1.7696,1.7604,1.7289,1.7185,1.7203,1.7122,1.6951,1.6823,1.6866,1.6898,1.6718,1.6612,1.6626,nan,nan,1.6615,1.6421,1.6333,1.6471,1.6345,1.6068,nan,nan,1.5698,1.5804,1.5721,nan,1.5717,1.5944,1.5779,1.5501,1.5473,1.5645,1.5684,nan,1.5119,1.5217,1.5178,1.5136,1.534,1.521,1.4864,1.4923,1.5109,1.5062,1.4996,1.5011,1.4925,1.4889,1.5083,1.5012,1.475,1.4972,nan,1.4680000000000002,1.4579,1.4742,1.4781,nan,1.4921,nan,1.4898,1.4815,1.4638,1.4736,1.4897,1.4801,1.4796,1.4933,1.4892,1.4862,1.4945,1.4831,nan,1.4727,1.4793,1.4778,1.4879,nan,1.4835,1.4769,1.4774,1.4728,1.46,1.4677,1.4879,1.4829,nan,1.4772,nan,1.4601,1.4845,1.4896,nan,1.4746,1.4798,1.4889,1.4889,1.4908,nan,1.4776,1.4844,1.4883,1.4761,nan,nan,1.5064,1.5004,1.4864,1.5074,nan,1.5237,1.5330000000000001,nan,1.5225,1.524,1.5142,1.5171,1.5394,1.5473,nan,1.5481,1.5607,1.5801,nan,1.5677,1.5701,1.5692,1.5752,1.5832,1.5819,1.5819,1.5774,1.5676,1.5693,1.5787,1.5830000000000002,nan,1.5813,nan,nan,1.5836,1.6015,1.6031,1.5855,1.5825,1.5999,1.605,nan,1.5819999999999999,nan,1.6003,1.5926,1.5938,nan,1.6041,nan,1.5964,1.588,1.5981,1.5917,1.5908,1.6054,1.5959999999999999,nan,1.5915,1.5893,1.5804,1.5941,1.6043,1.6030000000000002,1.6042,1.5945,nan,1.5877,nan,1.5929,1.6024,1.6019,1.6072,nan,1.6119,1.5822,1.5831,nan,1.6154,1.6109,1.5932,1.5918,1.5947,1.5932,1.5938,1.5858,1.5779,1.5842,1.5931,1.5991,1.6113,1.6149,nan,1.5867,nan,1.6164,1.607,1.6005,1.607,1.6037,1.5861,nan,nan,1.6042,1.6087,1.5917,nan,nan,nan,1.5892,1.5963,nan,1.5959999999999999,1.5944,1.5923,1.5814,1.5935,1.6074,1.604,1.5972,1.5825,1.5871,1.6044,1.5961,nan,1.605,1.6041,1.608,1.5917,1.5828,nan,nan,1.6098,1.6262,nan,1.5811,nan,nan,nan,1.6035,1.5894,1.6048,nan,1.5995,1.5969,nan,1.584,1.5915,nan,1.5828,1.594,1.605,1.5929,1.6113,1.6192,nan,nan,nan,1.5844,nan,nan,nan,1.5849,1.5807,1.5816,1.5909,nan,1.5943,1.5945,1.5829,1.5862,1.5933,1.5831,1.5816,1.5777,1.5702,1.5879,1.6009,1.585,1.5696,1.5687,nan,nan,1.5699,1.5719999999999998,1.5630000000000002,1.5578,1.5585,1.5501,1.5469,1.5464,nan,nan,nan,1.5223,1.5214,1.5321,1.5354,1.5359,1.5452,1.5423,1.5117,1.5012,1.528,1.5353,nan,1.5231,nan,1.4972,1.4904,nan,1.4948,1.4867,nan,1.4895,1.4894,1.4869999999999999,1.4766,1.4672,nan,1.4669999999999999,1.4656,nan,1.4589,1.4661,1.4558,nan,1.482,1.4866,nan,1.465,1.4621,1.4545,1.4557,1.4468,1.4436,1.442,1.4225,1.4227,1.4325,1.419,1.4082,1.4047,1.3924,1.385,nan,1.4002,1.3943,1.3853,1.3908,1.4011,1.3946,1.3851,nan,1.3776,1.3604,1.3688,1.3756,1.3485,1.3394,1.367,nan,1.3579,1.3612,1.3567,1.3442,1.3551,1.3622,1.35,1.3597,1.3737,1.3631,1.3595,nan,1.3615,1.3556,1.3314,1.3317,1.3381,1.3099,1.3106,1.3306,1.3154,1.3039,1.3028,1.2879,1.2804,nan,1.2926,nan,1.2591,1.2581,nan,1.2709,1.2661,1.2263
1.0,0.38235,nan,nan,0.24706999999999998,nan,nan,nan,0.32041,0.28568000000000005,0.28136,0.30728,0.29303,nan,0.29507,0.27518000000000004,0.25666,0.28058,0.31651999999999997,nan,0.2831,nan,nan,0.27398,nan,nan,0.2933,0.29678000000000004,0.30525,nan,0.29386999999999996,0.27481,nan,0.30678,0.27593,0.29804,0.31745999999999996,0.29704,0.31995999999999997,0.31917,0.30394,0.27555,0.29438000000000003,nan,0.25694,0.27671999999999997,0.25458000000000003,nan,0.32504,0.28605,0.2826,0.30719,nan,0.2763,nan,0.25569000000000003,0.27147,0.27888,0.27585,0.27671,0.27523000000000003,0.24916,0.23413,0.27366,0.24752,0.22503,0.24663000000000002,0.21533000000000002,0.18838,0.19105,nan,0.20985,0.20407,nan,0.15397,0.13971,0.13005,nan,nan,0.17107,0.1176,0.12072000000000001,0.10534,0.057678999999999994,0.093288,0.055844000000000005,nan,0.0056413999999999995,-0.02428,0.012015999999999999,0.013493000000000002,0.0049368,nan,-0.025646,-0.021851,nan,-0.05767100000000001,-0.050711,nan,-0.036385,-0.015502000000000002,-0.021639,-0.021334,-0.017641999999999998,-0.035235,-0.044004,-0.036125,-0.04848,-0.064467,-0.063954,-0.064498,-0.06192999999999999,nan,-0.054612,nan,-0.073639,-0.069765,-0.10575,nan,-0.10363,-0.07501000000000001,-0.073792,-0.12390999999999999,-0.12247000000000001,nan,-0.12722,-0.14635,nan,nan,-0.12963,-0.19347,-0.1796,-0.17293,-0.19261,-0.17228,-0.18092,-0.21420999999999998,-0.18527000000000002,-0.16989,-0.19819,-0.18742,-0.19389,-0.21319000000000002,-0.18928,-0.22945,-0.25952,-0.20328,nan,-0.21197,-0.23529,-0.27589,-0.2703,-0.30922,-0.2896,-0.24595,nan,-0.27066,-0.27825,-0.31827,-0.29595,-0.32033,-0.34425,-0.33643,-0.33539,-0.31690999999999997,-0.34071999999999997,-0.34296,-0.33042,nan,-0.41296000000000005,-0.3874,-0.38226,-0.37861,nan,-0.42331,-0.39228,-0.37440999999999997,nan,nan,-0.40443,-0.42944,nan,-0.4021,-0.43816000000000005,nan,-0.4129,-0.44885,-0.41686999999999996,nan,nan,-0.46683,-0.43362,-0.42867,-0.45155,-0.44051,-0.4477,-0.44573,-0.44616000000000006,-0.44832,-0.43846999999999997,-0.46235,-0.45202,nan,nan,-0.44751,-0.48627,-0.45826000000000006,-0.44006000000000006,-0.50666,nan,nan,-0.5110399999999999,-0.48663,-0.48713999999999996,nan,-0.45661,-0.47823000000000004,-0.49606999999999996,-0.54806,-0.54188,-0.48766000000000004,-0.5260699999999999,nan,-0.5091600000000001,-0.5159,-0.53654,-0.52213,-0.53894,nan,-0.53315,-0.5586,-0.56996,-0.5401199999999999,nan,-0.56679,-0.53764,nan,-0.5534600000000001,nan,-0.59439,nan,-0.60087,-0.59264,-0.6180399999999999,-0.59506,-0.5705899999999999,-0.6011,nan,-0.5808300000000001,-0.5888899999999999,-0.64549,-0.63427,-0.61705,-0.5945,-0.60756,-0.61728,-0.61221,-0.61351,-0.61793,-0.63925,-0.63854,-0.6510699999999999,-0.66637,-0.6130899999999999,-0.59177,-0.62784,-0.63425,nan,-0.5947399999999999,nan,-0.61751,nan,-0.62312,-0.63735,nan,-0.5975600000000001,-0.63771,nan,-0.61538,-0.60547,-0.64442,-0.67171,nan,-0.62069,-0.6402800000000001,-0.61102,-0.63957,-0.60359,-0.60964,-0.63045,nan,-0.64137,-0.6220899999999999,-0.58387,nan,-0.61582,-0.63436,-0.64759,-0.61419,-0.63832,-0.5985199999999999,-0.5884699999999999,-0.59414,nan,-0.65557,nan,-0.63784,-0.63767,-0.61655,-0.6169600000000001,-0.59696,-0.60143,nan,-0.58853,-0.62284,nan,-0.57067,-0.6090399999999999,nan,-0.60175,-0.60838,-0.59635,-0.64212,-0.6164,-0.59049,-0.62858,-0.63012,-0.59433,nan,-0.58458,-0.57409,nan,-0.59077,-0.62888,-0.61665,-0.5777899999999999,-0.60723,-0.61015,-0.5927899999999999,-0.5949,nan,-0.5927399999999999,-0.5838,-0.55405,nan,-0.57015,-0.55094,-0.5531699999999999,-0.55455,-0.5348,-0.53342,-0.5715600000000001,-0.5516,nan,-0.51102,-0.51045,-0.50718,nan,-0.50462,-0.51052,-0.50356,-0.51398,-0.53091,-0.51075,-0.50853,-0.49461000000000005,-0.47966000000000003,-0.49546999999999997,-0.5119600000000001,-0.50392,-0.48802,-0.5078600000000001,-0.51321,nan,-0.45302,nan,-0.4745,-0.44543999999999995,-0.49087,nan,nan,-0.48708999999999997,-0.46103999999999995,-0.44778999999999997,-0.46474,-0.44205,-0.44746,-0.44716999999999996,-0.44437,-0.44447,-0.45201,-0.46637,-0.43012,nan,-0.46675,-0.4471,-0.46108000000000005,-0.45365,-0.44247,-0.43778,-0.423,nan,-0.46688,-0.46696000000000004,-0.44916000000000006,-0.44361999999999996,-0.43700000000000006,-0.4154,-0.43095,-0.44606999999999997,nan,nan,-0.45211999999999997,-0.43901999999999997,-0.45006999999999997,nan,-0.42478999999999995,-0.44921000000000005,-0.4476,-0.42417,-0.43956000000000006,-0.43851,nan,-0.41213999999999995,-0.45363000000000003,-0.44133999999999995,-0.40394,-0.41918,nan,-0.40585,nan,nan,-0.44333,-0.42318,-0.4449,-0.47073000000000004,-0.41573000000000004,-0.40531,-0.43148000000000003,-0.41668999999999995,nan,-0.44646,nan,-0.41953,nan,-0.39884000000000003,nan,-0.43955,-0.42641,-0.44575,nan,-0.4175,-0.42586999999999997,-0.42381,nan,-0.43668999999999997,-0.43531000000000003,-0.38106,-0.42163999999999996,-0.42478999999999995,-0.43855,-0.43391,-0.42713999999999996,nan,-0.44792,-0.46625,nan,-0.43437,-0.44788,nan,nan,-0.47035,nan,-0.46781000000000006,-0.45336000000000004,-0.41489,-0.46166999999999997,-0.43863,nan,nan,-0.40149,-0.44802,nan,-0.39631,-0.42148,-0.41636999999999996,nan,-0.46521,-0.44328999999999996,-0.44732,-0.41111000000000003,-0.38639,-0.4453,nan,-0.38537,-0.43137,-0.42339,-0.44701,-0.44843999999999995,-0.45288999999999996,-0.47835,-0.43362,-0.43303,-0.43758,-0.40226,-0.44603999999999994,-0.45164,nan,-0.3901,-0.42736,-0.43901999999999997,-0.42538000000000004,-0.44668,-0.42596999999999996,-0.4234,-0.42128999999999994,-0.42921000000000004,-0.40446,-0.41678000000000004,-0.44211999999999996,-0.401,-0.42373,nan,-0.39084,-0.42195,nan,-0.43495,-0.44076000000000004,nan,-0.42731,nan,-0.42358999999999997,-0.45109,-0.45006999999999997,-0.45987,-0.41644,-0.4266,-0.42645,nan,-0.43163,nan,-0.3882,-0.43575,nan,-0.40491,-0.44455,-0.44514,-0.45818000000000003,-0.45807,-0.43763,-0.45152,-0.46693999999999997,-0.4661,-0.44785,-0.44359,nan,-0.44206999999999996,-0.44656,-0.44432,nan,nan,-0.44693999999999995,-0.47613,-0.49026000000000003,-0.48577,nan,nan,-0.49037,nan,-0.53251,-0.49549,-0.48356000000000005,-0.48218999999999995,-0.49801000000000006,nan,-0.46507,-0.5101899999999999,-0.5141100000000001,-0.48686999999999997,-0.48783000000000004,-0.48186999999999997,-0.49313999999999997,-0.5131,-0.53268,-0.51125,-0.46399999999999997,nan,-0.53825,nan,-0.52787,-0.50265,-0.53942,-0.5948399999999999,nan,-0.50134,-0.53547,-0.5564899999999999,-0.54369,-0.5273399999999999,nan,-0.53228,-0.5261600000000001,-0.5622,-0.55705,-0.50466,-0.52322,nan,-0.5295300000000001,nan,-0.5771,-0.53501,nan,-0.5373100000000001,-0.5017699999999999,-0.54089,nan,-0.5310199999999999,nan,-0.58187,-0.54046,nan,-0.5852,-0.59023,nan,-0.57198,-0.5734899999999999,-0.55761,-0.54624,-0.55912,-0.57357,-0.57026,-0.57362,-0.59253,-0.59614,nan,-0.56571,-0.57922,-0.59518,-0.59367,-0.61763,nan,nan,nan,-0.64237,-0.58937,-0.60819,-0.6338600000000001,-0.5724199999999999,nan,nan,nan,-0.61806,-0.66394,nan,-0.61851,-0.6168399999999999,nan,-0.5987600000000001,-0.6372399999999999,-0.62315,-0.61541,-0.64623,-0.6540199999999999,-0.61716,-0.6129899999999999,nan,-0.5995199999999999,-0.58813,-0.59878,-0.62011,-0.6390899999999999,-0.63872,-0.63445,-0.6431,-0.61323,-0.63515,nan,-0.6353800000000001,-0.63579,-0.61616,nan,-0.64556,-0.6316,-0.6302399999999999,-0.6081,nan,-0.61564,-0.6361100000000001,-0.64525,-0.59519,-0.61692,-0.63752,-0.6428699999999999,-0.65177,-0.6147699999999999,-0.63568,nan,-0.65004,nan,-0.64817,nan,-0.6119100000000001,-0.66073,-0.66005,-0.6375,-0.64315,nan,nan,-0.61429,-0.66609,-0.6792100000000001,-0.67898,nan,nan,-0.6433,nan,-0.6470899999999999,-0.63988,-0.68092,-0.68233,-0.6552,-0.67074,-0.67667,-0.68348,-0.7025600000000001,-0.69918,-0.7014600000000001,-0.6823199999999999,-0.6708,nan,-0.68389,-0.68808,nan,-0.69192,nan,-0.72009,nan,-0.6947800000000001,nan,-0.69813,-0.69865,-0.70128,-0.70173,-0.69619,nan,-0.7308100000000001,-0.71155,-0.68415,-0.6865600000000001,-0.7228600000000001,-0.70165,-0.73332,-0.7492,-0.72237,-0.72153,-0.7184699999999999,-0.72432,-0.74368,-0.74328,-0.72323,nan,-0.72628,nan,-0.75288,nan,nan,nan,-0.69167,-0.71846,-0.72905,-0.74558,-0.7331300000000001,nan,-0.69933,-0.6997399999999999,-0.72016,-0.71845,-0.7319399999999999,-0.7448100000000001,-0.7763800000000001,-0.77535,nan,-0.73956,-0.75997,-0.76747,-0.74252,-0.7530100000000001,-0.7507699999999999,-0.72272,-0.76594,-0.76444,-0.7782600000000001,-0.78777,-0.77356,-0.7516,-0.7761899999999999,-0.7760600000000001,-0.7437699999999999,nan,nan,-0.76585,-0.81563,-0.8132,-0.7737,-0.79276,-0.82752,-0.8075899999999999,nan,-0.85867,-0.8193299999999999,-0.80599,-0.8364299999999999,nan,-0.87067,-0.82844,nan,-0.89489,-0.87161,-0.87729,-0.88936,-0.8955700000000001,nan,-0.91666,-0.9205200000000001,-0.95075,-0.95089,-0.95457,-0.95173,-0.95662,nan,nan,-0.9432200000000001,-0.9784200000000001,-0.9473299999999999,-0.9414,-0.97993,nan,-0.99885,-0.9960600000000001,-1.0269,-1.0329,-1.0046,nan,-1.038,-1.0403,nan,-1.0358,-1.0579,-1.038,-1.0086,-1.0624,-1.0769,-1.0627,-1.0838,-1.062,-1.0748,-1.0794,-1.0922,-1.0936,-1.087,-1.1257,-1.1041,-1.1319,-1.1688,-1.1588,-1.1778,nan,-1.1897,-1.1898,nan,-1.2509,-1.2202,-1.2111,-1.2393,-1.2595,-1.27,-1.2306,-1.2668,-1.3166,-1.2842,-1.2735,-1.307,-1.3095,-1.2896,-1.275,nan,-1.3169,-1.2925,-1.3129,-1.3391,-1.3385,nan,-1.3603,-1.376,-1.3918,nan,-1.4129,-1.4366,-1.4249,-1.3539,-1.402,-1.4431,-1.4411,-1.442,-1.4466,nan,-1.4551,-1.4693,-1.5082,nan,-1.4713,-1.493,-1.4658,-1.4659,nan,-1.5087,-1.5293,-1.515,-1.4643,-1.4759,-1.4778,nan,-1.5543,-1.5245,-1.5282,-1.5504,-1.5324,-1.5230000000000001,-1.5276,-1.5271,-1.5603,-1.5917,nan,-1.5412,nan,-1.5765,-1.5664,-1.5644,-1.5759999999999998,-1.6153,-1.6138,nan,-1.6340000000000001,nan,nan,-1.6505,-1.6531,nan,-1.6332,-1.6552,nan,-1.6524,-1.681,-1.6683,-1.6487,-1.6362,-1.6540000000000001,-1.6512,-1.6794,-1.7044,-1.6837,nan,-1.6780000000000002,nan,-1.6999,-1.6786,nan,-1.6757,nan,nan,-1.6994,-1.6991,nan,-1.6983,-1.6917,-1.7078,nan,-1.6892,nan,-1.7211,nan,nan,-1.6907,-1.7109999999999999,-1.7080000000000002,-1.702,nan,-1.7214,nan,-1.6961,nan,-1.6919,-1.7043,-1.7171,-1.6952,-1.6989,-1.7173,nan,-1.7055,-1.6880000000000002,nan,-1.7157,-1.696,-1.6781,-1.6698,-1.7123,-1.7042,-1.6971,-1.6845,-1.6825,-1.7199,-1.6788,nan,-1.7038,-1.6802,-1.6648,-1.6473,-1.659,-1.7024,-1.7217,-1.6817,-1.6711,-1.6676,nan,-1.6352,-1.6312,-1.6371,nan,-1.5776,nan,-1.5645,-1.5801,-1.5797,-1.5488,-1.595,-1.5958,-1.5390000000000001,-1.5145,-1.5437,-1.4873,-1.4728,nan,nan,nan,-1.4754,-1.4528,-1.4647,-1.4612,-1.4533,nan,-1.446,nan,-1.4199,-1.4174,-1.3545,-1.3434,-1.3471,-1.2876,-1.3175,-1.3212,-1.2771,-1.2731,-1.2615,-1.2498,-1.2848,nan,-1.2321,-1.2082,-1.2104,-1.1939,-1.1847,-1.186,-1.1519,-1.0965,-1.0841,-1.0681,-1.0208,-1.028,-1.0333,nan,-0.9977799999999999,-1.0214,-1.0202,-0.9426899999999999,-0.9235200000000001,nan,-0.95145,-0.90996,-0.89336,nan,nan,-0.84524,-0.8206100000000001,-0.79847,-0.80085,-0.77749,-0.7854300000000001,-0.7598199999999999,-0.72392,-0.7207399999999999,-0.70114,-0.62764,-0.6238600000000001,-0.62773,nan,nan,-0.53377,-0.5130600000000001,-0.47789,-0.4567,-0.46963,-0.45488999999999996,nan,-0.38093,nan,nan,nan,nan,-0.2843,-0.2216,nan,-0.21118,-0.21231,-0.16680999999999999,-0.10743,-0.10103999999999999,-0.056047,-0.010754999999999999,-0.023471000000000002,-0.020116,-0.0011352,0.009648,nan,0.1276,0.13174,0.16215,0.19641,0.23403000000000002,0.25567,0.25406,0.26995,0.28346,0.32463000000000003,0.40176999999999996,0.39932,0.42505,0.50827,0.48700000000000004,0.53276,nan,nan,0.60236,0.59727,0.65661,0.67824,0.70877,0.73701,0.76208,0.8012600000000001,0.84086,0.8718799999999999,0.8907200000000001,0.9517700000000001,nan,0.99746,1.0203,1.0342,nan,nan,1.124,1.1024,1.1618,1.2088,nan,nan,1.2592,1.3219,1.3378,1.3666,1.4102,1.3745,1.4127,1.4421,1.4553,1.5296,1.4894,nan,1.5312,1.5716,1.5575,1.5589,1.597,1.5919,1.6118,1.6176,1.6094,1.6276,nan,1.6371,1.66,nan,1.6158,nan,1.6251,1.6509,1.6448,1.604,1.621,1.6324,1.6131,1.6327,1.6201,1.6165,1.6027,nan,1.6359,1.6130000000000002,1.6289,1.642,1.6127,1.6295,1.6219999999999999,1.5855,1.595,1.5916,1.5718,1.5699,1.5723,1.5638,1.5368,1.5298,nan,1.57,1.5730000000000002,1.5521,1.5503,1.5449,1.5606,1.5645,1.524,1.5477,1.5549,1.5238,1.5484,1.5292,nan,1.5309,nan,nan,nan,nan,1.5125,1.5136,nan,1.5507,1.5213,1.4848,nan,1.5459,1.5009,nan,1.5427,nan,1.5108,nan,nan,nan,1.5230000000000001,1.5199,1.5065,1.5076,1.5301,nan,1.5075,1.5416,1.5273,1.5126,nan,1.5116,1.5489,1.5104,1.5188,1.5338,1.5232,1.5342,nan,1.5392,1.5082,1.5659,1.5743,1.5611,1.5256,1.5518,1.5577,1.5059,1.5495,1.5311,1.5366,1.5626,nan,1.5456,1.5719,1.5444,nan,1.5705,1.5552,1.5433,1.5630000000000002,nan,nan,1.5957,1.6136,1.6161,1.5962,1.5922,1.5905,1.6038,nan,nan,nan,1.6504,1.6602,1.6423,1.6279,1.645,1.6522,1.6331,nan,1.6583,1.6388,1.6295,1.6456,1.6567,nan,1.6788,nan,1.6580000000000001,1.6529,1.6601,1.6444,1.6327,1.6331,1.6340000000000001,nan,nan,nan,nan,1.6267,nan,1.6538,1.6544,1.6340000000000001,1.6493,1.6605,1.6588,1.6931,nan,1.6405,1.6765,1.636,1.6323,nan,nan,nan,1.6235,nan,1.6521,nan,1.6381,1.6257,1.6545,1.6383,1.6166,nan,1.6534,1.6319,nan,1.6424,1.6306,1.6356,1.6333,1.6334,1.6333,nan,1.6454,1.6095,nan,1.6563,nan,1.6491,1.6136,1.6512,1.6552,nan,nan,1.6319,1.6627,1.6526,1.6547,1.6749,1.6811,1.6532,nan,1.6493,nan,1.6358,1.6761,nan,1.6349,1.6268,1.6038,nan,1.6567,1.6567,1.6765,nan,1.6533,1.6481,1.6239,nan,1.6811,nan,nan,nan,1.6747,1.6829,1.6589,1.6298,1.6652,nan,1.6122,1.6699,1.6545,nan,1.6504,nan,nan,1.6307,1.6298,nan,1.6563,1.6817,1.6937,1.6798,1.6989,1.676,nan,1.6413,1.6422,nan,1.6554,nan,1.6936,1.6540000000000001,1.6722,1.6884,nan,nan,1.6681,nan,1.6363,1.6329,1.6329,1.6333,1.6451,1.6694,1.6804,1.6747,1.6792,1.6762,1.6363,1.6456,1.6740000000000002,1.6789,1.6718,nan,nan,nan,nan,1.6501,1.6733,nan,1.6499,1.6598,nan,1.6138,1.6269,1.6574,nan,1.6351,1.6294,1.6433,nan,1.6557,1.6361,1.6283,nan,1.6369999999999998,1.6115,1.6107,nan,nan,nan,1.6036,nan,nan,1.5552,nan,nan,1.5721,1.5486,1.5622,1.5878,1.5823,1.5308,1.5359,1.5704,1.5302,1.5203,nan,nan,1.5328,1.5365,1.4796,1.5103,1.5278,1.5246,1.524,1.4744,1.4783,1.5159,1.5023,1.4613,1.4235,1.4256,1.4043,1.4153,1.4115,1.3716,1.3821,1.3785,1.3782,nan,1.3776,1.3826,1.3767,1.3834,1.375,1.3573,1.3966,nan,nan,1.3676,nan,1.3219999999999998,1.361,1.3372,nan,nan,1.3444,1.3158,1.3369,nan,1.2546,nan,nan,1.2854,nan,1.2773,1.2962,1.2670000000000001,1.2744,1.2725,1.2576,1.2327,1.2466,1.2482,1.2235,1.2058,1.2129,nan,1.209,nan,1.2049,1.1947,nan,1.1858,1.1868,nan,1.1866,nan,1.1051,1.1536,1.1251,1.1119,1.1451,1.0843,1.0791,1.0799,1.101,1.0805,1.0332,nan,nan,1.0385,1.0265,1.0122,1.0272,1.0064,0.99855,nan,nan,0.93366,0.9349700000000001,0.93225,0.9458700000000001,0.9577100000000001,0.91438,0.8676,0.8935700000000001,0.89695,0.8527100000000001,0.85488,0.82463,0.80975,0.82931,0.80102,0.8055100000000001,0.80867,0.77342,0.7490000000000001,0.74037,0.74748,0.73669,0.72038,nan,0.70317,0.68857,0.65766,0.6826,0.69645,0.6453399999999999,0.63708,0.6352899999999999,0.61951,0.61077,nan,0.65028,0.59309,0.5756100000000001,0.59644,nan,0.54697,0.60325,0.60635,nan,nan,0.57622,nan,0.53065,0.55111,nan,0.5312600000000001,0.52775,0.49983999999999995,nan,0.51299,0.53132,0.5151100000000001,0.48413,0.43418999999999996,nan,0.47534,nan,0.44285,nan,0.40939000000000003,0.3948,0.43111000000000005,0.3895,0.33834000000000003,0.39383,0.37737,0.34012,0.35773,0.35208,0.33271,0.35345,0.32051,0.2717,0.27481,0.27369,0.29706,0.28110999999999997,0.28828000000000004,0.29263,nan,0.29986999999999997,0.27266999999999997,0.23606,0.23019,nan,0.2463,nan,0.26356999999999997,0.25154,0.23304,0.21631,nan,0.16783,0.16458,0.14331,nan,nan,nan,0.12410999999999998,0.13282,0.11483,0.09602100000000001,0.078614,0.058713,0.042005,0.041791,0.041924,0.047957,0.018015,-0.012747,-0.02161,-0.014606000000000001,-4.4576e-05,nan,0.0022906999999999997,-0.031735,-0.035871,-0.00086764,-0.0060555,-0.021569,-0.019684,-0.020931,-0.021230000000000002,-0.015,nan,-0.072395,-0.050256,nan,-0.039868,nan,-0.056046000000000006,-0.058033,-0.012790000000000001,nan,nan,nan,-0.066245,-0.06518,-0.060457000000000004,-0.067953,-0.045958,-0.041615,nan,-0.048631,-0.087921,-0.1045,-0.09646,-0.039682999999999996,-0.073771,-0.057120000000000004,-0.023995,-0.096798,-0.083286,-0.064289,-0.047751,-0.033484,-0.056077999999999996,-0.061610000000000005,-0.066764,nan,-0.085287,-0.083715,-0.10422999999999999,-0.090539,-0.075973,-0.045116,-0.05205599999999999,-0.087427,-0.08641,-0.088269,-0.059576,-0.097441,nan,-0.042634,-0.097241,-0.079967,-0.08695800000000001,-0.090088,nan,-0.061746,-0.099676,-0.05992000000000001,-0.044631,nan,-0.04276,-0.040349,nan,-0.037752,-0.043429,-0.037045,-0.044653,-0.0385,-0.021222,-0.022751,0.0016754,-0.027005,-0.029336,0.012993000000000001,-0.0088008,-0.018916,-0.0017651,-0.013113,-0.056562,-0.052901,nan,nan,-0.0082475,-0.0050676,-0.063197,nan,-0.014811000000000001,nan,-0.028732999999999998,nan,-0.042115,nan,-0.01959,-0.041382,nan,-0.0048143,-0.0012629000000000002,-0.032193,nan,-0.020971,-0.041844,-0.026307999999999998,-0.0017957999999999997,nan,-0.031504000000000004,nan,0.042252,-0.0037336999999999995,-0.0024725000000000003,0.0019229,nan,0.0010124,nan,-0.0029028,0.005934,0.04333,0.024456,-0.00056605,0.0039517,nan,nan,0.016483,nan,0.02125,0.039811,0.065609,0.048273,0.056012,0.06014,0.046205,0.092937,nan,0.10411,nan,0.099315,0.12145999999999998,0.1228,0.10515,0.15991,nan,0.10905999999999999,0.16112
5.0,-0.46543,-0.62932,-0.50367,-0.58449,-0.5445800000000001,-0.56686,-0.58257,-0.54609,nan,-0.5671,-0.56523,-0.56325,-0.55605,-0.5665600000000001,-0.54685,-0.56166,nan,-0.56384,-0.5775,-0.5765100000000001,-0.58497,nan,nan,-0.58126,-0.58663,-0.59768,-0.59554,-0.5846399999999999,-0.60341,-0.5965199999999999,-0.6034,-0.61454,-0.60546,-0.6168600000000001,-0.60695,-0.61144,-0.6170800000000001,nan,nan,nan,-0.62757,-0.6368699999999999,-0.63474,-0.63976,-0.62316,-0.6188600000000001,-0.63977,-0.64688,-0.64758,nan,-0.65632,-0.6631600000000001,-0.65485,nan,-0.64717,-0.66635,-0.65664,-0.66874,-0.6701,-0.65099,-0.65627,-0.64575,-0.65464,nan,-0.65804,-0.65727,-0.67179,-0.67592,-0.67805,-0.6865899999999999,nan,-0.6741,-0.68234,-0.70702,-0.71422,-0.69602,-0.7058,nan,nan,nan,-0.6984199999999999,-0.6995,-0.71872,-0.71817,nan,-0.72273,nan,-0.7217899999999999,nan,-0.72782,-0.7193,-0.70309,-0.72918,-0.73154,-0.72752,nan,nan,-0.7367199999999999,-0.73795,nan,-0.73974,nan,-0.7549899999999999,-0.74693,-0.74787,-0.74535,nan,-0.74635,-0.73443,-0.7509100000000001,-0.74532,nan,nan,-0.7521899999999999,-0.74444,-0.74474,-0.7520600000000001,nan,-0.7682899999999999,-0.75471,-0.77284,-0.77193,-0.76299,-0.76851,-0.77836,nan,-0.75934,-0.7603300000000001,-0.77371,-0.77623,-0.77495,-0.76544,-0.77756,-0.7982899999999999,-0.78099,nan,-0.77258,-0.78399,-0.7955399999999999,nan,-0.78249,-0.79155,-0.78146,-0.79083,-0.78127,-0.7783100000000001,-0.78832,nan,-0.77508,-0.7763100000000001,-0.77845,nan,nan,-0.7883899999999999,-0.7901,-0.76767,-0.77673,-0.78852,-0.78815,-0.79806,-0.78797,-0.78628,-0.7885800000000001,-0.7834899999999999,-0.79215,-0.79577,-0.7847,-0.77775,-0.77695,-0.77685,-0.77486,-0.77991,-0.78854,-0.7861600000000001,-0.78825,-0.78012,nan,-0.78238,-0.77694,-0.7681399999999999,-0.78965,-0.77685,-0.77507,-0.78809,-0.77388,-0.76154,-0.77025,nan,-0.77785,-0.7865800000000001,-0.78265,-0.76293,nan,-0.78325,-0.77884,-0.79872,-0.78045,-0.76452,-0.77307,-0.77737,-0.77299,-0.7650899999999999,-0.76752,-0.76744,nan,-0.77222,-0.78069,-0.7879,-0.76967,-0.75881,-0.77722,-0.76149,-0.7547699999999999,nan,-0.7630899999999999,nan,nan,-0.7672899999999999,-0.75179,-0.746,-0.7696,-0.7530899999999999,nan,-0.74838,-0.75695,-0.76203,-0.7307,nan,-0.7603800000000001,-0.7579600000000001,nan,-0.73931,-0.72555,-0.7255699999999999,-0.72968,nan,nan,-0.73701,-0.7371,-0.7454,-0.7420399999999999,-0.72705,-0.72837,-0.7381300000000001,-0.7360300000000001,-0.72729,-0.73319,-0.74064,-0.72565,nan,nan,-0.69739,nan,-0.72134,-0.71187,nan,-0.71167,nan,-0.73721,-0.72759,nan,-0.72812,nan,-0.71827,-0.7281,-0.72524,nan,nan,-0.70943,nan,-0.72336,-0.70632,-0.6864899999999999,-0.7073699999999999,-0.70849,-0.6989,nan,nan,nan,nan,nan,nan,-0.7045600000000001,-0.70306,nan,-0.6857,-0.68591,-0.68714,-0.68698,nan,-0.67445,-0.67857,-0.68989,-0.69555,-0.6776800000000001,-0.66593,-0.6742600000000001,-0.67248,-0.66069,-0.67172,nan,-0.6569699999999999,-0.6562100000000001,-0.64881,-0.64284,-0.64608,-0.64459,-0.6459600000000001,nan,-0.6465,-0.63876,-0.6331,-0.64284,-0.66056,-0.65178,nan,nan,-0.63769,nan,-0.66127,-0.6484,-0.63488,-0.63761,-0.6380399999999999,-0.62668,-0.62733,-0.6161,nan,-0.60546,-0.59541,-0.59415,-0.60496,-0.59868,-0.59287,-0.5939399999999999,-0.5824699999999999,-0.57653,-0.58563,-0.58003,nan,-0.5856399999999999,-0.5751,-0.55332,-0.56676,-0.56624,-0.57111,-0.5794,-0.56682,-0.56601,-0.56261,-0.55577,nan,nan,-0.5506800000000001,-0.55801,-0.54879,-0.54657,-0.5453100000000001,-0.5353600000000001,-0.5522,-0.5405,-0.50977,-0.52222,nan,-0.50605,-0.52408,nan,nan,-0.4971,nan,-0.50741,-0.505,-0.49618999999999996,-0.48728,-0.48034,-0.49266000000000004,nan,nan,nan,-0.47617,-0.47939,nan,-0.48761000000000004,-0.48399,-0.48378999999999994,-0.48608999999999997,-0.49576000000000003,nan,-0.4509,-0.44364,nan,nan,-0.45683,-0.47511000000000003,-0.45881000000000005,nan,nan,nan,-0.44611999999999996,-0.44398999999999994,-0.44495,-0.45437,-0.44864,-0.43696999999999997,nan,nan,-0.43328,-0.42476,nan,nan,-0.42793000000000003,nan,nan,-0.40765,nan,-0.41534,-0.4206,-0.42003,-0.41138,-0.41525,-0.41456000000000004,-0.41551000000000005,nan,nan,-0.40763,-0.40481999999999996,-0.41802,-0.41189,nan,nan,-0.40016999999999997,nan,-0.37538,-0.36833,-0.39692,nan,-0.37329,-0.37706,-0.36835,nan,-0.37535999999999997,-0.36625,-0.38456,-0.36653,nan,-0.33503,-0.34831999999999996,-0.35846,nan,-0.34426999999999996,nan,-0.34256,-0.35277,nan,nan,-0.32156,-0.3253,-0.35375,-0.33141,-0.32073,nan,-0.31468,-0.32345,-0.31424,nan,nan,-0.31277,-0.31449,nan,-0.30183000000000004,-0.30412,-0.30444,-0.29965,-0.31332,-0.30233000000000004,-0.29196,-0.28991,-0.27363000000000004,-0.28276,-0.2833,-0.28918,-0.28864,-0.28393,-0.29346,-0.28349,-0.28321999999999997,nan,-0.25542,-0.25873,-0.27819,-0.26903,nan,-0.27368000000000003,nan,-0.26208000000000004,nan,-0.24852,-0.24061999999999997,nan,-0.2508,-0.26403000000000004,-0.25466,nan,-0.23805,-0.24824000000000002,-0.25123,-0.22364,nan,nan,-0.23385999999999998,-0.24402,-0.22891999999999998,-0.23489000000000002,-0.24406999999999998,-0.23509000000000002,-0.22614,-0.21528000000000003,-0.21323000000000003,-0.22505,-0.22213000000000002,-0.22232,-0.2335,-0.22369,-0.22775,-0.22816,-0.20800000000000002,nan,-0.21374,-0.20244,-0.2099,-0.20786999999999997,nan,-0.2158,-0.21070999999999998,-0.20309000000000002,-0.22091999999999998,-0.2119,nan,-0.19499,nan,-0.21264,-0.2128,-0.21458000000000002,-0.1965,-0.19591,-0.20223,-0.18792999999999999,-0.18278,-0.19282,-0.20409000000000002,-0.18814,-0.17935,nan,-0.18364,-0.19362000000000001,-0.18361,-0.17931,-0.19375,-0.18264,-0.19050999999999998,-0.20133,-0.18,-0.18295,-0.1842,nan,-0.19004000000000001,-0.18872,-0.18034,-0.18359,-0.19342,-0.195,-0.17626,-0.17375,-0.18649000000000002,-0.17731,nan,-0.17295,-0.17035999999999998,-0.18264,nan,-0.16328,-0.17346,-0.17262,-0.18328,-0.17489000000000002,-0.16773,-0.18086,-0.17695,-0.17249,nan,-0.18311,-0.1813,-0.18573,-0.16768,-0.16698,-0.18739,nan,-0.16351,-0.17861,-0.19573,-0.1731,nan,-0.17762,-0.18172,-0.17244,-0.16276,nan,-0.19205,-0.18747,-0.18041,-0.18367,-0.19378,-0.19459,-0.17627,-0.16844,-0.17886,-0.20002,-0.19976,nan,nan,-0.17349,-0.17702,-0.17800000000000002,-0.15449000000000002,-0.16919,nan,-0.16352,-0.1769,-0.18447,-0.18082,-0.18123,-0.1845,-0.19304000000000002,-0.17425,-0.17618,-0.18887,-0.16997,-0.18092,-0.19033,nan,nan,-0.18293,-0.18734,-0.19105,-0.17720999999999998,nan,-0.18156,-0.17163,-0.1897,-0.19092,-0.20496999999999999,nan,-0.20511,-0.1932,-0.19355999999999998,-0.19054000000000001,-0.20534000000000002,nan,-0.19652,nan,-0.22252,-0.20448,-0.20806,-0.22086,-0.22209,-0.22173,nan,-0.22265,nan,-0.23221,-0.23048000000000002,-0.24268,nan,-0.24008000000000002,-0.24493,-0.25308,-0.25261,-0.25138,-0.25874,-0.28486999999999996,-0.28956,-0.27225,-0.27365,-0.27337,-0.27794,-0.28970999999999997,-0.29224,-0.29373,nan,-0.29473,nan,-0.28891,-0.28557,-0.29227,nan,-0.2891,-0.29254,-0.32166999999999996,-0.32254,-0.32954,nan,-0.32136,-0.32499,-0.33462,nan,-0.32977,-0.32245,-0.34526,-0.35309,-0.35511,-0.36485,-0.36363,-0.37085999999999997,-0.3747,-0.37362,nan,nan,-0.39475,nan,-0.41086999999999996,-0.41928999999999994,nan,-0.41957,-0.41567,-0.42488000000000004,-0.41585,-0.41884,-0.43007,-0.43772,-0.4457,-0.44358000000000003,nan,-0.44041,nan,-0.47263999999999995,-0.48238000000000003,-0.49625,-0.49617,-0.50639,-0.4964,-0.50098,-0.50303,-0.48766000000000004,nan,-0.52751,-0.52574,-0.52378,-0.53969,-0.55291,nan,nan,-0.56609,-0.55519,nan,-0.56175,-0.55991,-0.55415,nan,-0.57348,nan,nan,-0.57932,-0.58808,-0.5853,-0.60092,-0.60502,-0.6180100000000001,-0.64508,-0.6386,-0.63955,-0.64688,-0.6459600000000001,nan,-0.6674899999999999,-0.67605,-0.6785899999999999,-0.67195,-0.6865399999999999,-0.69685,-0.69655,nan,-0.69529,-0.72023,nan,-0.7277600000000001,nan,nan,-0.74912,-0.75854,-0.7467699999999999,-0.7532800000000001,-0.75547,nan,nan,nan,nan,-0.7886,-0.79102,-0.80191,nan,-0.8296100000000001,-0.8276700000000001,-0.83673,-0.85526,-0.85624,nan,-0.86856,-0.8673,-0.8805200000000001,-0.8977799999999999,nan,-0.90107,-0.91819,-0.9312299999999999,nan,-0.9189700000000001,-0.9285700000000001,nan,-0.9536,-0.9310299999999999,-0.93906,-0.97554,-0.9795200000000001,-0.98865,-0.9898100000000001,-0.98987,-1.0128,-1.0154,-1.0086,-1.0215,-1.0294,-1.0363,nan,-1.0524,-1.0643,-1.0671,-1.0595,-1.0692,-1.0871,-1.0904,-1.0896,-1.1097,nan,-1.1337,-1.1517,-1.1395,-1.1505,-1.1345,nan,nan,-1.1509,-1.171,-1.1552,nan,-1.1906,-1.1797,-1.1892,nan,nan,nan,-1.2189,-1.2264,-1.2262,-1.2217,-1.2434,-1.2417,-1.2304,-1.238,-1.235,nan,-1.2474,-1.2616,nan,-1.2699,-1.2770000000000001,nan,-1.2849,-1.2823,nan,-1.3026,-1.3052,-1.2728,-1.287,-1.3017,-1.3044,-1.3083,-1.2826,-1.2985,nan,-1.3022,-1.2888,-1.2853,-1.3005,-1.2825,-1.2982,-1.304,-1.2972,-1.3019999999999998,nan,-1.2883,-1.2827,-1.2906,-1.2849,-1.2735,nan,nan,-1.2424,-1.2515,-1.2412,-1.2467,-1.2479,-1.2267,-1.2207,-1.2325,-1.2203,-1.2089,-1.2304,-1.2108,-1.1986,nan,nan,nan,-1.1715,-1.1625,nan,-1.1543,-1.1559,-1.1344,-1.1196,nan,-1.1101,-1.1001,-1.0738,-1.0678,-1.0524,-1.0289,-1.0388,-1.0325,-1.0207,-1.0111,-0.9868,-0.9636399999999999,nan,nan,-0.91302,-0.91105,-0.91689,-0.90056,-0.8959,-0.87579,nan,-0.84024,-0.82005,-0.78838,-0.77061,-0.7639100000000001,-0.74483,-0.72722,-0.72775,-0.7128,-0.69734,-0.6715800000000001,-0.65489,nan,-0.6190399999999999,-0.5898399999999999,-0.5662699999999999,nan,-0.54795,nan,nan,nan,-0.43904,-0.42246999999999996,-0.39171,-0.36546999999999996,-0.34406,nan,nan,-0.27881,nan,nan,-0.16912,-0.14842,nan,-0.093514,-0.05807999999999999,-0.028366000000000002,-0.010860999999999999,0.013949000000000001,0.050334,0.071242,nan,0.12287999999999999,nan,0.18458,0.19927999999999998,0.25106999999999996,0.29320999999999997,nan,0.32324,0.36056,0.39945,0.43883,0.46018000000000003,nan,0.52293,0.5371100000000001,0.5749,0.59229,0.6250600000000001,0.66385,0.70391,0.7542300000000001,0.75345,0.78706,0.8280200000000001,0.84673,0.89228,nan,0.9557399999999999,0.9722700000000001,1.0156,1.0796,1.1031,1.1164,1.1685,1.209,1.2416,1.2890000000000001,1.3078,1.3479,1.422,1.4252,1.4307,1.5026,1.535,1.5671,1.6130000000000002,nan,1.6922,1.7332,nan,1.8212,nan,1.9124,1.9575,1.9927,2.0361,2.0701,2.1167,2.177,2.21,2.2411,2.2982,nan,nan,2.3802,nan,2.4447,2.4707,2.5049,2.5192,2.5358,2.5644,2.5727,nan,2.6284,2.6281,2.6308,2.6389,2.6451,2.6593,2.6497,2.6372,nan,2.6486,2.6475,2.67,2.6547,nan,2.6555,2.6356,2.6398,2.6315,2.6202,2.6141,2.5987,2.5803,2.5651,2.5463,2.5201,2.5161,2.5164,2.4922,2.4925,nan,2.4652,2.4493,nan,nan,nan,2.3855,2.3645,2.3556,2.3372,2.3461,2.3304,2.3023,2.2883,2.2577,nan,2.2467,2.2232,2.1973,2.1989,2.1858,2.1586,2.1444,nan,2.1293,2.1024,2.093,2.0924,2.0823,2.0722,2.0458,2.0349,2.0279,2.0233,2.0235,2.0088,1.9926,1.994,1.9969,1.9723,1.9597,nan,1.96,nan,nan,1.9082,1.8892,nan,nan,1.8841,1.8928,1.8736,1.8976,1.9032,1.8814,1.8875,1.8773,1.8614,1.854,1.8516,1.8693,nan,1.8578,1.8505,1.8429,nan,nan,1.8325,1.8281,1.8219,1.8389,1.8281,1.8138,1.8411,1.8314,nan,1.8159,1.8277,1.8315,1.8230000000000002,nan,1.8381,1.8295,1.8330000000000002,nan,1.8164,1.8335,nan,1.8275,1.815,1.839,nan,1.8015,1.8138,1.8035,1.8179,1.8179,nan,1.8494,nan,1.8141,1.8321,1.8266,1.8192,1.8261,1.8159,nan,1.8245,1.844,1.8328,1.8412,1.8371,1.8377,1.8545,1.8315,1.8218,nan,1.8166,1.8366,1.8393,1.8348,1.8430000000000002,1.8238,1.8305,1.8234,1.8103,1.8313,1.8301,1.8229,nan,1.821,1.8267,1.8094,nan,1.838,1.8318,1.8228,1.8233,1.8212,1.8245,1.8185,nan,1.8133,1.8131,1.8158,1.8026,1.8113,nan,nan,1.8148,nan,1.8077,nan,1.7949,1.7966,1.7837,1.8042,1.7937,1.7928,1.785,nan,1.7732,1.7655,1.7828,1.764,1.7616,1.7575,1.7497,1.7530000000000001,nan,1.7743,1.7645,nan,1.7595,1.7498,nan,1.7358,1.7298,1.7225,1.7317,1.7254,1.722,1.7178,1.695,1.6932,1.7021,nan,1.7056,1.6876,1.6903,1.7172,1.6969,1.6724,1.6722,1.6656,1.6588,1.6628,nan,1.6215,1.641,nan,1.6187,1.6315,1.6226,1.6112,1.6219999999999999,1.6011,1.5886,1.6096,nan,nan,nan,1.564,1.5813,1.5466,1.5412,1.5648,nan,1.5407,1.5397,1.5307,1.5390000000000001,1.5439,1.5331,1.5306,1.5301,1.5308,nan,nan,1.5091,1.506,1.4993,1.4991,1.4885,nan,nan,1.4589,1.4612,nan,1.4734,1.4656,nan,1.4377,1.4515,1.4373,1.4269,1.4304,1.4295,1.4293,1.4122,1.4113,1.4455,1.4366,nan,1.4040000000000001,1.4206,1.4204,nan,nan,1.4038,1.3972,1.3863,1.3802,nan,1.3774,1.3518,nan,1.3587,1.3457,1.3395,1.3309,1.3192,1.3216,1.3091,1.2956,1.2994,1.2983,nan,1.2849,nan,1.2947,1.2879,1.2521,1.2598,1.26,1.2396,1.2415,1.2267,1.2193,1.2291,1.2163,1.1997,nan,1.1876,1.2041,1.1682,1.148,nan,1.1485,1.1342,1.0963,1.0925,1.1135,1.1039,1.0964,1.0871,1.0936,nan,1.085,1.0752,1.0617,1.0457,1.0381,1.0181,1.0249,1.0156,0.98926,1.0015,0.9812700000000001,0.94675,nan,0.92438,0.9171100000000001,0.9278200000000001,0.90902,0.89449,0.8856200000000001,0.88607,0.8747,0.8558899999999999,0.8590899999999999,0.84929,0.82168,0.81523,0.80867,nan,0.77955,nan,0.76303,0.75242,0.7439399999999999,nan,0.7501,0.73028,nan,0.68485,0.69545,0.68425,0.67483,0.6630699999999999,0.63702,0.63944,0.64145,0.62002,nan,0.5857399999999999,0.5757800000000001,0.5669,nan,0.55987,nan,nan,0.5372100000000001,0.50742,0.50374,0.49746,0.49531000000000003,0.5014,0.47197,0.46133,0.46058999999999994,0.43077,0.42248,0.42046000000000006,nan,0.43183,0.40401,0.40260999999999997,0.3861,nan,0.35855,0.35259,0.35113,0.32326,0.32745,0.32961999999999997,nan,0.30708,0.28689000000000003,0.26973,0.27731999999999996,0.29695,nan,0.23643000000000003,0.24140999999999999,0.24235,0.23901,0.20257,0.20744,nan,nan,0.17837,0.16992000000000002,0.17997,0.17324,nan,0.13725,0.14298,nan,nan,nan,0.099314,0.084228,nan,0.097207,0.079834,nan,0.04937,0.049575,0.049671,nan,nan,0.018458000000000002,nan,0.0073634,-0.00015648,-0.017077000000000002,-0.024118999999999998,-0.017553,-0.025697,-0.032409,-0.043093,nan,-0.061158000000000004,-0.071797,-0.089706,-0.088253,nan,-0.094835,-0.12140999999999999,-0.1146,-0.11062999999999999,-0.11114,-0.1148,-0.12251,-0.13482,nan,-0.17625,-0.1605,-0.17212,-0.18835,-0.20965,nan,-0.2045,-0.2074,nan,nan,-0.23333,-0.25666,-0.26395,-0.26406999999999997,-0.25201,-0.26579,-0.27789,-0.29156,-0.30172,-0.28158,-0.28374,-0.29225999999999996,-0.29743,-0.31106,-0.30919,-0.30251999999999996,-0.31609,-0.32463000000000003,-0.32223,nan,-0.3459,-0.3398,-0.34743,-0.36676,nan,-0.37396999999999997,-0.37490999999999997,nan,-0.39532,-0.4012,-0.39576999999999996,-0.42445,-0.42653,-0.41947,-0.43199,-0.42978,-0.4219,-0.42468999999999996,nan,-0.42294,-0.4314,-0.43406999999999996,-0.4352,nan,-0.46705,-0.46616,-0.46335,-0.4804,-0.48084,nan,-0.49403,-0.5039899999999999,-0.48563,-0.49191,-0.50595,nan,-0.51447,-0.5253899999999999,-0.52617,-0.53638,-0.53527,-0.54268,-0.54525,-0.5481199999999999,-0.55577,-0.55485,nan,-0.55445,-0.56301,-0.56438,-0.5663600000000001,nan,-0.54524,nan,-0.57735,-0.56463,-0.57177,nan,-0.5804,-0.5965,-0.58602,-0.5757899999999999,nan,-0.61183,-0.61221,nan,-0.63495,-0.61611,nan,-0.62761,-0.6282399999999999,-0.64394,-0.64075,-0.62175,-0.617,nan,-0.6250399999999999,-0.63229,-0.63578,-0.63845,-0.64578,-0.63647,-0.6360399999999999,-0.64471,-0.64088,-0.6313300000000001,-0.64183,-0.6432,-0.63756,nan,-0.63725,-0.6379600000000001,-0.62662,nan,-0.6574399999999999,-0.64574,nan,nan,-0.62624,-0.65363,-0.64407,-0.62555,nan,nan,-0.63965,nan,-0.63278,-0.6248600000000001,-0.64247,-0.65651,-0.6469199999999999,-0.64585,-0.63908,-0.63468,nan,-0.6392,-0.6579,-0.64812,nan,-0.63315,-0.63215,-0.62254,-0.62737,-0.62595,-0.62662,-0.6279,nan,-0.64262,nan,-0.6413399999999999,-0.63626,-0.62739,-0.62459,-0.63737,nan,-0.6300100000000001,-0.61726,-0.63878,-0.63767,-0.62903,-0.6089399999999999,-0.6150800000000001,-0.6492399999999999,-0.63641,-0.61516,-0.6169,-0.59944,nan,-0.58234,-0.5673199999999999,nan,-0.56381,nan,-0.5647399999999999,-0.55795,-0.5532699999999999,-0.5515800000000001,-0.54266,-0.53346,nan,nan,-0.50161,-0.49635,-0.5081899999999999,-0.50225,-0.49365,nan,-0.50748,-0.48131999999999997,-0.47216,-0.47135,-0.48125,-0.49298000000000003,-0.45566999999999996,-0.45198,-0.45945,-0.44037,-0.42843000000000003,nan,-0.43817,-0.44528,nan,-0.43105,-0.429,-0.42341000000000006,nan,-0.44478,-0.44536000000000003,-0.43626000000000004,-0.42525,-0.4217,-0.42751000000000006,-0.43405,-0.42061000000000004,-0.42549,-0.45378,-0.44143000000000004,-0.42813999999999997,-0.43608,-0.41153999999999996,nan,-0.43543999999999994,-0.42617,-0.42108,-0.4299,-0.43365,-0.41408999999999996,-0.42141000000000006,-0.45605,nan,-0.43176000000000003,-0.42962,-0.42227,-0.44132,-0.4423,nan,-0.43487,-0.43268,nan,-0.42533000000000004,-0.42778999999999995,-0.43223,-0.42486999999999997,-0.4349,-0.42338000000000003,nan,-0.43638999999999994,-0.42223,-0.43571000000000004,-0.42341000000000006,nan,-0.42606000000000005,nan,-0.43428,-0.44606,-0.44298999999999994,-0.4339,nan,-0.44625,-0.42748,-0.43151000000000006,-0.44613,-0.44583,-0.45516999999999996,nan,nan,nan,nan,-0.43718,-0.43863,nan,-0.46648999999999996,-0.46343,-0.47056000000000003,-0.47673999999999994,-0.46793999999999997,-0.46818000000000004,-0.48623,-0.48546000000000006,-0.49256000000000005,nan,-0.48983999999999994,-0.47993,-0.49025,nan,-0.49603,-0.50308,-0.50503,-0.5122399999999999,nan,-0.52017,-0.51574,nan,-0.53273,-0.54381,nan,nan,-0.55377,-0.55689,nan,nan,nan,-0.56935,-0.56814,-0.57317,nan,-0.5865199999999999,-0.5773199999999999,-0.5814699999999999,nan,-0.57743,-0.60134,-0.60555,nan,-0.64205,-0.6448,-0.6178600000000001,-0.6229,nan,-0.64846,-0.6573,-0.6369600000000001,nan,nan,nan,-0.6520600000000001,-0.67979,-0.67875,nan
2.0,-0.69993,-0.8075100000000001,-0.70298,nan,nan,-0.74808,-0.7229800000000001,-0.76176,-0.73753,-0.7149,nan,-0.7390899999999999,-0.75027,nan,nan,-0.72327,-0.73051,-0.71068,nan,-0.70263,-0.70717,-0.71446,-0.70011,nan,-0.70245,nan,nan,-0.6974,-0.67938,-0.6924399999999999,-0.68797,-0.70316,nan,-0.68395,-0.6918,-0.69481,-0.68434,-0.65993,-0.6956600000000001,nan,-0.69265,-0.68571,-0.66999,-0.67179,nan,-0.67948,-0.67384,-0.6764,-0.69382,-0.67657,nan,-0.6785899999999999,-0.65994,-0.67164,-0.66035,-0.6674,-0.68003,nan,-0.6721600000000001,nan,-0.65813,-0.64722,-0.66159,-0.65596,-0.6446,-0.6380600000000001,-0.64851,nan,-0.63681,nan,nan,nan,-0.66089,-0.67577,nan,-0.70568,-0.68115,-0.67301,-0.69572,-0.70544,nan,-0.70602,-0.7105600000000001,nan,-0.71764,-0.7247100000000001,nan,-0.68572,nan,-0.69143,nan,-0.68138,nan,nan,-0.70515,-0.69393,-0.7018300000000001,nan,-0.6651,-0.6844,nan,-0.6523399999999999,-0.67355,nan,-0.6364,-0.63722,-0.64983,-0.64745,-0.6266,-0.62717,-0.61288,nan,-0.62308,-0.6136,-0.62831,-0.59724,-0.61382,-0.6008100000000001,-0.60197,-0.6359,-0.60146,nan,-0.59372,-0.61015,-0.6158,-0.62019,-0.6211300000000001,-0.60788,-0.6177600000000001,-0.6046100000000001,nan,-0.62772,-0.6079600000000001,nan,nan,-0.60368,-0.6235,-0.62833,-0.62184,-0.635,nan,-0.63665,-0.6348,-0.6400399999999999,-0.64678,nan,-0.64317,-0.67237,nan,-0.65925,-0.6814100000000001,-0.6822699999999999,-0.68225,-0.67967,-0.68479,-0.67037,-0.68314,nan,-0.7012,-0.70538,nan,-0.71335,-0.6938,-0.7158800000000001,-0.71426,-0.73666,-0.71231,-0.7119300000000001,-0.73855,-0.73407,-0.7379399999999999,-0.7358,nan,-0.7523,nan,-0.7398,-0.76195,-0.73915,-0.75605,-0.76357,-0.76275,nan,-0.78437,-0.75981,-0.76559,-0.7721600000000001,-0.79195,-0.80347,-0.79576,-0.80607,nan,-0.8042600000000001,-0.80558,-0.8155,nan,nan,-0.80877,-0.8166399999999999,-0.84019,-0.80501,-0.82965,-0.84806,-0.8292200000000001,-0.8404200000000001,-0.83935,-0.8619600000000001,-0.8430799999999999,-0.85156,-0.86836,-0.8542,-0.87298,-0.8644700000000001,nan,-0.8693799999999999,-0.86515,-0.8852399999999999,nan,-0.88564,-0.88531,-0.88469,-0.88194,-0.8947700000000001,-0.8850100000000001,nan,-0.90876,-0.9068799999999999,-0.90161,-0.8976700000000001,-0.9062,-0.8962100000000001,-0.90853,nan,-0.9056299999999999,-0.91875,-0.91815,-0.9183899999999999,-0.9177,-0.9177,-0.91791,-0.9174899999999999,nan,nan,-0.9203,nan,nan,-0.9204899999999999,nan,nan,nan,-0.9201,-0.9187700000000001,-0.9147700000000001,-0.9233299999999999,-0.90499,-0.90294,-0.93061,-0.9182100000000001,nan,nan,-0.94152,-0.9226700000000001,-0.9224399999999999,nan,nan,-0.92617,nan,-0.9216200000000001,-0.9375399999999999,-0.91355,-0.9212100000000001,-0.93101,nan,-0.90856,-0.9282799999999999,-0.9293600000000001,-0.9385100000000001,-0.9328299999999999,nan,-0.92243,nan,-0.9303299999999999,-0.92817,-0.9269,-0.9184399999999999,-0.93176,-0.94206,-0.94195,-0.9412799999999999,-0.9332,-0.9166799999999999,-0.93368,-0.9410299999999999,nan,nan,-0.93129,nan,-0.92491,-0.91891,nan,-0.95378,-0.94258,-0.9405399999999999,-0.9328200000000001,nan,-0.9509700000000001,-0.91041,-0.9288,-0.9485600000000001,-0.92453,-0.94601,-0.93645,-0.9293799999999999,-0.93047,-0.94201,-0.94234,-0.9306399999999999,-0.93505,-0.94709,-0.9193600000000001,nan,nan,-0.9339299999999999,nan,-0.90423,-0.9221799999999999,-0.9311799999999999,nan,-0.93034,-0.9411799999999999,-0.9298,nan,-0.91845,-0.91002,-0.9451700000000001,-0.9246200000000001,nan,nan,-0.90954,-0.89681,-0.9223899999999999,-0.93032,-0.9283899999999999,nan,-0.92217,nan,-0.92871,-0.91791,-0.9329799999999999,-0.92804,-0.94457,-0.9156799999999999,-0.91385,-0.94124,-0.9183,-0.92015,nan,-0.9327200000000001,-0.9069,nan,-0.93147,-0.9104899999999999,-0.92574,-0.9304399999999999,-0.94463,-0.93366,-0.91835,nan,-0.92974,nan,-0.92829,-0.93165,-0.91824,-0.92643,nan,-0.9238799999999999,-0.95209,-0.94434,-0.9422200000000001,-0.93465,nan,-0.94344,nan,-0.94124,-0.94247,-0.93794,-0.9520799999999999,-0.9371,-0.92355,-0.93847,-0.96121,-0.9557100000000001,-0.93591,nan,nan,-0.94284,-0.94226,-0.9414100000000001,nan,-0.92485,nan,nan,-0.95214,-0.94547,-0.94121,nan,-0.9471200000000001,-0.94101,nan,nan,-0.9537,-0.94181,-0.94235,-0.92871,-0.93915,-0.92953,-0.94194,-0.94371,-0.9251,nan,-0.9335,-0.9369299999999999,-0.92095,-0.95391,nan,-0.9378299999999999,-0.9516700000000001,nan,-0.94179,-0.9430299999999999,-0.9249200000000001,-0.92885,-0.9555,-0.93185,nan,nan,-0.9411299999999999,-0.94227,-0.9531200000000001,-0.9427399999999999,-0.9399200000000001,-0.9342,-0.9182600000000001,-0.92715,-0.95083,nan,-0.94111,nan,-0.9310200000000001,-0.9406200000000001,-0.93005,-0.93073,-0.91891,-0.93048,-0.9091,-0.92199,-0.92309,-0.92232,-0.92464,-0.91822,-0.91215,-0.9144200000000001,-0.9568399999999999,-0.93789,-0.93071,-0.9308799999999999,-0.91964,-0.9191600000000001,-0.9169200000000001,-0.9258700000000001,-0.9245399999999999,-0.9100299999999999,nan,-0.9098,-0.9205899999999999,-0.91586,nan,-0.90869,nan,nan,-0.90802,-0.9156200000000001,-0.91458,nan,-0.9103600000000001,-0.9138799999999999,-0.9047,-0.90566,-0.91046,-0.9166,nan,-0.89718,-0.88594,nan,nan,nan,-0.88044,-0.8910899999999999,-0.89686,-0.8891399999999999,nan,-0.86764,-0.8634700000000001,-0.8743200000000001,-0.8608299999999999,-0.86403,-0.8751,-0.8634299999999999,-0.86315,-0.84536,nan,-0.8658399999999999,-0.8406899999999999,-0.8296899999999999,-0.83739,-0.8269299999999999,-0.8426,-0.83694,nan,-0.8401299999999999,-0.8177399999999999,-0.83804,nan,-0.81985,-0.8356600000000001,-0.81015,-0.80591,nan,-0.7983600000000001,-0.82031,-0.79756,-0.7850699999999999,nan,-0.79528,-0.80628,-0.7961,-0.78708,-0.77065,-0.78722,-0.78001,-0.74957,-0.77072,nan,-0.7482,-0.7631899999999999,-0.7600399999999999,-0.77455,nan,-0.74124,-0.74437,-0.75236,nan,nan,-0.75063,-0.72575,-0.73417,-0.75266,-0.76279,-0.75693,-0.73779,nan,-0.73968,-0.72717,-0.7350300000000001,nan,-0.7118,nan,-0.70965,-0.71437,-0.71712,-0.69242,-0.73559,-0.72172,-0.70519,-0.7168,-0.71646,-0.7155,-0.7155199999999999,-0.71508,-0.70962,-0.6939,nan,-0.68705,nan,-0.69391,-0.67715,-0.68691,-0.70402,nan,-0.6818,-0.67203,nan,-0.6743600000000001,-0.67009,-0.6578,nan,-0.66217,-0.65613,-0.65983,-0.65782,-0.64644,-0.6381399999999999,-0.6381899999999999,nan,-0.64095,-0.6148399999999999,-0.62927,nan,-0.62802,-0.6349199999999999,-0.62092,nan,-0.6406,-0.6453399999999999,-0.61216,-0.6036199999999999,-0.6038,-0.59278,nan,-0.59935,-0.58109,-0.61834,-0.60483,-0.57604,-0.59664,-0.58987,-0.60644,-0.59928,nan,-0.59277,nan,-0.59138,nan,nan,-0.5656899999999999,-0.5473600000000001,nan,nan,-0.5482600000000001,-0.53447,nan,-0.52446,-0.53665,-0.5362899999999999,nan,-0.51637,-0.516,-0.53062,-0.50766,nan,-0.53659,-0.4985,-0.48935,-0.50661,-0.50898,-0.50376,-0.53657,-0.49382,-0.49672,-0.50373,-0.49787,-0.50122,-0.49996,-0.49511000000000005,-0.49023,nan,-0.51067,-0.49777,-0.50315,nan,-0.47967,-0.50042,-0.49167,-0.49275,-0.46466,-0.45771000000000006,nan,-0.465,-0.4656,-0.47105,-0.47468999999999995,-0.43872,-0.43563,-0.43392,-0.4117,-0.42113,-0.42282,-0.42155,-0.42595,-0.44635,nan,-0.40981000000000006,-0.42313999999999996,-0.40418000000000004,-0.41593,-0.42028000000000004,-0.41138,nan,nan,-0.38941,nan,nan,-0.3742,-0.37746999999999997,-0.36841,nan,-0.35391,nan,-0.35948,-0.3562,-0.36607,-0.35517,-0.35458,-0.34628000000000003,-0.3333,-0.33588,-0.36051,-0.3558,-0.33689,nan,-0.33403,-0.32036,-0.33361,-0.31781,-0.31034,nan,-0.30107,-0.29753,-0.29213,-0.27548,-0.28059,nan,-0.27921,-0.27549,nan,-0.26319000000000004,-0.26337,-0.26561999999999997,-0.2764,-0.25537,-0.25311,-0.24566,nan,-0.25114000000000003,-0.24752,-0.24086999999999997,nan,-0.23321999999999998,-0.20820999999999998,-0.23467,-0.24420999999999998,-0.25351,-0.23155,-0.2413,-0.24256,nan,-0.23101999999999998,-0.23875,nan,-0.21846999999999997,nan,nan,-0.21186,-0.21600999999999998,-0.19649,-0.22127,-0.23203000000000001,-0.2083,-0.21721999999999997,-0.21141999999999997,-0.20390999999999998,-0.20920999999999998,-0.20342000000000002,-0.21339,nan,-0.20379,-0.2093,-0.20534000000000002,-0.21001999999999998,-0.23146,-0.22033000000000003,-0.21,nan,-0.19214,-0.1978,-0.20010999999999998,-0.20983000000000002,-0.20390999999999998,-0.20939000000000002,nan,-0.19702,-0.19610999999999998,-0.19888,-0.21989,-0.19977,-0.19397999999999999,-0.20804,-0.19845,-0.19649,-0.19445,-0.20253,-0.2013,-0.17822000000000002,-0.19288,-0.20603000000000002,nan,-0.18733,-0.20815,-0.18875999999999998,-0.1814,-0.1986,-0.18433,-0.19964,-0.19868,-0.18202000000000002,-0.20273,-0.17026,-0.18681,nan,-0.17604,nan,nan,-0.19137,-0.19277,-0.17862999999999998,-0.19652,-0.19083,-0.17561,-0.18066,-0.20156,nan,-0.18525,-0.18502000000000002,-0.18667,nan,-0.19775,nan,-0.17262,-0.18464,-0.17005,-0.16335999999999998,-0.18124,-0.18608,-0.18076,-0.17287,-0.17293,-0.17623,-0.19826,-0.18685,nan,-0.17451,nan,-0.17521,nan,-0.18252000000000002,nan,-0.17446,-0.16748,-0.16697,-0.18481,nan,-0.16344,-0.17375,-0.18673,nan,-0.16951,nan,nan,-0.15934,-0.15780999999999998,-0.17661,-0.17317000000000002,-0.17121,-0.16252,-0.1617,-0.15294000000000002,-0.17407999999999998,-0.16277,-0.18056,-0.17905,-0.17648,-0.18557,-0.16275,-0.19003,-0.18707000000000001,-0.17624,-0.18137,nan,-0.17644,nan,-0.17192000000000002,-0.17981,nan,nan,-0.17509,-0.17565,-0.16209,-0.17897000000000002,-0.20661999999999997,nan,-0.20055,-0.19575,-0.18591,-0.18539,-0.20685,-0.19855,nan,nan,nan,-0.2079,-0.209,-0.19684000000000001,nan,-0.20842,-0.19533,-0.19776,-0.2086,nan,-0.24206,nan,-0.24449,-0.24775999999999998,nan,-0.24070999999999998,-0.26285,nan,-0.25548000000000004,nan,-0.26509,-0.27664,-0.27651,-0.27597,-0.28307,-0.30687,-0.30566,nan,-0.3256,-0.32644,-0.3488,-0.33944,nan,-0.34146,-0.34648,-0.36659,-0.34565999999999997,-0.3408,nan,nan,-0.36109,-0.36439,-0.37492,-0.39000999999999997,nan,-0.38845999999999997,-0.39592,-0.3927,-0.42382,-0.41151000000000004,-0.41148,-0.40051,nan,-0.44683999999999996,-0.44148999999999994,-0.44847,-0.43521000000000004,nan,-0.46174,nan,-0.45138999999999996,-0.46093,nan,-0.47997,-0.49011000000000005,nan,-0.49091,nan,-0.49285,-0.50032,-0.51447,-0.51022,-0.51289,-0.5308,-0.5456300000000001,-0.5483899999999999,-0.57011,-0.56944,-0.59137,-0.58234,-0.58144,-0.5678300000000001,-0.58797,-0.60435,-0.6028600000000001,-0.59406,-0.6009399999999999,-0.62569,-0.61459,nan,-0.6382,-0.66878,-0.6849,-0.66901,-0.68119,nan,-0.6797,-0.69693,-0.6867800000000001,-0.6998800000000001,-0.71996,-0.7269,-0.71206,-0.69271,-0.70521,-0.71616,-0.7236600000000001,-0.7397199999999999,-0.71786,-0.73174,-0.76159,-0.75245,-0.74947,-0.7670100000000001,-0.76959,-0.77675,-0.7943899999999999,-0.7847,-0.79518,nan,nan,-0.79382,-0.80052,-0.81092,-0.8221799999999999,nan,-0.8018,-0.81301,nan,nan,-0.81495,-0.8073100000000001,-0.83865,-0.8422299999999999,-0.82706,-0.83862,-0.83429,-0.8513,nan,-0.82432,-0.85826,-0.8437,-0.83893,-0.84052,-0.86541,nan,-0.863,-0.8641399999999999,-0.8498399999999999,-0.8672,nan,-0.8579200000000001,-0.8597100000000001,nan,-0.85995,nan,-0.8602200000000001,-0.86331,-0.8630399999999999,-0.8634,nan,nan,-0.8549700000000001,-0.87697,-0.8486299999999999,-0.84531,-0.86829,-0.85356,-0.8522200000000001,nan,nan,-0.8651700000000001,-0.8744299999999999,-0.85167,-0.87261,-0.85688,-0.84595,-0.8542200000000001,-0.8371299999999999,-0.81816,nan,-0.8270200000000001,-0.80986,nan,-0.78528,-0.79494,nan,-0.79625,-0.76473,-0.75817,-0.76175,-0.75413,-0.73428,-0.72449,nan,nan,-0.71717,-0.7128,-0.70391,-0.70458,-0.68386,nan,-0.66927,-0.65666,-0.62549,-0.63431,nan,-0.58801,-0.59729,-0.58011,-0.57298,-0.59115,-0.55273,-0.53638,-0.526,-0.49343000000000004,nan,nan,-0.49427,-0.48255,-0.46824,-0.44177,nan,-0.43098000000000003,nan,nan,-0.40839000000000003,nan,nan,nan,-0.35424,-0.34672,nan,-0.32777,-0.33434,-0.29259,-0.26147,-0.27535,-0.24668,-0.24295,-0.22913000000000003,-0.20831999999999998,-0.2188,-0.20315999999999998,-0.18212,nan,nan,-0.17562,-0.14301,-0.09736900000000001,-0.1071,-0.092283,-0.093501,-0.057433000000000005,-0.051523,-0.041062,-0.005996199999999999,-0.0092413,0.030812,0.041747,0.052860000000000004,0.062034000000000006,0.055769000000000006,0.10830999999999999,0.11622,nan,0.1678,0.16448,0.19810999999999998,nan,0.22709000000000001,0.25453000000000003,0.24905,0.2922,0.32276,0.32979,0.35436,nan,nan,0.41813999999999996,0.4379,0.45886000000000005,0.46768999999999994,0.4875,0.53158,0.54576,0.569,0.60125,0.60734,0.63453,0.6762699999999999,0.68218,0.68798,0.7106,0.7318399999999999,0.77487,0.78499,0.7905,0.84721,0.8489399999999999,0.8841200000000001,0.90085,0.9147299999999999,0.963,0.9619700000000001,nan,0.99503,1.028,nan,1.0784,1.099,1.1191,1.1511,1.178,1.2253,1.2329999999999999,1.2343,1.3081,1.3418,1.3564,nan,1.3874,1.4172,1.4279,1.4914,1.5133,1.5641,1.574,1.6028,1.6608,1.6921,1.7195,1.7435,1.7685,1.768,1.8206,1.8572,1.8774,nan,1.9285,1.9828,nan,2.0301,2.0657,nan,nan,2.1151,2.1392,2.1733,2.1607,2.1966,2.2067,nan,2.251,nan,2.2503,2.2602,nan,2.2489,nan,nan,2.2398,2.2395,2.228,2.229,2.2399,2.2407,2.2458,2.2634,2.2472,2.2384,2.2394,2.2427,2.2319,2.2158,2.2145,2.193,nan,nan,2.1602,2.1535,2.1327,2.115,2.1248,2.1102,nan,2.0564,nan,2.0391,2.0253,2.0242,nan,2.0026,2.0157,nan,1.9473,1.9492,nan,1.9179,nan,nan,nan,1.8989,1.8732,1.8437,1.8571,1.8694,nan,1.8613,1.8554,1.8347,1.8272,1.8216,1.8193,1.8295,1.8257,1.7979,1.7990000000000002,1.7890000000000001,1.8004,1.7679,1.7735,1.7718,1.7597,1.7773,1.7664,1.7463,nan,nan,1.7504,1.7451,1.755,1.7432,1.7435,1.7337,1.7374,1.7651,nan,1.7409,1.7446,1.7433,1.7426,1.7468,1.7541,1.7264,1.7223,1.7437,nan,1.7451,1.7313,1.7494,nan,nan,1.7375,1.7101,1.7365,1.7537,nan,1.7556,1.7428,1.7548,1.7663,nan,1.7630000000000001,nan,1.7437,1.7502,nan,nan,1.7663,1.7498,1.7611,1.7761,1.7658,1.7773,1.765,1.7859,1.7801,nan,1.7832,nan,nan,1.7897,1.8041,1.7961,1.7892,1.8013,1.8,1.7887,1.7984,1.8019,1.7973,1.8099,1.8059,nan,1.8043,1.8151,1.8064,1.8023,1.8111,1.8,nan,1.8119999999999998,nan,nan,1.8122,nan,1.824,1.8207,1.8211,1.8058,1.8203,1.83,1.7978,1.8131,nan,1.8211,1.8248,nan,1.8052,nan,nan,1.8243,nan,1.8182,nan,1.8283,1.8435,1.8114,1.8213,nan,1.8323,1.8133,1.7882,1.8319999999999999,1.8393,1.8113,nan,1.8214,1.8075,1.8009,1.8125,1.8222,1.8141,1.7967,1.8311,nan,1.7961,1.8001,1.8096,1.8203,1.7894,1.7931,1.7997,1.801,1.7993,1.7774,nan,1.7997,1.8003,1.7998,1.7969,1.7727,1.7658,1.7621,1.7727,1.7707,1.7575,1.7764,1.7429,1.7537,1.7657,1.766,1.7574,nan,1.7480000000000002,1.7432,1.7414,1.7496,1.7516,1.7451,1.7547,1.7431,1.7436,1.732,nan,1.719,1.7029,1.7275,1.7322,1.7327,1.7284,nan,1.7104,1.7236,1.7172,1.6985,1.71,nan,nan,1.7434,1.7286,nan,1.7063,1.6893,nan,1.7154,1.7045,1.7012,nan,nan,1.7204,1.7126,1.6901,1.6914,1.7074,1.6719,1.6766,1.6807,1.6631,nan,nan,nan,1.6306,1.6536,1.6441,1.6283,nan,1.6245,1.6248,1.6325,1.6271,1.6114,1.6141,1.6138,1.5804,1.5872,nan,1.5851,1.5866,1.5737,nan,1.5628,1.5738,nan,1.5394,1.5592,1.565,1.5594,1.5534,1.5630000000000002,nan,1.5414,1.5078,nan,nan,1.5064,nan,1.5084,1.4964,1.5090000000000001,1.4849,1.4747,nan,1.4714,1.4498,1.4384,1.4397,1.4353,nan,1.4213,nan,1.405,nan,1.3840000000000001,1.3775,1.3545,nan,1.3377,1.3484,1.338,nan,1.3466,1.3497,1.3474,1.3503,1.3463,1.3525,nan,1.311,nan,1.2866,1.2705,1.2917,1.2823,nan,1.2409,nan,1.2344,1.2283,nan,1.2032,nan,1.1981,1.1763,1.1824,1.2015,1.1805,1.1802,1.1627,1.1406,1.1236,1.1321,1.1287,nan,1.1289,1.0898,nan,1.0854,1.0667,1.0779,1.057,1.0531,1.0504,1.0298,1.0464,1.0234,1.0125,1.0194,0.9881700000000001,0.99325,0.99669,0.9873200000000001,nan,0.97552,0.9905,0.95535,0.9726799999999999,0.95725,0.93779,nan,0.90579,0.91963,nan,nan,0.90736,nan,0.8859999999999999,nan,0.8539200000000001,0.84326,nan,0.85216,0.8362299999999999,nan,0.77531,nan,0.78051,nan,0.74984,0.75248,nan,0.73968,0.74361,0.7005399999999999,0.71015,nan,nan,0.69014,0.6736800000000001,0.65291,0.63284,0.6094,0.59238,0.59234,0.5812,0.58182,0.5645399999999999,0.5413600000000001,0.52712,0.52253,0.49611000000000005,nan,0.44943999999999995,0.45247,0.45327,0.43409,0.43285,0.41222,0.4135,0.37193000000000004,nan,nan,0.35763,0.33985,0.30721,0.29423,0.29058,0.3013,0.28296,0.27592,nan,0.19732,0.22100999999999998,0.18997999999999998,0.20225,0.20822,0.18611,0.18181,0.14881,0.16706,0.14914000000000002,0.13614,0.14753,0.09120199999999999,0.1094,0.10783,nan,0.076392,0.06611900000000001,0.054678,0.046314,nan,0.048713,0.022327,0.011478,0.011977,-0.0024113000000000003,0.016388,nan,-0.005943,-0.035099,-0.032017000000000004,-0.036552,-0.07292699999999999,-0.06466799999999999,-0.092925,-0.10089,-0.07841000000000001,nan,-0.12972999999999998,-0.11367000000000001,-0.10848,-0.12993,-0.15052000000000001,-0.17375,-0.163,-0.177,-0.18900999999999998,-0.18103,-0.19167,-0.19471,-0.17887,-0.19383,-0.20511,-0.19901,-0.22005,-0.21966,-0.24156,nan,-0.23093000000000002,nan,-0.25985,nan,-0.26041,nan,-0.27084,nan,-0.2761,-0.30164,nan,-0.29888000000000003,nan,nan,-0.34581999999999996,-0.35903,-0.33823000000000003,-0.32902,nan,-0.34867,-0.35304,-0.35604,-0.36657,-0.36606,-0.36659,-0.36580999999999997,-0.37656999999999996,nan,-0.39759,-0.43133999999999995,-0.42168,-0.4029,-0.42217,nan,-0.41881999999999997,-0.4244,-0.43572,-0.4462,-0.435,nan,-0.48702,-0.47558,-0.45895,nan,nan,-0.49685,-0.49506000000000006,-0.49243000000000003,-0.49914,-0.49088999999999994,nan,-0.51231,nan,nan,-0.50988,nan,-0.51103,-0.50251,-0.51318,nan,-0.55457,-0.53604,-0.5412,-0.55709,nan,-0.5588,-0.56965,-0.56014,-0.55199,nan,nan,-0.5835100000000001,-0.6058100000000001,-0.60998,-0.599,-0.60352,-0.5999800000000001,-0.5918399999999999,-0.60442,nan,nan,nan,-0.60219,-0.6195,nan,-0.59618,nan,nan,-0.6196699999999999,nan,-0.6403800000000001,-0.6341,-0.6147199999999999,-0.61535,-0.60196,-0.6234,-0.61588,-0.62173,-0.61274,-0.60118,-0.6197699999999999,-0.60455,-0.6068600000000001,-0.62961,-0.62162,-0.6160800000000001,-0.6382899999999999,nan,-0.5926600000000001,nan,-0.59845,-0.61826,nan,-0.66297,nan
3.0,-0.1801,-0.50478,-0.32971999999999996,-0.38591,-0.41172,-0.35094000000000003,nan,-0.38788,-0.38555,-0.39571,-0.39549,-0.40038,-0.43157,-0.45141000000000003,-0.4406,-0.43091999999999997,-0.44423999999999997,-0.44677,-0.43903000000000003,-0.45686000000000004,nan,-0.47865,-0.49504,-0.50493,-0.4934,-0.48603999999999997,-0.49532,-0.50438,-0.51903,-0.54078,-0.54514,-0.54213,-0.54401,-0.54624,-0.55429,-0.5576399999999999,nan,-0.5586800000000001,nan,-0.58232,nan,-0.57734,-0.56899,-0.5866600000000001,nan,nan,-0.59654,-0.61827,-0.63995,nan,-0.65233,-0.64762,nan,-0.66713,-0.65552,-0.6443800000000001,-0.6596,-0.66415,nan,-0.70611,-0.6832,-0.68513,-0.70499,nan,-0.67356,-0.68826,nan,-0.69039,-0.69334,-0.703,-0.71112,-0.7259,-0.72943,-0.7334,-0.7358600000000001,-0.7058,nan,-0.7461,-0.73256,-0.74248,-0.7378399999999999,-0.72921,-0.75084,-0.76025,-0.74849,-0.73682,nan,-0.7685,-0.7459399999999999,-0.75455,-0.7630899999999999,-0.74875,-0.74371,nan,nan,-0.78818,-0.76502,nan,-0.7614,nan,-0.7439,-0.7497699999999999,-0.7589899999999999,-0.76031,-0.75966,-0.75507,nan,nan,nan,nan,-0.73592,-0.74219,-0.7792100000000001,-0.773,-0.7707,-0.77476,-0.76437,nan,-0.7459100000000001,nan,-0.75248,-0.76072,-0.75407,-0.74615,-0.74508,-0.7492800000000001,-0.7690100000000001,nan,-0.76071,-0.77341,-0.7526,-0.7446699999999999,-0.76276,-0.77468,nan,-0.7404,-0.7354,-0.7645,-0.7589899999999999,-0.75712,-0.76178,-0.74853,nan,-0.746,-0.74393,-0.75507,-0.75254,-0.7420800000000001,-0.74655,nan,nan,-0.72164,nan,nan,nan,-0.72115,-0.73475,-0.72826,nan,-0.7316699999999999,nan,nan,-0.73945,-0.7322,-0.7318100000000001,nan,-0.7278,nan,-0.7073699999999999,nan,-0.70589,nan,nan,-0.69133,-0.70234,-0.70905,-0.69552,-0.6873100000000001,-0.67816,nan,-0.70581,-0.6904899999999999,-0.67501,-0.6948300000000001,-0.70614,-0.70168,-0.70807,-0.6966100000000001,nan,-0.67792,nan,-0.68295,-0.68997,-0.67702,-0.66672,-0.6621199999999999,-0.6705,-0.67725,-0.67892,-0.67919,-0.6727,-0.68758,-0.68211,nan,-0.66204,-0.67179,-0.65363,-0.67723,-0.6904899999999999,-0.66625,-0.68334,-0.68269,-0.6584800000000001,-0.6674100000000001,-0.66684,-0.6633600000000001,-0.66333,-0.6673,nan,-0.66811,nan,-0.6686,-0.65795,nan,-0.66556,-0.65563,-0.65123,-0.67064,-0.6633899999999999,-0.65117,-0.66394,-0.6550199999999999,-0.6541100000000001,-0.66578,-0.65296,nan,-0.66022,nan,-0.6533,-0.664,nan,-0.66215,nan,-0.66699,-0.6547,nan,-0.6550199999999999,-0.6442100000000001,nan,nan,-0.65222,-0.64868,nan,-0.65162,-0.64062,nan,-0.62342,-0.6223,-0.64323,-0.66699,-0.64263,nan,-0.6291899999999999,-0.62812,-0.66456,-0.6549,-0.6532600000000001,-0.6371399999999999,-0.6132,nan,-0.63683,nan,-0.62833,-0.62253,-0.6129899999999999,-0.61633,-0.63595,-0.62845,-0.61146,-0.61343,-0.59831,-0.60429,-0.60916,-0.61539,-0.63877,-0.6176,-0.61382,-0.62057,-0.59491,-0.59732,-0.60931,-0.61173,-0.6049100000000001,-0.58117,-0.58297,-0.60812,-0.59931,nan,-0.6041300000000001,nan,-0.58507,-0.59277,nan,-0.58718,-0.61222,-0.59978,-0.6047,-0.60382,-0.5843,-0.61077,nan,-0.59355,-0.61997,-0.58823,-0.55594,-0.60869,nan,-0.58718,-0.60168,-0.6006,nan,nan,-0.6213,-0.61063,-0.61257,-0.61197,-0.6089,-0.61341,-0.62612,-0.61559,-0.5755600000000001,-0.5733,-0.58741,-0.60164,-0.61361,-0.59627,-0.61706,-0.63972,-0.62047,-0.61327,nan,-0.59821,-0.61949,-0.62327,nan,-0.6278100000000001,-0.60942,nan,-0.6369199999999999,-0.61406,-0.61816,-0.62146,-0.60421,-0.61587,-0.63815,-0.64909,-0.65103,-0.6481600000000001,-0.63376,nan,-0.61716,-0.63415,-0.63554,-0.63854,-0.6270899999999999,-0.60628,-0.636,-0.64868,-0.6373300000000001,nan,-0.6147,-0.62126,-0.6409,-0.63877,-0.6653399999999999,-0.6712899999999999,-0.64512,-0.6343300000000001,-0.6393,-0.65235,-0.6633399999999999,-0.6632600000000001,-0.6674899999999999,-0.6793,-0.6794600000000001,nan,-0.67314,-0.65484,-0.6536,-0.66671,nan,-0.66698,-0.6562899999999999,-0.6544,nan,-0.66976,-0.66018,-0.66582,-0.6649,nan,-0.66427,-0.66563,-0.66082,-0.66885,-0.67971,-0.65545,nan,-0.66737,-0.66515,nan,-0.68071,-0.6661,-0.6669,nan,-0.67972,-0.6665,-0.66333,nan,-0.66568,-0.6671600000000001,-0.66287,-0.67743,-0.6965,-0.6864399999999999,-0.66738,-0.66301,-0.67087,-0.67933,nan,-0.6671199999999999,-0.67435,-0.67388,nan,-0.67179,-0.69328,-0.67886,-0.6835600000000001,-0.68872,-0.67406,-0.66728,-0.6621199999999999,-0.68004,-0.6924600000000001,-0.69148,-0.6934600000000001,-0.67078,-0.65382,-0.6492100000000001,nan,-0.70701,-0.69426,nan,-0.66078,-0.65559,-0.6796399999999999,-0.6548,-0.66293,-0.67699,-0.66357,-0.67956,-0.67903,-0.67611,-0.67204,-0.6642600000000001,-0.6673100000000001,-0.66295,-0.67471,-0.67019,-0.6671100000000001,nan,-0.65658,-0.64753,-0.64703,-0.63735,-0.6673899999999999,-0.6734100000000001,-0.6368,-0.65066,-0.66147,-0.63977,-0.65927,-0.6613399999999999,nan,nan,-0.63959,nan,-0.63056,nan,-0.63327,-0.61343,nan,nan,-0.63986,-0.6359,-0.6398,-0.6401600000000001,-0.6208899999999999,-0.60477,nan,nan,-0.62305,nan,-0.6149899999999999,-0.61442,nan,-0.64077,-0.62663,-0.6181399999999999,-0.6098899999999999,-0.62643,-0.64036,-0.61763,-0.61043,nan,-0.61405,-0.63852,-0.6109100000000001,-0.59702,-0.61315,-0.61364,-0.6248,-0.60452,-0.6033,-0.6260899999999999,-0.61298,-0.6106,-0.60412,-0.59567,-0.61706,-0.61263,-0.5955699999999999,nan,-0.59299,-0.5686899999999999,-0.60091,nan,nan,-0.5959399999999999,-0.58185,-0.5712,nan,nan,-0.58541,-0.5503899999999999,-0.5733699999999999,-0.58625,-0.5727399999999999,-0.56728,nan,nan,-0.5758,-0.5491,nan,-0.5431699999999999,-0.54638,-0.56617,-0.57473,-0.55975,-0.55916,nan,-0.59017,-0.55211,-0.54876,-0.5756600000000001,-0.57109,nan,nan,-0.55408,-0.55855,nan,-0.5626,-0.53246,nan,-0.56003,-0.5577300000000001,-0.55555,-0.56395,-0.57352,-0.5637,-0.54514,-0.54397,-0.5431,-0.54413,nan,-0.54661,-0.55805,-0.53813,-0.52674,-0.52941,-0.53288,-0.5551,nan,-0.49562,-0.51413,-0.54637,-0.5343399999999999,-0.52458,nan,nan,nan,-0.5069,-0.49698000000000003,-0.51084,-0.51548,-0.51869,-0.51969,-0.50139,-0.5149600000000001,-0.5284800000000001,-0.50252,-0.50032,-0.51408,-0.51578,-0.51352,-0.48955,-0.47478000000000004,-0.49695,-0.49686,nan,nan,-0.49354,-0.48723,-0.49065,-0.48981,-0.49183000000000004,-0.49051999999999996,nan,-0.48007,-0.48061000000000004,-0.50555,-0.4956,nan,nan,-0.49049,-0.4921,nan,-0.47981,nan,-0.47611000000000003,-0.47852,-0.4796,-0.45027,-0.42944,-0.46296000000000004,-0.47636999999999996,nan,-0.43898000000000004,nan,-0.44175,-0.43915,-0.45003999999999994,-0.43986000000000003,-0.43804,-0.45295,-0.44888999999999996,-0.42699,-0.4106,-0.41100000000000003,-0.43067,-0.45178999999999997,-0.45187,-0.43196,nan,-0.41008,-0.40981999999999996,-0.40795,-0.43051999999999996,-0.42843000000000003,-0.40113000000000004,-0.41326999999999997,-0.42571000000000003,-0.40231,-0.39188,-0.3955,-0.39738,nan,-0.41133000000000003,-0.40221999999999997,-0.39046,-0.38418,nan,nan,-0.38885,-0.39426,-0.3831,-0.38301999999999997,-0.3861,nan,nan,nan,-0.38544,-0.37964000000000003,nan,-0.37596999999999997,nan,-0.38437,-0.37173,-0.37405,-0.38228,nan,-0.35843,-0.34244,-0.35162,nan,nan,-0.35757,-0.35347,-0.36124,-0.37116,-0.36965,-0.35843,-0.35103,-0.36536,-0.36499000000000004,-0.35663,-0.35766,-0.35026,-0.37239,-0.37954,-0.37085,-0.37312,-0.33562,nan,-0.35731,-0.34142,nan,-0.35991999999999996,-0.3499,-0.35906,nan,nan,nan,-0.33198,-0.33016,-0.34394,-0.34313,-0.35051,-0.35786999999999997,nan,nan,nan,nan,-0.34314,-0.34047,nan,-0.34326999999999996,-0.34199,nan,-0.34342,-0.34066,nan,-0.32715,-0.36509,nan,-0.34221,-0.3558,-0.34957,-0.33276999999999995,-0.35085,-0.35388000000000003,-0.33061,-0.33571999999999996,nan,nan,-0.36032,nan,-0.34922,nan,-0.3696,-0.38284,-0.37106,-0.37144,-0.36194,-0.38006999999999996,-0.37849,nan,-0.38101999999999997,-0.39123,-0.36118,-0.39005,nan,-0.38129,nan,-0.39124000000000003,-0.38402,-0.39608000000000004,nan,-0.39271,nan,-0.39588,-0.39675,nan,nan,nan,-0.42457,-0.42539,nan,-0.41898,nan,-0.44843,nan,-0.43483,-0.44228,-0.45056999999999997,-0.44902,-0.45022,-0.45948999999999995,nan,-0.46288,nan,-0.49241,-0.48626,-0.50231,-0.48936,-0.46206,nan,nan,nan,nan,nan,nan,nan,-0.49928,nan,-0.5581699999999999,-0.55788,-0.5593600000000001,-0.5430699999999999,-0.55329,-0.5696399999999999,-0.54669,nan,-0.55818,-0.55711,-0.57305,-0.57239,-0.5675899999999999,-0.57673,-0.58609,-0.58125,nan,nan,-0.61153,-0.59564,-0.5888899999999999,-0.62498,-0.6048100000000001,-0.5986100000000001,-0.61424,-0.61265,-0.63793,nan,-0.64967,-0.64784,-0.6352800000000001,-0.63858,-0.65908,-0.66855,nan,-0.65259,-0.67774,-0.70299,-0.6968,-0.68799,nan,-0.69304,-0.69179,-0.68186,-0.68105,-0.73087,-0.74779,nan,-0.74616,-0.74585,-0.71816,-0.74605,nan,-0.73926,-0.7653300000000001,-0.7558,-0.75998,-0.7783100000000001,-0.78689,nan,-0.77231,-0.84088,-0.81267,-0.7755,-0.76948,-0.79442,-0.82815,-0.78309,-0.77569,-0.80794,-0.79388,-0.79988,-0.81319,-0.80097,nan,nan,-0.8144100000000001,nan,-0.81439,-0.80814,-0.83606,-0.8679,nan,-0.84391,-0.8462,nan,-0.8411700000000001,-0.86429,-0.8628600000000001,-0.86965,-0.8802200000000001,-0.86826,nan,-0.86001,-0.8644700000000001,-0.8669,-0.8680899999999999,-0.8518399999999999,-0.86495,-0.88376,-0.8772200000000001,-0.88165,-0.8816200000000001,-0.87361,-0.88665,nan,-0.88179,nan,nan,-0.8876,-0.88949,-0.88174,-0.90443,-0.88241,nan,-0.8836,-0.8818299999999999,-0.88799,nan,nan,nan,-0.8955799999999999,nan,-0.8652200000000001,-0.86741,-0.8608600000000001,-0.84188,-0.8475299999999999,-0.85613,-0.84291,nan,-0.8418200000000001,nan,-0.79861,-0.7950699999999999,-0.7805,-0.80106,-0.8400700000000001,nan,-0.79552,-0.79284,-0.76047,-0.76766,-0.76917,-0.7476,-0.74268,-0.72033,-0.6935,-0.6896399999999999,-0.6873,-0.67161,-0.65312,-0.6397,-0.6291899999999999,-0.61315,-0.59191,-0.58606,-0.58606,-0.57294,-0.5667,nan,-0.5465399999999999,-0.56143,-0.5139,nan,-0.4719,-0.45092,nan,nan,-0.40109,nan,nan,-0.35495,-0.34074,-0.32241,-0.32806,-0.31745,nan,-0.27616,-0.25078,-0.2236,nan,-0.15969,-0.12544,-0.11095,-0.10867,-0.059941999999999995,-0.022326,-0.021745,-0.010868000000000001,0.015889,0.046419,0.070634,nan,nan,nan,0.1813,nan,0.25103000000000003,0.28538,0.31990999999999997,0.31354,0.35467,0.39933,0.39203000000000005,0.44796,nan,nan,nan,0.60541,0.6130399999999999,0.63803,0.6693399999999999,0.71997,0.7683800000000001,0.79191,0.82563,0.8690700000000001,nan,0.9533299999999999,0.98388,1.0434,nan,nan,nan,1.1566,1.1893,1.2559,1.3053,1.348,nan,1.3898,1.4509,1.534,nan,nan,1.5779,1.6308,nan,1.7009999999999998,1.749,1.8352,1.8563,nan,1.9432,1.9729,2.0087,nan,2.0715,2.1483,2.2022,2.2078,2.2606,2.3189,2.3349,2.3714,2.426,nan,2.5122,2.5493,2.5815,2.6263,2.6496,2.6658,2.7378,nan,2.8129,nan,2.8422,2.8793,2.9332,2.9608,nan,3.0072,3.0313,nan,nan,3.1022,3.1361,nan,3.1476,nan,3.201,3.1879,3.194,3.1978,3.1866,3.1989,nan,3.1824,3.1887,3.1860000000000004,3.1754,3.1551,3.1382,3.1298,3.1184,3.1182,3.117,3.0848,3.0603,nan,3.0399,3.0359,3.0014,nan,3.012,2.9579,2.8929,2.903,nan,2.8631,2.8644,2.8577,2.8444,2.8309,2.8099,nan,2.8063,2.7802,nan,nan,2.6887,nan,2.6978,2.6883,2.6736,2.64,2.634,2.6349,2.6162,2.609,2.5987,2.5747,nan,nan,nan,2.5327,2.5226,2.542,2.5099,2.4764,nan,2.4754,2.4629,2.4761,2.4449,2.4459999999999997,nan,2.4079,2.3973,nan,2.397,2.3851,2.3735,2.3673,2.3666,2.356,nan,2.3246,2.3142,2.3118,nan,2.2888,2.2794,2.2766,2.27,nan,2.2164,nan,2.2234,2.2344,2.222,nan,2.2137,nan,2.1836,2.1949,2.1622,2.1526,2.1455,2.1089,2.0992,nan,2.1017,2.0951,2.0852,2.076,2.0478,2.0608,2.0709,nan,2.0442,nan,2.0601,2.0286,nan,nan,2.004,1.9751,nan,nan,1.9805,nan,nan,1.9359,nan,1.9381,1.9495,1.9497,1.9325,nan,1.9124,1.901,1.8989,1.8980000000000001,1.8808,nan,1.8395,1.8552,1.8311,1.8208,1.8556,1.8521,1.8387,1.8226,1.8029,1.8045,1.7845,nan,1.7724,1.7475,1.7493,1.7528,1.7456,1.7281,1.7088,1.7101,1.7029,nan,nan,1.7086,1.6846,1.6721,1.6669999999999998,1.6482,1.6263,1.6168,1.6185,1.6113,1.5992,1.5873,1.5759,nan,1.5767,1.5752,1.5597,1.5489,nan,1.5516,1.5298,1.5196,1.4969999999999999,1.494,nan,1.4663,1.4214,1.4011,1.3967,1.3683,1.3712,nan,1.4022,1.3813,1.3664,1.3597,1.3436,nan,1.3491,1.3287,1.3016,1.3102,1.308,1.298,1.2829,1.2593,nan,nan,1.2159,1.2207,1.2014,nan,1.2137,1.1944,1.1827,nan,nan,1.1451,1.1431,1.1241,1.1458,1.1431,1.1196,1.1197,nan,1.1005,1.0939,1.1173,1.1321,1.0785,1.0786,1.0883,1.0402,1.0508,1.0279,0.99187,nan,1.0126,0.99966,0.99575,0.97751,0.9543,0.9441299999999999,0.9576899999999999,0.9502700000000001,0.91905,nan,0.91753,0.9334600000000001,0.9212299999999999,nan,0.89295,0.89113,0.87077,0.8634299999999999,0.86582,0.8468600000000001,0.83698,0.8324600000000001,0.80189,0.80966,0.82285,0.79761,nan,0.79178,0.7847,0.78217,0.76961,0.78355,0.77248,0.75448,0.7596,0.75732,0.7509899999999999,0.72436,0.723,0.72892,0.70398,0.6943699999999999,0.67994,0.68498,0.68788,0.66256,0.66419,0.6544800000000001,0.6561,nan,nan,0.6551100000000001,0.67364,0.65177,nan,0.62256,0.62154,nan,0.61326,nan,0.58267,0.56999,0.5813699999999999,nan,0.5525399999999999,nan,0.55784,nan,0.55538,0.5372399999999999,0.51518,nan,nan,0.5274800000000001,0.5138,0.50139,0.4902,0.49163999999999997,0.48175,0.45824,0.44777,0.43898000000000004,0.42698,0.4202,0.42455,0.43408,0.42651999999999995,0.41179,0.40893,nan,0.3806,0.40674,0.40344,0.39536,0.39386,nan,0.38327,0.36721,0.35568,nan,0.36651,nan,0.35863,nan,0.34104,0.34062,0.33229000000000003,0.31856,0.3127,nan,0.28717,nan,0.31661,0.28526,0.2775,0.28696,0.26635,0.26161,0.29358,0.29954000000000003,0.27271,0.26044,0.27013000000000004,0.27605999999999997,0.25376,0.24633000000000002,0.27236,0.26841,0.26089,0.2591,0.24570999999999998,nan,0.2392,0.23715999999999998,0.2312,0.21996,0.23478000000000002,0.21905,nan,0.22405,0.20517,0.20271,0.21804,0.18950999999999998,0.18777,0.20586999999999997,0.18367,0.19632,0.20651,0.17444,nan,0.21314,nan,0.17511,nan,0.16665,0.19147,0.17984,0.16834000000000002,0.18535,0.17972,0.18132,0.17346,0.17093,0.18386,0.16493,0.15188,0.16627999999999998,0.16651,0.17251,0.17945999999999998,0.14706,0.13266,nan,0.13272,0.12754000000000001,0.15283,0.13878,0.1286,0.14231,nan,0.094774,nan,nan,0.10322,0.11215,0.08811000000000001,nan,0.11155999999999999,0.07919,0.086369,0.080609,0.048188999999999996,nan,0.093165,0.084117,nan,0.06994500000000001,0.049137,0.053128999999999996,0.073556,nan,0.049691,0.043947,nan,0.017847,nan,0.019155000000000002,0.021751,0.017843,nan,0.032113,nan,0.018265,0.018783,0.0046472,0.004278100000000001,0.018215000000000002,0.016768,0.0040781,0.0064783,0.0087986,nan,-0.0019215,nan,-0.020675,-0.0054957999999999995,nan,nan,0.0083167,-0.024171,-0.023936000000000002,-0.015181,-0.029925999999999998,-0.054480999999999995,-0.060434,-0.046,nan,-0.068087,-0.0629,-0.090763,nan,-0.057892,-0.06717999999999999,-0.07447100000000001,-0.075335,nan,-0.073212,-0.073283,nan,-0.09136799999999999,-0.11347,-0.10572000000000001,-0.099203,-0.12068,-0.11225,nan,-0.10624000000000001,nan,-0.098518,-0.11727,-0.1282,nan,-0.12583,-0.12857000000000002,-0.12815,nan,-0.14065999999999998,-0.13141,-0.13244,-0.15603,-0.14482,-0.13702,-0.14701,-0.15598,-0.15320999999999999,-0.1305,-0.13234,-0.1503,-0.15424000000000002,-0.17110999999999998,nan,-0.16149000000000002,-0.15227000000000002,-0.17452,-0.16552999999999998,-0.15220999999999998,-0.17751,nan,-0.17187,nan,nan,-0.17209000000000002,-0.17407,-0.14593,-0.15655,-0.15588,nan,-0.18016,-0.17367,-0.15348,-0.16505,-0.18212,nan,nan,-0.17874,-0.16509000000000001,-0.20463,-0.18300999999999998,-0.15045,-0.18665,-0.19637000000000002,-0.19609000000000001,-0.18094000000000002,-0.16548,-0.18481,nan,-0.18975999999999998,nan,-0.1598,-0.18264,-0.15818,-0.15417,-0.18818,-0.19052,-0.18205,-0.19362000000000001,-0.22039,-0.25551,-0.25534,-0.23485999999999999,-0.25921,-0.27260999999999996,-0.23736,-0.24541999999999997,-0.27726999999999996,-0.26507,-0.26695,-0.2795,-0.26999,-0.2775,-0.278,nan,-0.25556999999999996,-0.28375,-0.28854,-0.28878000000000004,-0.29179,nan,-0.27821999999999997,-0.28917,-0.27707,-0.27338,-0.26921999999999996,-0.26009,-0.27925,-0.29052,-0.27571999999999997,-0.27957,-0.28988,nan,-0.28953,-0.29507,-0.31438,-0.307,-0.28793,-0.28988,-0.28457,-0.30393000000000003,-0.31345,-0.30272,-0.31619,-0.31618,nan,nan,nan,-0.31721,-0.31105,nan,-0.35261,-0.32616999999999996,-0.34104,-0.34834,-0.32761,-0.33285,nan,-0.3432,-0.34399,-0.3313,-0.33254,-0.36025,-0.35889,-0.34104,nan,-0.35804,-0.37306,-0.37296999999999997,-0.34309,-0.35594000000000003,nan,-0.33878,-0.3424,-0.34456,nan,-0.36591999999999997,-0.36725,nan,-0.38555,-0.39205,nan,-0.36312,-0.39685,-0.37664000000000003,-0.36909000000000003,-0.38934,-0.38131,-0.39466999999999997,-0.41638000000000003,nan,-0.37997,-0.41098999999999997,-0.38638,-0.38832,-0.39549,-0.37461,nan,nan,-0.3568,-0.36813,-0.38653000000000004,-0.38332,-0.39601,-0.41578000000000004,-0.43803000000000003,-0.45311999999999997,-0.46713999999999994,-0.49117,-0.4932,-0.48162,-0.47043999999999997,-0.46311,-0.47721,-0.49094,-0.48036,-0.47956000000000004,-0.5099,-0.53184,-0.52185,-0.50448,-0.50447,-0.5201100000000001,-0.53184,-0.53123,nan,-0.5088600000000001,-0.5029399999999999,-0.50468,nan,-0.50365,nan,-0.50643,-0.51859,nan,-0.50866,-0.51623,-0.51951,-0.54515,-0.53832,-0.5142399999999999,-0.52247,-0.5297,-0.51875,nan,-0.54214,-0.5381,-0.52993,nan,-0.52054,-0.51059,-0.525,-0.5477,-0.5464600000000001,-0.5395300000000001,-0.55658,-0.54413,-0.53203,-0.55784,-0.5505899999999999,-0.53073,-0.5319,-0.54856,-0.5586399999999999,-0.54392,nan,-0.5707899999999999,-0.5517,-0.54599,-0.54537,-0.54005,-0.54888,-0.55625,-0.5463899999999999,-0.5415,-0.55124,-0.5566300000000001,-0.55614,-0.5584399999999999,-0.55735,-0.5532,-0.5582699999999999,-0.55408,-0.55813,-0.5813,-0.57994,-0.59455,-0.61121,-0.5998100000000001,-0.61748,-0.6224,-0.60036,-0.59812,-0.59978,-0.6158399999999999,-0.6329199999999999,-0.60827,-0.62039,-0.6534800000000001,-0.62769,-0.63534,nan,-0.63451,-0.6532899999999999,nan,-0.64756,-0.66101,-0.70239,-0.68011,nan,-0.74732,nan,-0.77271
4.0,0.42817,0.24195999999999998,nan,0.35884,0.2738,0.3115,0.3091,0.26174000000000003,0.2818,0.28964,nan,nan,0.3066,0.29111,0.29878000000000005,0.31065,0.30685999999999997,nan,0.29775999999999997,0.29175,0.30732,nan,0.29361,0.30774,0.30693000000000004,0.31997,0.3239,nan,0.33,0.35316,nan,0.34262,0.34833000000000003,0.34326999999999996,0.34344,0.34662,0.34342,0.34567,0.34531999999999996,nan,0.35045,0.34204,0.31188,0.32125,0.35011,nan,0.30356,0.32464,nan,0.33115,0.32092,0.33109,nan,0.32001,nan,0.34049,0.3247,0.34379,nan,0.32674000000000003,0.36063,nan,0.32888,0.36051,0.35406,0.34781999999999996,0.36296999999999996,0.34769,0.35181999999999997,0.36556,0.3617,nan,0.39938,0.37435,0.37545,0.39705999999999997,0.39124000000000003,0.36039,0.35523000000000005,0.38679,0.39486,0.36451,0.36507,0.39326,0.3732,0.34283,0.36805,0.37686,0.36177,0.37921,0.36548,0.34418000000000004,0.36098,0.35996,0.37659000000000004,0.39639,nan,0.37122,0.37625,0.36086,0.40131999999999995,0.41131999999999996,0.37646999999999997,nan,nan,0.37367,0.37811999999999996,nan,nan,0.36762,0.38023,0.3681,0.36432,0.36138000000000003,0.34601,0.35791999999999996,0.38409,nan,0.35017,0.3854,0.39474000000000004,0.36561,nan,0.37479,0.34404,0.35184,0.3795,0.40186,0.40263000000000004,0.36778,nan,0.39626999999999996,0.35656,nan,0.38787,0.38085,0.38051999999999997,nan,0.43291,0.41823999999999995,nan,0.41272,nan,0.40651,nan,nan,0.41883000000000004,0.40986000000000006,0.4261,0.43278999999999995,0.40681,0.39216999999999996,0.40135,0.41395,0.42218999999999995,0.4059,0.39874,0.42828,0.43393000000000004,0.40705,0.39662,nan,0.3966,nan,nan,0.38737,0.3774,0.37863,0.38134,0.37381,0.35962,0.36033000000000004,0.38697,0.40333,0.39571999999999996,0.38295,0.3753,0.38399,0.37916,0.36135,0.37634,0.37395,nan,nan,nan,0.30525,nan,0.30541999999999997,0.30482,0.28998,0.28417,nan,0.25625,0.27482,0.25882,nan,nan,0.22195,nan,0.19835999999999998,0.15436,0.14103,0.14737999999999998,0.12905999999999998,0.13033,nan,0.11195,0.12804000000000001,0.12789,0.09893500000000001,0.09475399999999999,0.11085999999999999,0.11237,0.11509000000000001,0.11212000000000001,0.079238,nan,-0.0022476999999999996,nan,0.0048891,-0.0075434,-0.050585000000000005,nan,-0.019178,-0.036377,-0.049307,-0.0459,-0.050741,nan,-0.031987,-0.034247,-0.056179,-0.084744,-0.12125,-0.15170999999999998,-0.15617999999999999,-0.1555,-0.15961,-0.14926,-0.13951,nan,-0.16,-0.1545,nan,-0.16626,-0.1777,-0.19380999999999998,-0.20719,-0.20994000000000002,-0.20865999999999998,nan,-0.20906,-0.20881,nan,nan,-0.1826,-0.20035999999999998,-0.21056999999999998,-0.1808,-0.17162,-0.19912,nan,-0.23360999999999998,-0.21635,-0.21145,-0.22696,-0.21668,-0.21106,-0.22862,-0.21693,-0.20461,-0.21051999999999998,-0.20918,-0.21763000000000002,-0.2319,-0.24604,-0.26084,-0.2548,nan,-0.23076,-0.21669000000000002,-0.25069,-0.3027,-0.29024,-0.26871,nan,nan,nan,-0.25231,-0.28609,-0.2981,-0.31188,-0.34676,-0.35336,-0.324,-0.31329,-0.3178,nan,-0.33371,-0.36436,-0.37118,-0.37985,-0.40346,-0.37061,-0.33458000000000004,-0.37124,-0.39108000000000004,-0.3924,-0.43425,nan,-0.44242,-0.46185,-0.46045,-0.46158000000000005,-0.45569,-0.44093000000000004,nan,-0.49867,nan,nan,nan,-0.48403,-0.5130399999999999,-0.51661,-0.50836,-0.51505,-0.5152800000000001,-0.50676,-0.51978,-0.5330600000000001,nan,nan,-0.54501,-0.53132,-0.5518,nan,-0.56743,-0.56924,-0.54971,-0.555,nan,-0.56082,-0.54519,-0.56986,-0.56839,-0.56875,-0.59326,-0.60445,-0.59059,nan,-0.5909800000000001,-0.61954,-0.62111,nan,-0.62117,-0.60328,-0.6144,-0.64482,-0.65651,-0.66638,-0.67684,-0.67364,-0.6724399999999999,-0.68301,-0.69328,-0.67579,-0.65084,-0.67411,-0.69188,nan,-0.68923,-0.71922,-0.72859,-0.72887,-0.71531,nan,-0.72723,-0.72952,-0.7205600000000001,-0.70689,-0.70367,-0.7336600000000001,-0.74139,-0.7289399999999999,-0.75095,-0.77017,-0.76056,-0.74807,-0.73795,-0.7550600000000001,-0.76395,-0.74378,-0.76346,-0.7773399999999999,-0.7481300000000001,-0.75852,nan,-0.79691,-0.78238,-0.77082,nan,-0.7818,-0.81191,-0.8133199999999999,-0.82073,-0.83624,-0.8194,nan,-0.8560700000000001,-0.85529,-0.8522799999999999,nan,nan,-0.81898,-0.84657,-0.8305600000000001,-0.8114899999999999,-0.8491200000000001,-0.86929,-0.85521,nan,-0.86979,-0.8728899999999999,-0.90294,-0.90345,-0.8764799999999999,-0.8915200000000001,-0.90989,-0.88423,-0.86956,-0.888,-0.88875,-0.89064,-0.90861,nan,nan,-0.8751700000000001,-0.8899100000000001,-0.87434,-0.8695799999999999,nan,-0.90765,-0.8937700000000001,-0.88723,-0.9092899999999999,-0.91394,-0.8808799999999999,-0.8717,-0.88913,-0.86725,nan,-0.8756,-0.8913399999999999,-0.87118,-0.87398,nan,-0.8847200000000001,nan,-0.9051899999999999,-0.88994,-0.8891600000000001,-0.87697,-0.85434,-0.8755200000000001,-0.89807,-0.88182,-0.8867700000000001,-0.9077799999999999,-0.89081,nan,-0.89666,-0.9182100000000001,nan,-0.8894799999999999,-0.9071299999999999,-0.88913,-0.8690100000000001,-0.88544,-0.89059,-0.8859299999999999,nan,-0.87395,-0.86954,nan,-0.9082,-0.8922399999999999,-0.8857799999999999,nan,-0.8747,-0.856,-0.85395,-0.87103,nan,-0.8857700000000001,nan,-0.90541,-0.89959,-0.8774,nan,-0.87051,-0.8654,-0.87344,-0.8887200000000001,nan,-0.8628299999999999,-0.87239,-0.87429,-0.84734,nan,-0.87019,-0.9035700000000001,nan,-0.88689,-0.8747,-0.8497299999999999,nan,-0.8894700000000001,-0.86139,-0.85246,-0.87395,nan,nan,nan,-0.8704700000000001,-0.85955,-0.83414,-0.84135,-0.8552799999999999,nan,-0.84624,-0.8482700000000001,-0.80325,-0.81133,-0.8407399999999999,-0.81663,-0.79638,-0.80065,-0.79625,-0.79856,-0.80099,-0.79293,-0.80114,-0.80429,nan,-0.76862,-0.7995399999999999,-0.78852,-0.7739,-0.78154,-0.78066,-0.7812100000000001,-0.7733,nan,nan,nan,-0.7629,-0.7790699999999999,-0.78437,-0.7721,-0.76384,nan,nan,-0.75784,-0.7470600000000001,-0.74667,-0.73553,-0.72792,-0.743,-0.7472,-0.74363,-0.74684,nan,-0.71963,-0.7316699999999999,-0.74603,-0.73664,-0.71329,-0.69126,nan,-0.70467,-0.70473,-0.69394,nan,-0.7105899999999999,-0.70938,nan,-0.73358,nan,-0.71048,-0.71182,nan,-0.6964899999999999,-0.72575,-0.7215699999999999,-0.6963,-0.69367,-0.69339,-0.6886800000000001,nan,-0.70991,-0.70268,-0.67584,-0.6776,nan,-0.67777,-0.6776300000000001,-0.69404,-0.68899,nan,-0.70328,-0.67589,-0.68607,-0.6829,-0.65492,-0.65499,-0.6502100000000001,-0.6650699999999999,-0.6938,-0.66697,nan,-0.65467,-0.63863,nan,-0.6230399999999999,nan,-0.6457,-0.6365,-0.5716,-0.59472,-0.6454,nan,-0.56572,-0.57953,-0.5796600000000001,-0.56117,-0.56715,-0.55819,nan,nan,-0.5332899999999999,-0.52508,-0.5401600000000001,-0.56808,-0.55882,-0.5254800000000001,nan,-0.51351,-0.52007,nan,-0.52923,-0.49603,nan,-0.53388,-0.5159199999999999,-0.49706000000000006,-0.48749,-0.47601000000000004,-0.4898,-0.50358,-0.48301000000000005,-0.47845,-0.5065,-0.50398,-0.46798,-0.4593,-0.47201000000000004,-0.47353,-0.45948999999999995,-0.45498,-0.47376,-0.47111000000000003,-0.46082,-0.48372,-0.49399,-0.47317,-0.46112,-0.45743999999999996,-0.46198,-0.46138999999999997,-0.43136,nan,-0.4477,nan,-0.41326,-0.40546,-0.42643000000000003,-0.43967,-0.44273999999999997,-0.43849,-0.42554,-0.4192,nan,-0.42153999999999997,-0.40667,-0.40515,-0.40055,nan,-0.38786,-0.38655,-0.39036,-0.39126,-0.37287,-0.37175,-0.37029,-0.36345,-0.39209,-0.37200000000000005,nan,nan,nan,nan,-0.35061,-0.34481,-0.32938,nan,-0.33276999999999995,nan,-0.32843,-0.30138000000000004,nan,-0.31975,-0.31818,-0.30751,-0.27192,nan,nan,-0.28917,-0.27660999999999997,-0.2812,-0.27865999999999996,nan,nan,-0.28244,-0.29955,nan,-0.26392,-0.28171999999999997,-0.26352,-0.2726,-0.2794,nan,nan,nan,-0.23109000000000002,-0.24328000000000002,-0.26336,-0.22239,-0.23276,-0.27158000000000004,-0.24391,nan,-0.23176,-0.24785,-0.21978000000000003,-0.20756999999999998,-0.2325,-0.24381,nan,-0.22182,-0.24641,-0.26379,-0.2474,-0.22693000000000002,-0.23024,-0.22599,nan,-0.22382,-0.2513,-0.24586,nan,nan,nan,-0.20936,-0.22601999999999997,-0.21403000000000003,-0.19279000000000002,-0.23138000000000003,-0.24678000000000003,-0.22074000000000002,nan,-0.23253000000000001,-0.2216,-0.23033,-0.23169,nan,-0.21309,-0.22926999999999997,-0.22618000000000002,-0.23451999999999998,nan,-0.2304,-0.22463000000000002,-0.22773000000000002,-0.22883,-0.21766999999999997,-0.18944,-0.19975,-0.22879000000000002,-0.2027,-0.19354000000000002,-0.23389000000000001,-0.24614,-0.24005,-0.24441,-0.22956,nan,-0.21723,-0.2287,-0.2279,-0.23067,nan,-0.19134,-0.2001,-0.21958000000000003,-0.20071,-0.19072999999999998,-0.21746,-0.22548,-0.20800000000000002,-0.20736,-0.21148000000000003,nan,-0.21095,-0.19965,-0.18027,nan,-0.22735999999999998,-0.21586999999999998,nan,-0.22958,-0.21791999999999997,nan,nan,-0.20869000000000001,-0.22436,-0.2227,-0.2089,-0.22024000000000002,-0.24588000000000002,-0.23426,-0.21108000000000002,-0.21952,-0.23193000000000003,-0.22565,-0.21279,-0.19446,-0.19334,-0.21143,-0.21118,-0.21111999999999997,-0.23426,-0.23165999999999998,-0.19599,-0.19646,-0.20985,-0.19311,-0.20342000000000002,-0.23649,nan,-0.20788,-0.21711,-0.22885,-0.22812,-0.22829000000000002,-0.2248,-0.22951999999999997,-0.23185,-0.21641,-0.24011999999999997,-0.28109,nan,-0.24608000000000002,nan,-0.29994,nan,-0.2965,nan,nan,-0.28302,-0.27962,nan,-0.298,-0.33129000000000003,-0.35375999999999996,-0.3412,-0.3229,-0.34376999999999996,nan,nan,nan,-0.39129,-0.39273,-0.37748000000000004,-0.40292,-0.44286000000000003,-0.42994,-0.42735,-0.46848,nan,nan,-0.49026000000000003,-0.51457,-0.49796999999999997,-0.5029600000000001,nan,-0.53581,-0.50702,-0.5315300000000001,-0.56898,-0.55484,-0.5376,-0.55485,-0.5675100000000001,-0.5824199999999999,-0.6334,-0.6552,-0.63852,-0.6473899999999999,-0.65417,nan,-0.69599,-0.7142,nan,-0.74198,-0.75739,-0.72747,-0.73138,-0.76156,nan,-0.74879,-0.78076,-0.7931,-0.80975,nan,-0.8645200000000001,-0.89523,-0.90299,-0.88954,nan,-0.941,nan,-0.94014,nan,-0.9556600000000001,-0.9622799999999999,-0.9772700000000001,-0.9706600000000001,-0.9887600000000001,-1.0314,-1.0316,-1.0381,-1.0736,-1.0845,-1.0816,nan,-1.0858,-1.1074,-1.1362,-1.1348,-1.1217,-1.1276,nan,-1.178,-1.2052,nan,nan,-1.2644,-1.2515,-1.2422,-1.2697,-1.2968,nan,-1.2971,-1.3191,-1.349,-1.3466,-1.3609,-1.4035,-1.4074,-1.4080000000000001,-1.4262,nan,-1.4366,-1.4691,nan,-1.4752,-1.4759,-1.4776,-1.4774,-1.4802,-1.5079,-1.5341,nan,-1.5381,-1.5487,-1.5482,-1.5684,-1.5908,-1.5848,-1.5811,-1.5946,-1.6052,-1.6205,-1.6347,-1.6345,-1.6414,-1.6691,-1.6868,-1.6907,-1.693,-1.6782,-1.6728,-1.6992,-1.7268,-1.7283,-1.7254,-1.7287,-1.714,-1.7057,-1.7415,nan,-1.7448,nan,-1.8043,-1.8019,-1.7999,-1.827,-1.8376,nan,-1.8435,-1.8503,-1.8230000000000002,-1.8019999999999998,nan,-1.8723,-1.8559999999999999,-1.8535,nan,-1.8729,-1.8636,-1.8756,-1.8668,-1.8501,-1.8722,-1.89,-1.8909,nan,nan,-1.8859,-1.8887,nan,nan,-1.9635,nan,-1.9605,nan,-1.9986,-1.9832,-1.9721,nan,-2.0068,-2.0286,-2.0235,-1.9985,-1.9881,-2.0135,-2.032,-2.017,nan,-2.0249,-2.052,-2.0388,-2.0183,-2.0405,-2.0527,nan,nan,-2.0526,-2.0371,-2.0223,-2.0344,-2.0335,-2.0263,-2.0396,-2.0493,-2.0351,-2.0224,-2.0378,-2.03,-1.9968,-2.0115,-2.0316,-2.0157,nan,-2.0379,-2.0283,-2.0021,-1.9797,-1.9802,-1.999,-1.9987,nan,-1.9759,-1.9779,-1.975,-1.936,nan,-1.9207,-1.9042,-1.8574,-1.869,-1.8957,nan,nan,-1.8787,-1.8932,-1.8507,-1.8379,-1.8505,-1.8425,-1.8355,-1.8379,-1.8130000000000002,-1.7911,nan,-1.7909,-1.7492,-1.7207,-1.7117,nan,nan,-1.693,-1.6934,-1.6793,-1.6704,-1.6586,-1.6381,nan,-1.6333,-1.6067,-1.6007,-1.5959999999999999,nan,nan,-1.5206,-1.5099,nan,-1.4709,-1.4496,-1.4421,-1.4411,-1.44,-1.4043,-1.355,-1.3154,-1.2718,-1.2669,-1.2842,-1.2463,nan,-1.2283,-1.175,-1.135,-1.1392,-1.1241,-1.0943,-1.0686,-1.0471,-1.0343,-1.0126,-0.9848600000000001,-0.96152,-0.93219,-0.9152100000000001,-0.90161,-0.8627,-0.80529,-0.76548,nan,-0.74661,-0.67218,-0.63361,-0.6397,-0.60405,-0.56817,-0.54328,-0.50129,-0.48775,-0.45543999999999996,nan,-0.32393,-0.30034,-0.25136,-0.22753,-0.23546,-0.20574,nan,-0.07822799999999999,nan,0.0016427,0.054143,nan,0.10164,0.13756,0.19197999999999998,nan,0.28239000000000003,0.36091999999999996,0.375,0.35675,0.41741000000000006,0.49838000000000005,0.51385,0.54681,0.6341100000000001,0.6702899999999999,0.66557,0.72543,0.78787,0.80314,0.87295,0.9589200000000001,0.9693799999999999,0.99735,1.0649,1.0935,nan,nan,1.2473,1.2838,nan,1.3931,1.4534,1.4826,1.5,1.5362,1.6037,nan,nan,1.7548,nan,1.8165,1.8858,1.9153,nan,1.9673,2.0368,2.0739,2.0858,nan,2.1308,2.1457,2.1536,nan,2.1987,2.2232,2.2495,2.2321,2.188,2.1991,2.2247,2.2194,2.2198,2.2123,2.2007,2.2159,2.2242,2.2165,2.2194,2.2088,2.1958,2.2328,2.2422,2.1809,2.1759,2.2003,nan,nan,2.1698,2.1313,nan,2.1012,2.0898,nan,2.0499,2.0319,2.004,nan,1.9465,1.9353,nan,1.9349,1.9011,1.8977,1.8888,1.8563,1.8436,1.8444,nan,nan,1.8246,1.8117,1.8019999999999998,nan,1.7539,nan,1.7482,nan,nan,1.7177,1.6957,1.7244,1.732,1.6769999999999998,1.6759,nan,1.6988,1.6766,nan,1.6685,1.6559,1.6421,1.6497,nan,1.689,nan,1.6813,1.6771,nan,1.6654,1.6543,1.6412,1.6569,1.6823,1.6897,1.6718,nan,1.6816,1.6833,nan,1.7016,1.6917,1.6708,1.6649,1.665,1.665,1.6655,nan,1.6772,nan,1.7001,1.7009,1.7087,1.6865,nan,1.7194,1.6987,1.6849,1.7014,1.6753,1.6692,1.7129,nan,1.6959,1.6775,1.6848,1.6888,nan,1.6742,1.7011,1.6885,1.6893,nan,1.6712,nan,1.6981,nan,1.6721,1.6656,nan,1.7183,1.7153,1.6865,1.6636,1.6631,1.6728,nan,1.7015,1.6905,nan,nan,1.6994,1.7002,1.6678,1.6485,1.6752,1.683,nan,1.6627,1.6731,1.6518,nan,1.6291,nan,1.6288,1.6132,1.5857,1.5748,1.5774,nan,1.5871,1.594,1.5765,1.5611,1.5588,1.5592,1.5591,nan,1.5281,1.5042,1.5025,1.5175,1.5203,1.4899,1.455,nan,nan,1.4543,1.4537,nan,1.4869999999999999,nan,1.4444,nan,nan,1.4343,nan,1.4504,1.4265,1.3958,1.3746,nan,nan,1.3825,1.3612,1.3783,1.3651,1.3385,nan,1.3476,nan,1.3198,1.2919,1.2892,1.2918,1.3107,nan,nan,1.2431,1.2881,nan,1.2822,1.31,nan,1.2562,nan,1.2548,nan,1.2169,1.2288,1.2727,1.2429999999999999,nan,1.2386,nan,1.2366,1.2334,1.2038,1.1956,nan,1.2189,nan,nan,nan,nan,1.1731,1.1578,1.1721,1.1862,1.1571,1.1548,1.1851,1.1742,nan,nan,1.1664,1.1607,1.1737,nan,1.1314,1.1383,nan,1.1285,1.1247,1.1389,1.1495,1.1493,1.1272,1.1068,nan,1.1276,1.1299,1.131,1.1456,1.1547,1.1359,1.1307,1.1473,1.1316,1.1086,1.1285,1.1403,nan,1.074,1.0901,1.1109,1.1123,nan,1.1246,nan,nan,1.1158,1.0886,1.1103,nan,1.0895,1.1319,1.1392,1.0939,nan,nan,1.0846,1.0739,1.0825,1.0707,1.0773,1.1064,1.1179,1.1108,1.1117,1.117,nan,1.0722,1.0709,nan,1.0622,1.0568,1.109,1.0873,1.036,1.0536,1.0621,1.0595,1.056,1.0263,1.0389,1.0578,1.0256,1.0081,1.0009,1.0082,1.0395,1.0251,1.0022,1.0221,1.0283,1.0198,1.0235,nan,0.9955700000000001,1.0181,1.0211,nan,0.96796,nan,1.0053,nan,0.9529799999999999,0.93284,0.9591700000000001,0.99349,0.9748,0.9511,0.9573299999999999,0.93265,nan,0.9627399999999999,0.9741299999999999,0.93532,0.93425,0.9541799999999999,0.93463,0.91305,nan,0.9526100000000001,0.94325,0.91056,nan,nan,0.90907,0.8801200000000001,0.87749,0.88331,0.87995,nan,0.8714799999999999,0.86131,0.8812200000000001,nan,nan,0.81563,nan,0.8197700000000001,0.81679,nan,0.8193799999999999,nan,0.81657,nan,0.78125,0.7681399999999999,0.77532,0.7895399999999999,0.78568,0.76284,nan,nan,nan,nan,0.75589,0.73951,0.74151,0.73519,0.71905,0.7329399999999999,0.7327199999999999,0.70104,0.6985399999999999,0.69916,0.67957,0.68089,0.6817,0.65399,0.64831,0.67787,0.6762199999999999,0.6382399999999999,0.6281899999999999,0.63735,0.61868,0.61229,0.6169,0.59192,0.61201,0.66493,0.64846,nan,0.60933,0.58197,0.56981,0.58475,0.59459,0.58765,0.55297,0.54271,0.55767,0.5555899999999999,0.56777,0.5529,0.5075,0.52775,0.53272,0.48708,0.5070100000000001,0.52679,nan,0.50297,0.50947,nan,0.48513999999999996,nan,nan,0.49056000000000005,0.47152,0.4611,nan,0.48561000000000004,0.46003999999999995,0.43399,nan,0.43431000000000003,0.40374,0.40449,0.41541000000000006,0.39944,0.40514,nan,0.41473000000000004,0.41516000000000003,0.41695,0.41678000000000004,0.41663999999999995,0.39548,0.36876,0.36273,0.3746,0.39326,0.39636,0.37919,0.36676,0.36122,0.3644,0.3772,0.38234,0.37856999999999996,0.37848000000000004,0.38116,0.37401,0.35986999999999997,0.36059,nan,0.37255,0.3407,nan,0.34136,nan,nan,0.35316,0.34365,0.34368000000000004,0.34215,0.36023,0.35796,nan,0.37106999999999996,0.3763,nan,nan,0.34492,0.33799,nan,nan,nan,0.34371,0.34373000000000004,0.3353,0.32026,0.32905,0.331,0.30030999999999997,0.29488000000000003,0.32608000000000004,0.34453,0.34185,0.31842,0.29041999999999996,0.29908,0.31313,0.30641,0.29505,0.27713000000000004,0.27721,0.2888,0.2787,0.27702,0.2908,nan,0.26536,0.28319,0.28839000000000004,nan,0.24459,0.23385,0.21885,0.2325,nan,0.26902,nan,0.25989,0.26921999999999996,0.23656999999999997,nan,0.28507,0.26921999999999996,0.25639,0.24648,0.23390999999999998,0.23568000000000003,0.23804,0.24070999999999998,0.26129,0.2738,nan,0.22919,0.23800000000000002,0.25525,nan,nan,nan,0.2392,0.23242,0.21481,nan,nan,nan,0.25369,0.24023000000000003,nan,nan,0.2198,0.21561,0.22174000000000002,nan,0.22818000000000002,0.25721,0.24645,nan,0.23051999999999997,0.23856,0.23789000000000002,nan,nan,0.23814000000000002,nan,0.25745999999999997,0.25538,0.25411999999999996,0.25301,0.27028,0.26950999999999997,0.25365,nan,0.24622,0.23754,0.25306999999999996,0.25824,0.25755,0.27626,0.27781999999999996,0.2567,0.26154,0.2721,nan,0.29116,nan,0.3061,nan,0.34888,nan,0.35953,nan,nan,0.39549,0.3937,0.36330999999999997,0.34214,0.34136,0.35975,0.35973,0.34343,0.34494,nan,nan,nan,0.33155999999999997,0.32998,0.36476,0.34813,0.30005,0.4037,0.39002,0.29045
4.0,0.17837999999999998,0.019865999999999998,0.018566,0.041048,-0.040167,0.023733,0.04665,0.014744,0.020246,0.017879,0.012136,-0.015021000000000001,-0.027847000000000004,nan,-0.017099,-0.0066798000000000005,-0.014916,-0.06741799999999999,-0.06086799999999999,nan,-0.054062,-0.084103,-0.10132999999999999,nan,-0.12444000000000001,-0.12370999999999999,-0.1196,nan,-0.11789000000000001,-0.12207,-0.12616,nan,-0.15696,-0.15741,-0.17131,-0.1688,-0.17948,-0.20781,-0.2185,-0.21881,-0.21391999999999997,-0.20256,-0.1997,nan,-0.22233000000000003,-0.2335,-0.22549,nan,-0.22153,-0.23351,-0.22704000000000002,-0.24156999999999998,-0.26632,-0.26295,-0.27671,nan,-0.28452,-0.27629000000000004,-0.28314,-0.28176999999999996,-0.26966999999999997,-0.25725,-0.27174,-0.28336,-0.25505,-0.25573,-0.28379,-0.2707,-0.2621,nan,-0.31315,-0.29963,-0.29572,-0.3172,-0.32903000000000004,-0.3224,-0.33565,-0.34456,-0.32844,-0.33566999999999997,-0.34210999999999997,-0.32892,nan,-0.3673,-0.35846999999999996,-0.34563,-0.34066,nan,-0.36127,-0.36821,nan,-0.3901,-0.38865,-0.41158999999999996,-0.42158,-0.40725,-0.40514,-0.4056,-0.40911,-0.423,-0.42272,-0.42344,-0.4225,-0.41858,-0.44785,-0.47421,-0.47113,-0.46878000000000003,-0.46711,-0.47173999999999994,-0.47307,-0.4504,-0.46945,-0.51904,nan,nan,nan,-0.49962,-0.51289,-0.5139,-0.51877,-0.53249,-0.5213800000000001,nan,-0.53368,-0.52964,-0.54387,-0.56533,-0.5635,nan,-0.5542100000000001,-0.55074,-0.58595,-0.5930300000000001,-0.57577,-0.5795899999999999,nan,-0.5819300000000001,nan,-0.55996,-0.58938,-0.6123,-0.59692,-0.6038100000000001,-0.61266,-0.6129899999999999,nan,-0.61768,nan,-0.6447,-0.65887,-0.65045,-0.63876,nan,-0.65665,-0.65044,-0.64293,-0.6448,-0.62755,nan,nan,-0.6127600000000001,nan,nan,-0.6642399999999999,nan,-0.66083,-0.64189,-0.62221,-0.6481899999999999,-0.67952,-0.67694,-0.65984,-0.65749,-0.65855,-0.6565300000000001,-0.66537,-0.67615,-0.67582,-0.6633600000000001,-0.64847,-0.64227,-0.65456,-0.67095,-0.67061,-0.65886,-0.64486,nan,-0.6452100000000001,nan,-0.65751,-0.65803,-0.6583399999999999,nan,nan,-0.6714399999999999,-0.65973,-0.65672,-0.6585300000000001,-0.68069,nan,-0.68429,nan,-0.70687,nan,-0.6755399999999999,-0.67593,-0.6893600000000001,-0.69605,-0.67603,-0.65857,-0.6702899999999999,nan,-0.677,-0.70499,-0.70497,nan,nan,-0.68901,-0.67457,-0.65259,-0.67661,nan,-0.67796,-0.67618,-0.6901,-0.69012,-0.69028,-0.69034,-0.67678,-0.67119,-0.67561,-0.6906899999999999,-0.6977800000000001,-0.6731,-0.68082,-0.7198,-0.69592,-0.66957,-0.69221,-0.68309,-0.66428,-0.67935,-0.69115,-0.68175,nan,-0.6593600000000001,-0.67072,-0.67543,-0.6742199999999999,nan,-0.70455,-0.6975100000000001,nan,-0.69138,-0.68001,-0.67342,-0.69228,-0.70477,-0.6975,-0.68886,-0.69075,-0.68392,-0.6623600000000001,-0.66008,-0.6734600000000001,nan,-0.65989,-0.68983,-0.69947,-0.67124,-0.65898,nan,-0.66846,-0.6514300000000001,-0.65998,-0.68371,-0.68882,-0.6687,-0.6711699999999999,-0.7005,-0.6945399999999999,-0.67456,nan,nan,-0.6906899999999999,-0.69212,-0.67527,nan,-0.6702100000000001,nan,-0.65958,-0.6741699999999999,-0.67598,nan,-0.68984,-0.67515,-0.6914600000000001,-0.66661,nan,nan,-0.66542,-0.66255,nan,-0.70645,-0.70236,-0.70212,-0.6878,-0.67557,-0.67143,-0.67671,-0.69201,-0.70186,-0.70521,-0.70412,nan,-0.71362,nan,-0.70334,-0.68662,-0.7076600000000001,-0.71985,-0.7064699999999999,-0.71223,-0.7218,nan,-0.6884,-0.70087,-0.7024,-0.7064699999999999,-0.7198899999999999,-0.71167,-0.70597,-0.72037,-0.71907,-0.72605,-0.7378600000000001,-0.72348,-0.7206199999999999,-0.7165100000000001,-0.70572,-0.7178,-0.71029,nan,-0.71278,-0.73749,-0.7318100000000001,-0.72242,-0.708,-0.70445,-0.72709,-0.7388899999999999,-0.72315,-0.7220300000000001,nan,-0.70357,-0.71951,-0.73916,-0.7378399999999999,-0.74866,-0.74753,-0.73743,-0.75062,-0.7477,-0.73193,-0.73864,-0.72931,-0.7096899999999999,-0.72838,-0.75339,-0.7411399999999999,nan,-0.75451,-0.74138,-0.7367199999999999,-0.76012,-0.7692,nan,-0.75013,nan,-0.7427600000000001,-0.71907,-0.7285,-0.75473,-0.75302,-0.75737,nan,-0.75612,-0.74825,-0.75312,nan,-0.7178399999999999,nan,-0.75541,-0.7542,-0.76095,-0.76723,nan,-0.73659,nan,nan,-0.76918,-0.77055,nan,-0.73326,-0.73485,-0.7505,-0.74785,-0.73769,-0.7359,nan,-0.7598,-0.76963,-0.75178,nan,-0.76559,-0.73846,-0.75169,nan,-0.7547699999999999,nan,-0.73702,-0.7218600000000001,-0.7498199999999999,nan,-0.7291300000000001,-0.73927,-0.75062,-0.7544,nan,-0.75297,-0.76652,-0.75944,-0.75483,-0.7675,nan,-0.75617,-0.7692399999999999,-0.74468,-0.73677,-0.75647,-0.75526,-0.7439100000000001,-0.72763,nan,-0.74626,-0.75065,-0.7331,-0.75103,-0.7722899999999999,-0.7516,-0.7380800000000001,-0.75158,-0.7449399999999999,-0.73615,-0.75437,-0.75666,nan,nan,-0.75583,-0.73945,-0.73716,-0.73766,-0.72253,nan,nan,-0.7389,-0.72626,nan,-0.7055,-0.71677,-0.72575,-0.71445,-0.70631,-0.70533,-0.70065,nan,-0.7216,-0.70495,-0.68012,-0.6754899999999999,-0.68357,nan,-0.69973,-0.67642,-0.67994,-0.69253,-0.67078,-0.65517,-0.67156,nan,-0.64376,-0.6400600000000001,nan,-0.62602,nan,nan,nan,-0.61334,nan,-0.59213,-0.5774600000000001,-0.58018,-0.57555,-0.58604,-0.59536,-0.58077,nan,-0.59506,-0.58098,nan,-0.5818399999999999,nan,-0.56571,-0.5524899999999999,-0.5462199999999999,-0.54996,-0.54974,-0.5414399999999999,-0.52817,nan,nan,-0.5361,-0.51186,-0.48322,-0.50662,-0.51002,-0.48723,-0.49778,-0.4844,-0.44993,-0.46497,nan,-0.46355,-0.47157,nan,-0.48053,nan,-0.46825,-0.48733000000000004,-0.46779,-0.4182,-0.39247,-0.38866999999999996,-0.39134,-0.39215,-0.38628,-0.40293,-0.42518,-0.41216,-0.39018,-0.39455,-0.40836,-0.40843,-0.39966999999999997,-0.38668,-0.37604,-0.37335,-0.37182,-0.35875999999999997,-0.34495,-0.34360999999999997,-0.34262,-0.34501,-0.34672,-0.33457,-0.3284,nan,nan,-0.29577,-0.3305,-0.33879000000000004,-0.30080999999999997,-0.3028,-0.3424,-0.33148,nan,-0.2982,-0.31085999999999997,-0.3105,-0.31119,nan,-0.26913000000000004,-0.26846,-0.28244,-0.26941,nan,nan,-0.28223000000000004,-0.2682,-0.2665,-0.28589000000000003,-0.28436,nan,-0.27251,-0.28081999999999996,-0.25465,-0.2492,-0.27098,-0.26700999999999997,-0.25784,nan,nan,-0.23162,nan,-0.28324,-0.26573,-0.2535,nan,-0.21919,-0.24631,nan,-0.24114000000000002,-0.2326,-0.22050999999999998,-0.21620999999999999,-0.21913000000000002,-0.23289,-0.25054,-0.23205,-0.1979,-0.18758,nan,nan,-0.188,-0.21066,-0.22523,-0.21161999999999997,-0.18772,-0.19419,nan,-0.20314000000000002,-0.20373,nan,-0.20755,-0.205,-0.16925,nan,-0.19877999999999998,nan,nan,-0.20285,-0.17065,-0.17527,-0.19052,-0.16157,nan,-0.16342,-0.13982,nan,nan,-0.13762,-0.14347000000000001,-0.1567,-0.14235,-0.14357999999999999,-0.15657000000000001,-0.15427000000000002,-0.1676,-0.16145,-0.14064000000000002,-0.16094,nan,-0.12954000000000002,-0.10837000000000001,-0.11274,-0.13293,nan,-0.12405999999999999,-0.13080999999999998,nan,-0.12504,-0.12179000000000001,nan,-0.10653,-0.11861,-0.13166,nan,-0.10873,-0.13409000000000001,-0.13065,-0.10141,nan,-0.12270999999999999,-0.1149,nan,-0.097346,-0.12738,-0.11247,-0.09299299999999999,nan,-0.11438,-0.11073,-0.13918,-0.11334000000000001,-0.092165,-0.12487999999999999,-0.11652,-0.10287,-0.13076,-0.14123,nan,-0.12034,-0.12479000000000001,-0.12607000000000002,-0.11174,-0.10865999999999999,-0.12342,-0.13275,-0.1479,-0.1553,nan,-0.13777,-0.13644,-0.12455,nan,-0.15600999999999998,-0.1719,nan,-0.1616,-0.1505,-0.1577,-0.16968,-0.16552,-0.17638,-0.20222,-0.20231,-0.20873000000000003,nan,-0.23749,-0.21825,-0.22066,-0.21966,-0.21116,-0.23661999999999997,-0.247,-0.23274,-0.25288,-0.26342,nan,nan,nan,-0.26666,-0.2815,-0.27948,-0.29246,-0.33376,-0.33468000000000003,-0.30725,-0.32216,-0.34544,nan,-0.32788,-0.32484,-0.31128,-0.3374,-0.37056999999999995,-0.37577,-0.38556,-0.39824,-0.4112,-0.42391999999999996,nan,-0.41005,-0.44318,-0.45637,-0.43882,-0.44261000000000006,-0.47105,-0.48363,nan,nan,nan,-0.50162,-0.52467,-0.53363,-0.5319,nan,-0.55456,nan,-0.5496800000000001,-0.55533,-0.5828899999999999,-0.58323,nan,-0.56657,-0.5965600000000001,nan,-0.6259,nan,-0.6544800000000001,-0.67118,-0.6732199999999999,-0.67542,-0.674,-0.67657,-0.69767,-0.7207,-0.73014,nan,nan,nan,-0.73943,-0.75326,-0.75454,-0.77727,-0.77798,-0.7678,-0.78218,-0.78847,-0.81533,-0.84857,-0.84444,nan,nan,-0.8497299999999999,-0.84825,-0.8737299999999999,-0.87955,-0.89007,-0.90146,-0.8876799999999999,nan,nan,-0.9102399999999999,-0.89587,-0.92196,nan,-0.92581,-0.9436899999999999,-0.94301,-0.94368,-0.96085,-0.9456700000000001,-0.92574,-0.9696899999999999,nan,-1.0009,-1.0308,-1.0508,nan,nan,nan,-1.0368,-1.0639,nan,-1.0698,nan,nan,-1.075,-1.1059,-1.1023,-1.0899,nan,-1.1507,-1.1719,-1.1879,nan,-1.1786,-1.1819,-1.2083,-1.2272,nan,nan,nan,-1.2263,nan,-1.2594,-1.2699,nan,-1.2716,-1.2955,nan,nan,-1.3126,-1.3414,-1.3523,nan,-1.3461,-1.3544,-1.3784,-1.3839,-1.3798,-1.4002,-1.4147,-1.4019,nan,-1.4136,-1.4132,-1.4151,-1.4325,-1.4421,-1.4502,-1.4629,nan,-1.455,nan,-1.4763,-1.4751,-1.4867,-1.4917,-1.5102,-1.5482,nan,-1.5391,-1.5552,nan,-1.5628,nan,-1.5864,-1.5912,-1.6019999999999999,-1.5882,-1.579,-1.5972,nan,-1.6344,-1.6308,-1.6375,-1.6506,-1.6572,nan,-1.6958,-1.6694,-1.6527,-1.6817,nan,nan,-1.7,-1.6957,nan,-1.7031,nan,-1.7258,-1.7015,-1.6945,-1.7232,nan,-1.6999,-1.7007,-1.7122,-1.7121,-1.7145,nan,-1.7001,-1.7253,nan,-1.7164,-1.7451,-1.7231,-1.7068,-1.7328,-1.7438,-1.7435,-1.7385,-1.729,-1.7171,nan,-1.7021,nan,nan,nan,-1.7606,-1.7237,-1.7003,-1.7446,-1.7625,nan,-1.7112,-1.7296,-1.7163,-1.7023,-1.7186,-1.7293,-1.7152,nan,-1.7144,-1.7278,-1.7209,-1.6992,-1.6996,nan,-1.7305,-1.7236,-1.7138,-1.6979,-1.6963,-1.6963,nan,-1.7153,-1.7263,-1.7129,-1.7083,-1.712,nan,-1.7122,-1.7108,-1.7082,-1.6958,-1.6694,-1.6603,nan,-1.6377,-1.6116,nan,nan,-1.6029,-1.6133,-1.6083,-1.5877,nan,-1.6103,-1.5788,-1.5712,nan,-1.5542,-1.5551,-1.5293,-1.5125,-1.5009,nan,-1.5058,-1.4909,-1.4565,-1.4587,-1.4451,-1.3899,-1.3836,nan,-1.3632,nan,-1.3646,-1.3614,nan,-1.3518,nan,-1.2912,-1.2615,-1.2415,-1.24,-1.2257,nan,-1.1746,-1.1839,nan,-1.1149,-1.0959,-1.1035,-1.0952,-1.0843,-1.0791,-1.047,-1.0207,nan,-0.99419,-0.941,-0.9117200000000001,-0.9033200000000001,nan,-0.9033200000000001,-0.8537399999999999,-0.84191,-0.84057,-0.80071,-0.76144,-0.73763,-0.71641,-0.70702,-0.6826399999999999,-0.6311,-0.59425,-0.58286,nan,-0.51886,-0.48861000000000004,-0.45592,-0.41289,nan,-0.37911999999999996,-0.34957,-0.31518,-0.29686,-0.27526,-0.24165999999999999,-0.18649000000000002,-0.11678,-0.070854,-0.049836,-0.010243,0.030369999999999998,0.03632,0.064863,0.13792000000000001,nan,0.24681,0.27135,0.27993,0.32433,0.38869000000000004,0.42667,nan,0.47415,nan,nan,0.61256,0.65632,0.7148899999999999,nan,0.81111,0.8668,0.89717,0.9253299999999999,0.97677,1.033,1.078,1.1214,nan,nan,1.2886,1.3399,1.4014,1.4584,1.4907,1.5395,1.5933,nan,nan,1.7501,1.7917,1.8303,1.8522,1.8812,1.9518,2.0107,2.0437,2.0782,2.1112,2.1492,2.1768,nan,nan,2.2493,2.2835,2.2803,2.2994,2.3159,nan,2.3035,nan,2.3289,2.3281,2.3324,2.3264,2.3296,2.3447,2.3385,nan,nan,2.3565,nan,2.3429,2.3033,nan,2.3344,2.3305,2.3219,2.2972,2.2447,nan,2.2255,2.2107,2.1879,2.1791,2.1613,2.1591,2.1613,nan,2.085,2.0771,nan,2.0528,nan,2.0193,1.9953,2.0027,1.9794,1.9532,1.9532,1.9168,1.8737,1.8854,1.8804,1.8546,1.87,1.8738,1.8426,1.8266,1.8267,1.8277,1.8242,1.798,nan,1.7726,1.7971,1.7977,1.7859,1.7765,1.7642,1.7621,nan,nan,1.7297,1.7539,1.7633,1.7472,1.7469,1.7438,1.7281,1.7306,nan,1.7492,nan,nan,1.7736,1.7513,nan,1.7239,1.7378,1.7297,nan,1.7363,1.7274,1.7328,1.7489,1.7378,1.7345,1.7481,1.729,1.7178,nan,1.7686,1.7429,1.7326,1.7476,1.7423,1.7209,1.7391,1.7648,1.7438,nan,1.7484,1.7387,1.7256,1.7359,1.7469,1.7585,1.7673,1.7633,1.7625,1.7679,1.7591,nan,nan,1.7689,1.7609,1.7363,nan,1.7711,1.7939,1.757,1.7506,nan,1.7493,nan,1.7696,1.7630000000000001,1.7627,1.7662,1.7617,1.7484,1.7419,1.7609,1.7609,1.7463,1.7707,1.7729,nan,1.7443,1.7969,1.7841,1.7486,1.7661,1.7866,1.7788,1.768,1.7515,1.7530000000000001,1.7795,1.776,nan,1.7495,1.7501,1.7409999999999999,1.7599,1.7803,1.7684,1.7636,nan,1.7343,1.7333,1.7625,1.7621,1.7473,nan,1.7619999999999998,1.7482,1.7485,nan,nan,nan,1.7531,nan,nan,1.6984,1.7177,1.7321,1.7188,1.7099,1.6874,1.6688,1.6826,nan,1.6669,nan,1.6509,1.6269,1.6222,1.6222,1.6236,1.6208,1.6225,1.6263,1.6109,1.6091,nan,1.6034,1.5876,1.6085,1.6013,1.5625,1.5664,1.5762,1.5490000000000002,1.5501,1.5576,nan,1.5331,nan,1.5266,1.5174,1.4941,1.4574,1.4615,1.4813,1.4747,1.464,1.4651,1.4588,1.4459,1.4342,1.4303,1.44,1.4299,1.4158,1.4347,1.4212,1.3849,1.3962,1.3993,nan,1.3856,nan,nan,1.4037,nan,1.3624,1.3559999999999999,1.3553,nan,1.3401,1.3365,1.3128,1.3029,1.3121,nan,nan,1.3149,1.3019999999999998,1.2772,1.2836,1.2965,1.2913,1.2911,1.2939,1.2919,1.2919999999999998,1.2835,1.2704,1.2792,1.2931,1.2757,1.2564,1.2763,1.2869,1.2486,1.2301,1.2451,nan,1.2095,nan,1.2479,1.2306,1.208,1.212,nan,1.1988,1.2016,nan,1.2028,1.1804,1.2134,nan,1.1767,1.1887,1.2132,nan,1.1755,1.1818,1.1838,nan,1.1651,1.1659,1.1703,nan,nan,1.1309,1.1479,1.148,1.1338,1.1226,1.114,1.1223,1.1347,1.1179999999999999,nan,1.0869,nan,1.0923,1.0823,nan,1.0855,1.082,nan,nan,1.0752,1.0478,1.0551,1.0618,nan,1.0439,nan,nan,1.0413,1.0399,1.0265,1.0316,1.0429,nan,1.0441,1.03,1.0063,1.0073,1.0106,1.0074,0.99198,nan,0.99508,nan,0.9809700000000001,nan,0.99923,0.99134,0.9906299999999999,0.98859,0.94711,nan,nan,0.97421,0.94175,0.9421799999999999,nan,nan,0.9453799999999999,0.95226,nan,nan,0.9136200000000001,0.91189,0.91837,0.9116,0.88582,0.89155,0.89769,0.8829899999999999,0.8948,0.89305,0.86377,0.87561,0.8967,0.8693700000000001,0.8502799999999999,0.85698,nan,0.8233600000000001,nan,0.82865,0.79574,0.8229,0.8424200000000001,0.81577,0.80572,0.81932,nan,0.7951699999999999,0.7875800000000001,0.78815,nan,nan,nan,nan,0.76541,nan,0.74098,0.74595,0.73173,0.70986,nan,nan,0.7507,0.7259800000000001,0.72427,0.7237399999999999,0.70799,0.6957899999999999,0.6952,0.69317,nan,0.6637,0.66866,0.6795899999999999,0.66609,0.65353,0.67535,0.67643,0.6399699999999999,0.62967,0.63105,0.6302300000000001,0.64887,0.62976,0.59831,0.6241899999999999,0.6353,0.60483,nan,0.60482,nan,0.58508,0.59837,0.59441,0.5763699999999999,0.56852,nan,nan,0.57563,0.55273,0.56481,0.5664600000000001,0.55114,0.5415399999999999,0.52123,0.5301100000000001,0.5522199999999999,0.531,0.51826,nan,0.50637,0.51674,0.5173300000000001,0.5058199999999999,0.52028,0.50794,0.48917,0.50478,0.49299,nan,0.45943,0.4728,0.47508,0.47441000000000005,0.47329,0.4741,0.47553,0.47276999999999997,nan,0.44737,nan,0.44277,0.44371000000000005,0.4406,0.42105,0.41005,0.42491999999999996,0.42338000000000003,0.41045,0.42305,0.43278,0.42518,0.42649,0.41316,0.37024,0.36962,0.39526999999999995,0.37566,0.36746999999999996,0.37821,0.36562,0.37524,0.3738,nan,nan,nan,0.31468,0.34101,0.34879,0.32745,nan,0.32476,0.30826,0.30030999999999997,0.29956,0.31521,0.30974,0.28407,nan,0.28719,nan,nan,0.2897,0.25209000000000004,0.25661999999999996,nan,0.26915,nan,0.26832,0.26264,0.24781,0.25542,0.25506999999999996,0.24924000000000002,nan,0.26881,0.26897,0.27308000000000004,0.26603000000000004,0.25304,0.26369000000000004,0.2701,0.25032,0.23895,0.24084,nan,0.25184,0.26281,nan,0.22566999999999998,0.25174,0.23929,0.21854,0.22211999999999998,nan,0.23310999999999998,0.237,0.22255,0.23435999999999998,0.2362,nan,0.23545,0.23659000000000002,0.21844,0.22163000000000002,nan,0.19255999999999998,nan,nan,0.18823,nan,0.1903,0.18509,0.15917,0.16485999999999998,nan,0.16192,nan,0.19188,0.19315,0.18472,nan,0.14362,0.14262,0.1444,0.14564000000000002,0.16960999999999998,0.17793,0.14458,0.12707000000000002,nan,0.13815,0.12702,0.12818,0.11016,0.09246,nan,0.098738,0.09631100000000001,0.098461,0.096551,0.08819199999999999,0.07586,nan,0.086675,nan,0.016121,0.049147,0.070633,nan,0.032909,nan,0.033811,0.039566000000000004,nan,0.040263,0.02198,nan,0.033085,0.029369,0.0050981,0.0052347999999999995,0.031285,0.030737,0.013184,nan,0.04161,0.056896,0.043778,0.032862999999999996,0.048218000000000004,nan,0.034419,0.049039,0.035006999999999996,nan,0.032581,0.038511000000000004,0.033099,0.033833999999999996,0.021539,0.013865,0.022768,0.016967,0.012692,0.036825,0.048333999999999995,nan,nan,nan,0.048401,nan,0.065319,0.039199,nan,nan,0.045380000000000004,0.047481999999999996,0.036113,nan,0.037443000000000004,0.048151,0.06407,0.060361,0.047287,0.060582000000000004,0.09009500000000001,0.099266,0.09679700000000001,0.10745,nan,0.12964,0.12730999999999998,0.12569,0.13565,nan,nan,0.12202,nan,0.14289000000000002,0.14148,0.15442,nan,0.14437,0.15125,0.16727,0.17474,0.18786,nan,0.19022999999999998,0.18974000000000002,nan,nan,0.23895999999999998,0.22562,0.22601999999999997,0.24846999999999997,nan,0.24145999999999998,0.24311,0.25640999999999997,0.25495999999999996,0.24169000000000002,0.24291,nan,0.2549,0.25279,0.25423,0.25269,0.2617,0.27831999999999996,0.26421999999999995,0.22775,0.22484,0.24848,0.2524,0.2431,0.23313000000000003,0.22016,0.22046,0.23697,0.23521,0.222,nan,0.27289,0.26232,0.2388,nan,nan,0.2717,nan,0.31042,0.2941,0.28469,0.29894,0.30208,nan,0.32643,0.35176999999999997,0.34023000000000003,0.35044000000000003,0.3703,0.35404,0.4236,nan,nan
6.0,0.6786399999999999,0.56439,0.6206699999999999,0.58909,0.57382,0.5886600000000001,0.5522100000000001,0.5546399999999999,0.5485800000000001,nan,0.52635,nan,0.52183,nan,0.51222,0.5024,nan,nan,0.49766000000000005,nan,nan,0.46857,0.45158999999999994,0.44843999999999995,nan,0.44823999999999997,0.41672,0.40515999999999996,0.39268000000000003,0.37527,0.39332,nan,0.36775,nan,0.35443,0.35169,0.36230999999999997,0.34079,0.32352,0.32347,0.30693000000000004,0.30541,0.29721,0.28047,0.27131,0.25351999999999997,0.26165,0.25342,0.22616999999999998,0.23217,0.23371999999999998,0.21314,nan,0.18154,0.17775,0.1518,0.14670999999999998,0.15264,0.1486,0.14902,0.13194,0.10880999999999999,0.11767999999999999,nan,0.084531,0.07736,nan,0.058396,0.039113,0.040293,nan,0.027285000000000004,0.0017333,0.011161,0.00017988,-0.015869,-0.013290999999999999,-0.027004000000000004,-0.038041000000000005,-0.035637,-0.046742,-0.055773,-0.049754,-0.044897,-0.08075299999999999,-0.1081,-0.088185,-0.09799400000000001,-0.10985999999999999,-0.10905,-0.13153,-0.14755,-0.1515,nan,-0.1449,nan,-0.17092000000000002,-0.17359000000000002,-0.18559,-0.19154000000000002,-0.20260999999999998,-0.21943000000000001,-0.23115,-0.22589,nan,-0.25209000000000004,-0.25214000000000003,-0.26987,-0.26338,-0.26923,nan,nan,-0.29948,-0.30943000000000004,-0.31861,-0.33753,-0.335,-0.33116999999999996,nan,-0.33988,-0.35128000000000004,-0.37654,-0.36727,-0.36184,-0.36616,-0.3825,-0.40752,-0.40664,-0.40536,-0.40226,-0.41113999999999995,-0.428,-0.42635,nan,-0.46303,-0.45211999999999997,-0.46038999999999997,nan,-0.49053,-0.5098699999999999,nan,-0.48928,-0.50898,-0.50861,nan,-0.53181,-0.52808,nan,nan,-0.55804,-0.57045,-0.55742,-0.56188,-0.57681,-0.58822,-0.5897399999999999,-0.59314,-0.613,-0.63059,-0.6278100000000001,nan,nan,-0.6550699999999999,-0.6541,nan,-0.66264,-0.64604,-0.64471,-0.66169,-0.66261,-0.66518,-0.6763100000000001,-0.68553,-0.69431,-0.69922,-0.71137,-0.71001,nan,-0.72395,-0.74034,-0.74875,-0.73495,-0.7267100000000001,-0.75521,-0.76045,-0.73985,-0.73507,-0.74873,-0.76708,-0.77485,-0.78095,nan,-0.79671,-0.79795,-0.8042600000000001,nan,-0.81704,-0.8174,-0.8186399999999999,-0.80947,nan,-0.81583,-0.8311,-0.83904,-0.83942,nan,-0.83844,-0.8648600000000001,-0.8568399999999999,-0.83846,-0.84924,nan,nan,nan,-0.8799399999999999,-0.86939,nan,-0.87582,nan,-0.87921,-0.87844,-0.88597,nan,-0.8955299999999999,-0.89,nan,-0.9218200000000001,-0.9160799999999999,-0.90694,-0.9013,-0.9096799999999999,-0.9061600000000001,nan,-0.9283600000000001,nan,-0.9388700000000001,-0.93306,-0.9361200000000001,-0.95165,-0.92975,nan,-0.92537,-0.93801,-0.9557200000000001,nan,-0.96272,nan,-0.96281,-0.95757,-0.9521799999999999,-0.9615600000000001,-0.96273,-0.96231,nan,-0.96891,nan,nan,-0.97385,nan,nan,-0.9723,-0.9891200000000001,-0.9853200000000001,nan,-0.99085,-0.98325,-1.0013,-0.9887600000000001,nan,nan,-0.9938899999999999,-1.0011,-0.99231,-0.97734,-0.99811,-0.9927,nan,nan,nan,-1.0082,-1.0352,nan,-1.0097,-1.0073,-1.0052,-1.025,-1.0157,-0.99723,-0.98505,-1.0028,-1.0235,-1.0053,-1.0071,nan,nan,-1.0059,-1.0138,-1.0046,-1.0008,-1.0025,nan,-1.0135,-1.0088,-0.9880899999999999,-1.0047,nan,-1.0047,-1.0073,-1.0182,-1.0023,nan,nan,-0.9813,-1.0008,-1.0138,-1.0141,-1.0239,-1.0058,nan,-1.0114,-0.99889,-1.0048,-1.0047,-0.99915,-1.0091,-1.0095,-1.0033,nan,-1.0008,nan,-1.0077,-0.99082,-0.9927299999999999,-0.9944,-0.9846299999999999,-0.98005,-0.98254,-0.98326,-0.98083,-0.9829200000000001,-0.9748899999999999,-0.95915,nan,nan,-0.94495,-0.9444799999999999,nan,-0.9728600000000001,nan,-0.95278,-0.9507,-0.94904,-0.9419700000000001,nan,-0.9537200000000001,nan,-0.95395,-0.9510299999999999,-0.93175,-0.93599,nan,-0.92627,-0.9318700000000001,-0.9235200000000001,-0.9058700000000001,-0.92061,-0.9094899999999999,-0.9028299999999999,-0.93056,-0.9091100000000001,-0.89449,-0.8973700000000001,-0.8898799999999999,-0.91015,-0.90602,-0.8918299999999999,nan,-0.90786,-0.8909799999999999,nan,-0.88654,-0.8688899999999999,-0.87236,-0.88025,nan,-0.8828299999999999,-0.8806700000000001,-0.8527,-0.8605299999999999,-0.86977,-0.86641,-0.87093,-0.86541,-0.8597799999999999,-0.86008,-0.84906,-0.8512,-0.8590200000000001,-0.8597799999999999,nan,-0.84201,-0.8386399999999999,-0.85021,-0.8479899999999999,-0.8397899999999999,nan,-0.8373700000000001,-0.8478600000000001,nan,nan,-0.83957,-0.82975,nan,-0.8391200000000001,-0.8305100000000001,nan,-0.8204899999999999,-0.8428100000000001,-0.82058,nan,-0.82662,-0.816,-0.80295,nan,nan,-0.81698,-0.80615,-0.7897,-0.80043,-0.80813,-0.79871,-0.7928,-0.79951,-0.7905,-0.77687,nan,nan,-0.7701600000000001,-0.78538,nan,nan,nan,-0.7637,-0.76803,nan,nan,nan,nan,nan,-0.7450600000000001,-0.74527,nan,-0.75894,-0.73437,-0.73816,-0.74625,-0.73665,-0.73465,-0.73123,-0.72417,nan,nan,-0.73241,-0.71982,-0.72719,-0.72575,nan,-0.72736,-0.7346699999999999,-0.7188,-0.7040000000000001,-0.6944600000000001,-0.70004,-0.70139,-0.6896899999999999,-0.68411,-0.67504,nan,-0.69485,-0.6859999999999999,-0.67427,nan,-0.6675399999999999,-0.66713,nan,-0.6814,-0.67384,-0.67509,-0.66459,-0.66423,nan,-0.67464,-0.6653,-0.65799,-0.66832,-0.67156,nan,-0.67215,-0.66285,-0.64746,-0.6553899999999999,-0.6544800000000001,-0.6510100000000001,-0.66061,nan,nan,-0.6839,-0.6473800000000001,-0.64462,-0.65814,-0.66566,-0.67362,nan,-0.63613,-0.6479699999999999,-0.63561,-0.63438,-0.65273,-0.64715,-0.63574,-0.6288100000000001,-0.6349899999999999,-0.65336,nan,-0.63757,-0.6218,-0.60001,nan,-0.61465,-0.6018399999999999,nan,-0.58682,-0.58115,-0.59982,-0.5935,-0.5945699999999999,-0.59929,nan,nan,nan,-0.59419,-0.58968,-0.5814699999999999,-0.57902,nan,-0.5727399999999999,-0.57148,-0.5818,-0.5804699999999999,nan,nan,-0.5602600000000001,-0.55109,-0.55999,nan,-0.55987,-0.557,nan,-0.5282,-0.54509,-0.5499,-0.5503100000000001,-0.54897,-0.54035,nan,-0.52644,-0.5183300000000001,-0.51788,-0.50962,nan,nan,nan,-0.5240600000000001,-0.5302899999999999,-0.52058,-0.51775,nan,-0.51794,-0.51007,-0.49987,-0.49563999999999997,nan,-0.50893,nan,-0.4954,-0.5101600000000001,-0.49627,-0.48996000000000006,-0.51079,-0.51005,nan,-0.50298,nan,-0.51046,-0.50972,-0.51402,nan,-0.51431,-0.50935,-0.51003,-0.50085,-0.49566000000000004,-0.49901999999999996,-0.49763999999999997,-0.48932,-0.4856,-0.49038000000000004,-0.48108999999999996,nan,nan,-0.4858,nan,-0.47308999999999996,-0.47718,-0.46913999999999995,-0.46713999999999994,-0.46748,-0.46701000000000004,-0.46666,-0.45813999999999994,-0.45515,-0.46593999999999997,-0.46285,nan,-0.45829,nan,-0.45282,-0.43528,-0.44338,-0.4694,-0.45161999999999997,-0.43326000000000003,nan,-0.44633,-0.4475,-0.44777,-0.43953000000000003,-0.42932,-0.42505,-0.42791,-0.43635,nan,nan,-0.43827,-0.43358,-0.41747,nan,nan,-0.40968999999999994,-0.4113,-0.43733999999999995,-0.41984,-0.4161,-0.40655,nan,-0.41755,-0.40902,-0.40259,-0.40700000000000003,-0.42178999999999994,-0.42688000000000004,-0.39707,-0.40808,nan,-0.39215,-0.40785,nan,-0.41808999999999996,nan,-0.39453,-0.40708,-0.39784,-0.39059,-0.39939,-0.38818,-0.38814,-0.40595,nan,-0.37644,-0.37339,-0.37678,-0.38629,-0.38445,-0.38848,nan,-0.36587,-0.3862,nan,-0.36991,nan,-0.38666,-0.38693,-0.37642,-0.37425,-0.37309000000000003,-0.37736,-0.38677,nan,-0.37263,-0.37535999999999997,-0.37451999999999996,-0.37593000000000004,-0.36701999999999996,nan,nan,-0.37366,nan,-0.38653000000000004,-0.37103,-0.36054,nan,-0.36541,nan,-0.37681,-0.36889,-0.36155,-0.3666,-0.37575,nan,-0.37771,-0.36756,-0.36806,-0.39526,-0.38978,-0.38225,nan,-0.37275,-0.37596,-0.39121999999999996,-0.39528,-0.37091,-0.36865,-0.39651,nan,-0.37538,-0.37412,nan,-0.38695999999999997,-0.37934,-0.36202,-0.37401,-0.38566,-0.37509000000000003,nan,-0.38198000000000004,nan,nan,-0.39537,-0.3949,-0.40207,nan,-0.4021,nan,-0.4043,-0.41753999999999997,-0.40638,-0.40963,-0.41568,-0.41593,-0.43026000000000003,-0.40266,-0.40555,-0.43851,nan,-0.4207,-0.43055,-0.42313,-0.42868,nan,-0.46813999999999995,-0.45671999999999996,-0.46474,-0.46158999999999994,nan,-0.4911,-0.49628,-0.48388000000000003,-0.48675,-0.48991999999999997,nan,-0.50588,-0.50115,-0.52533,-0.52963,nan,-0.49909,-0.51112,-0.5302899999999999,-0.5190899999999999,nan,-0.52992,-0.53328,-0.56038,-0.56935,-0.55215,-0.55174,-0.57701,-0.57406,-0.57327,-0.60168,-0.5962,-0.5885699999999999,-0.61326,-0.62021,-0.61233,-0.62527,-0.64713,-0.6534300000000001,nan,nan,nan,-0.65627,-0.66847,-0.6725899999999999,-0.6747,-0.68303,-0.68245,nan,-0.69696,-0.71743,-0.74358,-0.73826,nan,-0.76061,-0.75426,-0.74446,-0.75877,-0.77166,-0.77857,-0.78882,-0.79647,-0.80401,-0.80755,-0.80504,nan,-0.82734,-0.8463,-0.8419399999999999,-0.83529,nan,nan,-0.8662,-0.8680700000000001,-0.87197,-0.87866,-0.8801200000000001,nan,nan,nan,nan,-0.93206,-0.93234,-0.92512,nan,nan,-0.9529799999999999,-0.97598,nan,-0.99744,-0.9905299999999999,-0.99403,-1.0094,-1.0245,-1.0126,nan,-1.0347,-1.0329,nan,-1.062,-1.0507,-1.0679,-1.0849,-1.0998,-1.1075,-1.1015,-1.1079,-1.1265,-1.1417,-1.1527,-1.1565,nan,-1.1583,-1.1635,-1.1759,nan,-1.1547,-1.1799,-1.2082,-1.2015,-1.2241,-1.2358,-1.2205,-1.2446,-1.2515,-1.251,-1.2605,-1.2618,-1.2784,-1.2798,-1.2811,nan,-1.2722,-1.2998,-1.2941,-1.2951,-1.3164,-1.3108,-1.3118,nan,-1.2903,-1.3159999999999998,-1.3442,-1.3431,-1.3522,-1.3395,-1.3335,-1.3556,-1.3445,-1.3443,-1.3671,-1.3456,nan,-1.3638,-1.3583,-1.344,nan,nan,-1.3637,-1.3622,-1.3606,-1.3627,nan,-1.3542,-1.3616,-1.3607,-1.3661,-1.3714,-1.3626,-1.3623,nan,-1.3649,-1.3731,-1.3607,nan,-1.3617,-1.3514,nan,-1.3562,nan,-1.3598,nan,-1.3556,-1.3546,nan,-1.3458,-1.3471,-1.3676,-1.3446,-1.3228,-1.3242,-1.3002,nan,nan,-1.2816,-1.2673,-1.2781,-1.2748,-1.2682,nan,nan,-1.2505,-1.246,-1.2328,-1.2193,-1.2027,nan,-1.1837,nan,-1.156,nan,-1.1457,-1.1251,-1.1265,-1.1127,nan,nan,-1.0439,-1.0312,-1.0328,-1.0151,-0.99745,-0.9744700000000001,-0.95645,-0.9623700000000001,-0.9337700000000001,-0.89031,-0.8989299999999999,-0.88479,-0.85524,-0.86018,-0.8367100000000001,-0.80656,-0.78441,nan,-0.76651,-0.7214,-0.70653,-0.68597,-0.64208,nan,-0.61742,-0.57799,-0.53967,nan,-0.50657,nan,-0.4517,-0.40023000000000003,-0.37238000000000004,-0.37299,-0.32056999999999997,-0.28015,-0.25159000000000004,-0.21806,-0.18292,-0.13280999999999998,-0.10586,-0.065897,-0.018962,-0.00072931,0.042904000000000005,0.10493,0.14724,nan,0.23922,nan,0.30689,0.37200000000000005,0.41727,0.45915,nan,0.53001,0.58801,0.65569,0.69403,0.73811,0.7972100000000001,0.84636,0.90348,0.9579799999999999,1.0184,1.0886,1.1114,1.1427,1.2306,1.2839,1.3225,1.4082,nan,1.4928,1.5581,1.6235,1.6924,nan,1.7846,1.8616,1.9446,2.0059,2.0499,nan,2.1728,2.246,2.2932,nan,2.4163,2.483,2.5567,2.5933,2.676,2.7529,nan,2.8675,2.917,2.9765,nan,nan,3.148,3.2139,3.2746,3.3192,3.3484,3.3955,3.4387,3.4476,nan,3.5054,3.5259,3.5342,3.5396,3.5559,3.5674,3.5781,3.5872,3.575,3.5863,3.596,3.5843,nan,3.5521,3.5362,nan,3.4966,3.4736,3.4502,3.4192,3.4056,3.3802,3.3391,nan,3.3124,nan,3.2049,nan,3.1526,3.1075,3.0767,nan,3.0068,2.9796,2.9742,2.9198,2.8784,2.8623,2.8184,2.8012,nan,2.7353,2.7291,2.6938,nan,2.6782,2.627,2.5947,2.5888,2.5773,2.5401,2.5224,2.5101,2.4662,2.4377,2.4182,2.3901,nan,nan,2.3476,nan,2.2807,2.2706,nan,2.2483,2.2136,2.1998,2.1807,2.1654,2.15,2.1247,2.1055,2.1042,2.0802,nan,2.0441,2.0316,2.0201,nan,1.9647,1.9499,1.9449,1.9391,1.9374,nan,1.8994,1.8868,1.8547,1.8468,1.8385,1.8238,1.8393,1.8223,nan,1.7964,1.7646,1.7474,1.7622,1.7630000000000001,1.7443,1.7233,1.7295,1.7039,1.6827,1.7037,nan,nan,1.6542,1.649,nan,1.6249,1.6053,nan,1.5713,1.5595,1.5781,1.5719,1.5412,1.5438,nan,1.5386,1.5484,1.5386,1.527,1.5268,1.4991,1.4855,1.4878,nan,1.4565,nan,1.4377,1.4426,1.4414,1.4224,nan,1.4257,1.4269,nan,1.3875,1.3734,1.3733,nan,1.3534,1.3414,1.3313,1.3052,nan,1.3159,1.2922,1.2815,1.2922,1.2722,1.2517,1.2508,1.2501,nan,1.2226,1.2251,1.2281,1.2056,1.1893,1.1739,1.1606,1.1572,1.1576,1.1481,nan,1.1088,1.1032,1.0959,1.1054,1.1101,1.0917,nan,1.0838,1.0752,1.0929,1.0878,1.0389,1.0261,1.0338,nan,0.99477,0.98993,nan,0.9708899999999999,0.9537700000000001,0.95257,0.94771,nan,0.94085,nan,nan,0.9041799999999999,nan,0.9009,0.88326,0.86874,0.8740600000000001,nan,0.8462799999999999,0.8301,0.81188,0.8063,0.80937,0.80694,0.7975800000000001,0.78164,0.77104,0.76148,nan,0.7357100000000001,0.73815,0.72844,0.72747,0.72244,0.70494,0.69752,nan,nan,nan,0.66141,0.63689,0.61748,0.6160100000000001,0.62337,0.61123,0.5946899999999999,0.57668,0.57138,0.57086,nan,nan,nan,0.53901,0.5348,0.5197,nan,nan,0.51572,nan,0.50029,0.50003,0.46601000000000004,0.4601,0.47073000000000004,nan,0.44706,0.44108,0.43244,0.42135,0.40243,0.39631,0.39838,nan,0.38604,0.38689,0.38582,0.37906,0.36576,0.37256999999999996,0.37206,nan,0.34229,0.35312,0.32589,nan,0.30521,0.31332,0.31461,0.30915,0.28244,0.26221,nan,0.2761,0.26384,0.24677,0.24288,0.25176,0.25358,0.25028,0.23521999999999998,0.23384000000000002,0.24191999999999997,0.21871,0.20793000000000003,0.21461999999999998,0.21036999999999997,0.20048,0.17589000000000002,0.17486,0.20426,0.17799,0.14884,nan,0.16385999999999998,0.14804,0.16285,0.14773,0.13856,0.14457,nan,0.14039000000000001,nan,0.12880999999999998,0.12122000000000001,nan,0.13853,0.11632999999999999,0.11725999999999999,nan,0.097451,0.10378,0.10697999999999999,0.097445,0.10032999999999999,0.089752,0.096171,0.10752,0.088526,0.088607,0.078945,0.064075,nan,0.076677,nan,nan,0.050742,0.054741,0.035766,nan,nan,0.020291,0.029856999999999998,0.024925,0.022887,nan,nan,0.017325,0.025501,0.016094999999999998,nan,0.020035,0.0028228999999999997,0.017074000000000002,0.017958000000000002,-0.00065073,-0.0011440999999999999,0.0086349,0.003268,-0.0049363,0.0029406,0.0072328,0.0040442,nan,-0.015552000000000002,-0.012473999999999999,-0.022519,-0.020928,-0.015211,-0.016134,-0.0021285999999999996,-0.026000000000000002,-0.050945,-0.044172,-0.056691,-0.066122,-0.065732,-0.065051,-0.068573,nan,-0.10518,-0.10898,-0.10662,-0.12509,nan,-0.13597,-0.15478,-0.15075999999999998,-0.13659000000000002,-0.15012,-0.14128,nan,nan,-0.14549,-0.13838,nan,-0.15248,-0.13831,nan,-0.14814000000000002,-0.13876,-0.14617,-0.14347000000000001,-0.1376,nan,-0.1597,-0.16052,-0.15111,-0.15037,-0.15987,nan,-0.14551,-0.15333,-0.13755,-0.12927,-0.1392,-0.1369,-0.14981,-0.1618,-0.15796,-0.16007000000000002,-0.15107,-0.14556,-0.14794000000000002,-0.13134,-0.13061,nan,-0.14937,-0.13074000000000002,nan,-0.16776,-0.13901,-0.1535,-0.15102000000000002,-0.13597,-0.15039,-0.14079,-0.12816,nan,nan,-0.13965,-0.13935,-0.13034,-0.12641,-0.12795,nan,-0.1079,-0.11939000000000001,-0.10305999999999998,-0.09929,nan,-0.09802999999999999,-0.10640999999999999,nan,-0.10255999999999998,nan,-0.097412,nan,-0.076161,-0.076913,-0.074938,-0.067027,nan,nan,-0.066497,-0.070747,-0.076626,-0.057249,nan,nan,nan,-0.04917,-0.05834500000000001,-0.03798,nan,-0.042486,nan,-0.014931,-0.022916,-0.022763,-0.007002199999999999,-0.0062518,-0.015721000000000002,-0.0056146,-0.0053624,nan,0.016096,0.0045907,0.0042328,0.0093182,0.027250999999999997,0.03518,0.014674000000000001,0.021491999999999997,nan,0.034277999999999996,0.022975,0.014972999999999998,0.032057999999999996,0.043828,0.027020999999999996,0.03218,0.046822,0.045275,0.068841,0.07900499999999999,nan,0.079979,0.097188,0.097242,0.10091,0.095421,nan,nan,nan,0.11185,nan,0.10983,0.12845,0.12046,nan,0.13804,0.13004000000000002,0.13846,0.12142,0.13373,0.15577,nan,0.15897999999999998,0.16212000000000001,0.15835,0.16225,nan,0.17007,nan,0.17177,0.17645,nan,0.17009000000000002,0.18742,nan,nan,0.20519,0.21174,0.22096999999999997,0.22296999999999997,0.22585,0.23440999999999998,0.2305,0.23021999999999998,0.24056999999999998,0.24575999999999998,0.25989,0.26105,0.24243,0.24903000000000003,nan,0.253,0.25193000000000004,0.25135,0.27599,0.28912,0.28010999999999997,nan,nan,0.27931999999999996,0.30012,0.30075,0.29575,0.31304,0.30776,0.30478,0.32843,0.34985,0.34409,0.32525,0.33161999999999997,0.33486,0.34003,0.36638000000000004,nan,nan,0.35686,nan,0.35573,0.37388000000000005,nan,0.35543,0.35975,nan,0.35467,0.3682,nan,0.36925,0.36687,0.37565,0.36741,0.37055,0.3765,0.3628,0.36421,0.37625,0.37025,0.36679,0.37869,nan,0.37223,0.38899,0.37564000000000003,0.36914,0.39664,0.38356999999999997,nan,0.37927,0.40253,0.40565,nan,0.40641,0.43351000000000006,0.45232,0.45793999999999996,0.45806,0.4629,0.47888000000000003,0.47416,0.45728,0.47483000000000003,0.504,0.51662,0.52223,0.51974,0.52762,nan,0.53127,0.53741,0.55077,0.53996,0.55538,0.5625399999999999,0.5423600000000001,0.54279,0.5602699999999999,0.5723199999999999,0.56592,0.56282,0.57486,0.57125,0.5605899999999999,0.5735,0.58729,0.5946600000000001,0.6020399999999999,0.60212,0.6047399999999999,0.5988,0.61001,0.63322,nan,0.6211,nan,0.61057,nan,nan,0.6301100000000001,0.63564,0.6316,nan,nan,nan,nan,0.66045,nan,0.66266,0.66983,0.6856899999999999,0.67492,0.65303,0.67251,0.67897,0.66383,0.67032,0.68789,0.6843600000000001,0.66581,0.6682100000000001,0.67756,0.67269,nan,nan,0.66542,0.66989,nan,0.6944899999999999,0.68581,0.68819,nan,0.70325,0.70696,0.72575,0.71146,0.7087399999999999,0.71595,0.71617,0.7349100000000001,0.7249,nan,nan,0.7256600000000001,0.73444,nan,0.7239800000000001,0.7377199999999999,0.75547,0.7269800000000001,0.7279,0.7532300000000001,0.75578,0.75768,0.76613,0.76895,nan,0.74043,0.7358899999999999,0.72516,0.7079300000000001,0.70211,0.68423,0.67585,0.69525,0.6973699999999999,0.68843,0.67776,0.65927,0.66415,nan,0.6448,0.65501,0.65986,0.63052,0.63097,0.63703,0.6248,0.60465,0.57815,0.5625,0.54708,0.53518,nan,0.54861,0.5301100000000001,0.53586,nan,0.5344399999999999,0.5171,nan,0.51231,0.4948,nan,nan,0.43768,0.43588999999999994,0.43948000000000004,nan,0.38373,0.38582,0.37831,0.37865,0.396,0.39476999999999995,nan,0.37881,0.36155,0.35111,nan,0.33446,0.33646,0.31048000000000003,nan,0.27445,0.27107,0.25448000000000004,0.24405,nan,0.24304,0.24168,0.24176,0.23251999999999998,0.19730999999999999,0.19535,0.18352000000000002,nan,0.17195,0.1242,0.16751,0.10045
7.0,-0.25847,-0.5562699999999999,-0.58255,-0.39757,-0.5282399999999999,-0.5121,-0.48928,-0.55267,-0.50017,-0.49621000000000004,-0.5370699999999999,-0.52542,-0.54019,-0.5682699999999999,-0.56794,-0.54547,nan,-0.54687,-0.57009,-0.5505399999999999,-0.53886,-0.56923,-0.58586,-0.5776399999999999,-0.57057,-0.56724,nan,nan,-0.5665899999999999,-0.58307,-0.60459,-0.60322,nan,-0.60575,nan,-0.6073,-0.59109,-0.58606,-0.58324,-0.59183,-0.6239600000000001,-0.63562,-0.60131,nan,nan,-0.57857,-0.59539,-0.6187600000000001,-0.60197,-0.60917,-0.6322800000000001,-0.60873,-0.59646,-0.623,-0.63213,-0.6261,-0.63358,-0.64732,nan,-0.64159,-0.6489199999999999,-0.65218,-0.62708,-0.6198199999999999,-0.66389,-0.69215,nan,-0.66015,-0.6781699999999999,-0.66893,nan,-0.68852,-0.67945,-0.6470899999999999,nan,-0.71191,nan,-0.64749,nan,-0.68295,-0.69376,-0.6974,-0.68284,-0.6645300000000001,-0.6781699999999999,nan,-0.6925600000000001,-0.6753399999999999,nan,-0.71031,-0.6994,-0.67615,-0.68308,nan,-0.71073,-0.7033699999999999,-0.71035,-0.72024,-0.71967,-0.70657,-0.6937,nan,-0.71029,-0.71001,-0.7024,-0.711,-0.7108899999999999,-0.6831,-0.68114,nan,-0.7134199999999999,-0.69562,-0.69567,-0.70601,-0.7040000000000001,-0.6877800000000001,-0.67845,-0.68506,-0.69804,-0.7246600000000001,-0.74379,-0.71986,nan,-0.70355,-0.70292,-0.69307,-0.6946899999999999,nan,-0.68045,nan,-0.70475,-0.68699,-0.71022,-0.72896,nan,nan,-0.7086899999999999,-0.69057,nan,-0.70492,nan,-0.67102,-0.69221,nan,-0.67603,nan,-0.71914,-0.70624,nan,-0.69885,-0.71057,-0.68645,nan,-0.67907,-0.67509,nan,-0.68706,-0.6958300000000001,-0.69485,-0.68005,-0.67538,-0.6785800000000001,-0.67715,-0.68313,-0.69618,-0.69611,-0.68203,-0.67501,nan,-0.67886,nan,-0.68053,-0.6913100000000001,-0.6915100000000001,-0.6953,-0.6964600000000001,-0.6796399999999999,-0.68084,-0.69503,-0.68174,-0.67932,-0.69609,-0.68399,nan,nan,nan,-0.6812699999999999,-0.6965100000000001,nan,nan,-0.69609,nan,-0.6718,-0.65613,-0.6645399999999999,-0.66387,nan,-0.68392,-0.7076600000000001,-0.69296,-0.67483,-0.67829,-0.67008,nan,-0.67869,-0.68724,-0.6614300000000001,-0.66586,nan,nan,-0.66489,-0.69148,-0.6775800000000001,nan,-0.69172,-0.69042,-0.66905,-0.66457,nan,-0.6491899999999999,-0.6640699999999999,-0.65997,-0.67384,-0.69615,-0.6834100000000001,-0.66338,-0.66146,-0.6632899999999999,-0.6695800000000001,-0.6783899999999999,-0.66398,-0.65172,-0.67791,nan,-0.63371,-0.64313,-0.66154,-0.63497,-0.63794,-0.67077,-0.6655,-0.6454300000000001,-0.6471399999999999,-0.64794,-0.63461,-0.6218199999999999,-0.6169600000000001,-0.62545,-0.64185,-0.64422,-0.63308,-0.62262,nan,-0.60247,nan,nan,-0.63172,-0.62884,-0.63003,nan,-0.6310899999999999,-0.62795,-0.63169,-0.63294,-0.6182,nan,nan,-0.6228899999999999,-0.60948,-0.61919,-0.62105,-0.5982,-0.58412,-0.5969,-0.61169,-0.6159399999999999,-0.61785,-0.61639,nan,-0.60241,nan,-0.58224,-0.58619,-0.58511,nan,-0.58413,-0.5728800000000001,-0.56033,-0.57657,-0.58734,-0.5688300000000001,-0.57506,-0.58616,nan,nan,-0.58844,-0.56755,-0.5243399999999999,nan,-0.55381,-0.56187,nan,-0.55804,-0.52183,-0.53884,nan,-0.54771,-0.53666,-0.5583100000000001,nan,-0.53282,-0.56718,-0.57408,-0.53045,-0.53156,-0.57162,-0.5643199999999999,nan,-0.55771,-0.55805,-0.54484,-0.53797,-0.5382899999999999,-0.54693,-0.55718,-0.56963,nan,-0.55013,-0.50847,-0.499,-0.5180899999999999,nan,-0.52135,-0.52696,nan,-0.50775,nan,-0.5193,-0.50963,-0.51732,-0.51998,-0.50871,-0.5062,-0.5049399999999999,-0.51041,-0.52315,-0.51368,-0.50822,-0.5231100000000001,-0.5234300000000001,nan,-0.52585,-0.50122,-0.49076000000000003,nan,-0.5226,nan,-0.50316,-0.48053,-0.4839,-0.51861,-0.52685,-0.49885,-0.49333999999999995,-0.49553,-0.48408999999999996,-0.5183399999999999,-0.5573199999999999,-0.5238,-0.4803,nan,nan,-0.50239,-0.50555,-0.49576000000000003,-0.49686,-0.51381,-0.50851,-0.48178999999999994,-0.47536000000000006,-0.47851000000000005,-0.48623999999999995,-0.51488,-0.51895,-0.49583,-0.49964,-0.50653,-0.5091399999999999,-0.52489,-0.5029399999999999,-0.46169,nan,-0.48623999999999995,nan,-0.50863,nan,-0.4778,-0.50537,nan,-0.49943999999999994,-0.49578999999999995,-0.4928,-0.49196000000000006,-0.49485,nan,nan,-0.47417,-0.47302,-0.5099600000000001,-0.5458,-0.52863,-0.49341999999999997,-0.49914,-0.50963,-0.49378,-0.49817,-0.50863,-0.50464,-0.51954,-0.51768,nan,-0.47941000000000006,-0.49691,-0.49545,-0.50002,-0.5070600000000001,-0.49437,-0.48856000000000005,-0.49727,-0.49212,-0.48956000000000005,-0.50539,-0.5032399999999999,nan,-0.5129100000000001,nan,-0.48089,nan,-0.49246999999999996,-0.50925,-0.49761000000000005,-0.48733999999999994,-0.49673999999999996,-0.50769,-0.50007,-0.49101000000000006,-0.49441999999999997,nan,-0.46716,-0.46431000000000006,-0.47421,nan,-0.4806,-0.50145,-0.51017,-0.5070600000000001,nan,-0.50021,-0.48998,nan,-0.50143,nan,-0.5092399999999999,-0.48602,-0.46605,-0.46356,nan,-0.51134,-0.49946999999999997,nan,-0.50416,-0.5211600000000001,-0.48186999999999997,-0.46248,-0.49517,-0.50865,-0.48402,-0.47218999999999994,-0.47991000000000006,-0.48995,-0.5026,nan,-0.5075,-0.51884,-0.51925,-0.5099600000000001,-0.5081399999999999,-0.49942,-0.49575,-0.51641,-0.5220600000000001,-0.50359,-0.49375,-0.49676000000000003,-0.51335,nan,-0.5111,nan,-0.52584,nan,-0.52069,nan,-0.51263,-0.49973999999999996,-0.51144,-0.51193,-0.49017,-0.50032,-0.51065,-0.47973999999999994,-0.48955,nan,-0.5040399999999999,-0.48899,-0.51158,nan,nan,-0.4909,-0.49178,-0.51373,-0.5190899999999999,nan,-0.48825,-0.49463,-0.49496,-0.49321000000000004,-0.4901,-0.49621000000000004,-0.50781,-0.49455,-0.47052,-0.46301000000000003,-0.46729,-0.48453999999999997,nan,-0.48925,nan,-0.50748,-0.47298999999999997,-0.45064,nan,-0.47796000000000005,-0.47576999999999997,-0.4767,-0.4655,-0.44393999999999995,-0.45588,-0.49637,-0.5020100000000001,-0.47748999999999997,-0.48134,-0.49604,-0.47003999999999996,nan,-0.4577,-0.47626,-0.47393,-0.46462,-0.44256,-0.42346000000000006,-0.43493999999999994,-0.44708000000000003,-0.43883,-0.45102,nan,-0.43353,-0.41744,-0.44483999999999996,-0.43378,-0.40941,nan,-0.44927,-0.43643999999999994,-0.43386,-0.43472,nan,-0.39724,nan,-0.37523,-0.36746999999999996,-0.3831,nan,-0.39347,-0.38703000000000004,nan,-0.39754,-0.38421,-0.38095,nan,-0.38106,nan,nan,nan,-0.36889,-0.38606999999999997,-0.37145,nan,nan,-0.34865,-0.32388,-0.34895,-0.3418,nan,-0.3021,-0.33883,-0.35654,-0.34229,nan,-0.33228,nan,nan,-0.31581,-0.34195,-0.32936,-0.31043000000000004,nan,-0.2951,-0.29783000000000004,-0.30899,-0.29591999999999996,nan,-0.28609,-0.31042,-0.31085,-0.29784,-0.2931,-0.29301,nan,-0.31078,-0.31032,-0.29275,nan,-0.3256,-0.31804,-0.2928,-0.29631,-0.30801999999999996,nan,-0.29584,nan,-0.32291,-0.29533000000000004,-0.27941,-0.27765,-0.27396,-0.27995,-0.29186999999999996,nan,-0.2594,nan,-0.26749,-0.25634,nan,-0.25656999999999996,-0.25708000000000003,-0.23469,nan,-0.23983000000000002,-0.24735,-0.24358000000000002,-0.24599000000000001,-0.22653,-0.21191,-0.23465999999999998,-0.21921,-0.18517,-0.21456,-0.22699999999999998,-0.20251,-0.22038000000000002,-0.22639,-0.1998,-0.2091,-0.21465,nan,-0.21068,-0.22964,-0.23035999999999998,nan,-0.22564,-0.20513,-0.20253,-0.2131,-0.2134,nan,-0.22171999999999997,-0.18900999999999998,-0.1684,-0.19510999999999998,-0.21415,-0.21394000000000002,-0.20334000000000002,-0.18169000000000002,-0.19523,nan,-0.19413,-0.17742,-0.1863,-0.18445,-0.19034,-0.20074,-0.18807000000000001,-0.17762,-0.18980999999999998,-0.20215999999999998,nan,nan,-0.17085,-0.18112,-0.18673,-0.20631999999999998,-0.23088000000000003,-0.21835,-0.19317,-0.18609,-0.18181,-0.18634,-0.18677,-0.16815,-0.17793,-0.20274,nan,-0.18134,-0.20665999999999998,-0.20683,-0.1726,nan,-0.20087,-0.19188,nan,-0.18645,nan,nan,nan,-0.19964,-0.19884000000000002,-0.20049,-0.20098,-0.20002999999999999,nan,-0.18694000000000002,-0.17962999999999998,-0.18797,-0.18520999999999999,-0.16764,nan,-0.20381,-0.20313,-0.19042,nan,-0.19680999999999998,-0.22744,-0.22082,-0.18706,-0.18789,-0.20905,-0.21802,-0.22696999999999998,-0.23729,-0.24848,-0.24895,-0.23690999999999998,-0.25434,-0.26535,-0.23213000000000003,-0.24738000000000002,-0.29565,-0.27476999999999996,-0.25904,-0.30009,nan,-0.31587,-0.30475,nan,-0.32854,-0.33401,-0.29782,nan,-0.31,-0.34158,-0.34134000000000003,-0.33471999999999996,-0.34099,-0.3411,-0.33248,-0.34458,-0.3679,nan,-0.34931,-0.35611,-0.35874,-0.34725,nan,nan,-0.38047,-0.38931,nan,-0.40692,-0.40273000000000003,nan,-0.43575,-0.42908,-0.4342,-0.42953,nan,-0.44733,-0.43375,-0.43787,-0.46917,-0.49113,-0.49622,-0.48954,-0.49303,-0.51526,-0.51942,-0.50985,-0.5253399999999999,-0.55024,-0.55582,-0.55413,-0.5544100000000001,-0.55404,-0.54304,nan,-0.5523,-0.6000300000000001,-0.61479,-0.61742,-0.6331899999999999,-0.63365,-0.6210399999999999,-0.61792,-0.63784,-0.6581199999999999,-0.6360899999999999,-0.62654,-0.67374,-0.69085,nan,-0.70914,-0.71913,-0.6941,nan,-0.73659,-0.74066,-0.7618199999999999,-0.78425,-0.78203,-0.78474,-0.79684,-0.7981199999999999,-0.8032699999999999,nan,-0.8320200000000001,nan,-0.84146,nan,-0.8650100000000001,-0.8655,nan,nan,-0.9092,-0.88823,-0.8787,nan,nan,-0.9009,-0.9109999999999999,-0.92091,nan,-0.94253,-0.9539700000000001,nan,-0.96911,-0.97126,-0.97715,-0.9896799999999999,-1.0038,-1.0211,-1.0409,-1.0471,-1.0451,-1.0536,-1.0635,-1.0635,-1.0679,-1.0816,nan,-1.078,-1.1128,nan,-1.1288,-1.1157,-1.1048,-1.091,-1.1129,-1.1472,-1.1551,-1.1605,-1.1716,-1.1723,-1.1677,-1.1677,-1.172,-1.1915,-1.2142,-1.2151,-1.2144,-1.2345,-1.2472,-1.2481,-1.2652,-1.2797,-1.264,-1.2447,-1.2545,-1.2836,nan,-1.2843,-1.2988,-1.3114,-1.2892,-1.3029,nan,-1.2891,-1.2839,-1.3283,-1.3279,-1.3241,-1.3419,-1.3187,-1.286,-1.2997,-1.3239,-1.3234,-1.3253,-1.3423,-1.3353,-1.3045,-1.2949,nan,-1.3252,-1.3015,-1.2795,-1.2830000000000001,nan,-1.3083,nan,nan,-1.2949,-1.2952,-1.3223,-1.3223,-1.2866,nan,-1.2814,-1.2815,-1.2651,-1.2623,nan,-1.2368,-1.1989,-1.2046,nan,nan,nan,-1.2133,-1.2096,-1.1739,-1.1549,-1.1563,-1.1452,-1.1268,nan,-1.1243,-1.1253,-1.1132,-1.0964,-1.0929,nan,-1.0443,nan,-1.0025,-0.9925299999999999,-0.9781799999999999,-0.9721,-0.9505600000000001,-0.92306,-0.90833,-0.9061899999999999,-0.90527,-0.88607,-0.86426,-0.8631,-0.85475,-0.82153,-0.79246,-0.77372,-0.74056,-0.71008,-0.70277,-0.67166,nan,-0.6156699999999999,-0.6100899999999999,-0.56386,-0.53555,-0.5398,-0.52709,-0.48561000000000004,-0.43555,-0.40078,-0.37868,-0.34665999999999997,nan,nan,-0.22685,nan,-0.14458,nan,nan,-0.080249,-0.024638,0.01712,nan,nan,0.17174,0.20321,0.2215,0.26882,0.32511999999999996,0.36396999999999996,0.39575,0.43736,nan,0.5473399999999999,0.59536,0.63425,0.67676,0.72744,0.78259,0.83619,0.87628,0.9018700000000001,0.9466899999999999,nan,1.0888,1.1237,1.1814,nan,1.3296,1.3494,1.3744,nan,1.5115,1.5687,1.5921,1.6123,1.6778,1.7726,1.8330000000000002,1.8544,1.8853,1.9338,1.9954,nan,2.1566,2.1834,2.2052,2.2573,nan,nan,2.4018,2.4543,2.5325,2.5855,2.6263,2.6806,2.7379,2.815,2.8881,2.9204,nan,3.0166,3.0278,nan,nan,3.1923,nan,3.2595,3.3042,3.3237,3.3552,3.4125,nan,3.4925,3.5082,3.4976,3.5011,3.5489,nan,3.5756,nan,nan,3.5685,nan,3.5704,3.5767,3.5638,3.555,3.5537,3.5592,3.5516,3.5179,3.4811,3.4558,3.4467,3.4449,3.4138,3.3556,3.3089,3.2781,3.2612,nan,3.2549,3.2233,3.1801,3.141,3.1153,3.082,3.0346,3.0065,2.9838,2.9484,2.9347,2.9182,2.864,2.8241,2.8134,2.7917,2.7599,2.7254,nan,2.682,2.6699,2.6457,2.6238,2.6038,2.5815,nan,2.5143,2.5123,nan,2.4931,2.4444,2.4311,2.4269,nan,2.385,2.3786,2.3478,2.3212,2.313,nan,2.2549,2.2478,2.2307,2.206,2.185,2.1529,2.1275,2.124,2.125,2.1215,2.101,2.0564,2.0208,2.0171,2.0161,1.9964,1.9819,1.985,nan,nan,1.9365,1.9376,nan,1.8974,nan,1.8914,1.8858,1.8625,nan,1.8277,1.8003,1.8149,1.8024,1.786,1.8115,1.8057,1.7823,1.7979,1.8065,1.7998,1.8004,1.7914,1.7839,nan,1.7748,1.7629,1.7502,1.7282,1.7188,1.7276,nan,1.7106,1.7126,nan,1.7168,nan,1.6733,1.6608,1.6767,1.6946,1.6819,1.6508,1.6238,1.6284,1.6515,1.631,1.5998,1.6192,1.6431,1.6464,1.6381,1.6094,nan,1.6167,1.587,nan,1.5992,1.598,1.5781,nan,1.5894,1.5804,1.5881,1.6012,1.5901,1.5603,1.5388,1.5364,1.5399,1.537,1.5357,1.5454,nan,nan,1.5332,1.5405,1.5416,1.5149,nan,nan,nan,1.4734,1.4609999999999999,1.4515,1.4413,1.4282,1.4084,1.3877,1.3876,1.3999,1.3952,1.3806,1.3692,1.358,1.3537,nan,1.3444,1.331,1.3015,nan,1.287,1.2898,1.276,1.288,1.2876,1.2615,1.2758,1.305,1.2886,nan,nan,1.2574,1.2223,1.2065,1.2204,1.2169,1.1927,1.1858,1.1837,1.1637,nan,nan,1.115,1.1021,1.1109,1.1226,1.1146,1.0797,1.0745,1.109,1.0903,1.0444,1.0555,1.0587,1.0255,nan,nan,1.0158,1.0163,nan,0.98367,nan,0.96488,0.95195,0.9694299999999999,0.9854700000000001,0.97762,nan,0.9347799999999999,0.95737,0.9431299999999999,0.90771,0.9274100000000001,0.93676,0.9067,0.9065,0.9013399999999999,nan,0.8756700000000001,nan,0.87841,0.88033,0.8637799999999999,0.8682700000000001,0.8787,0.84478,0.83501,nan,nan,0.8453799999999999,0.84359,0.81104,0.7938,0.80082,0.77617,0.7490000000000001,0.76153,0.7688,0.74763,0.7410899999999999,0.75205,0.74575,0.73543,0.73935,nan,0.73787,0.74083,0.75088,nan,0.72616,0.70594,0.72218,nan,0.68948,0.6911,0.68807,nan,nan,0.66989,0.66255,0.67537,0.6741699999999999,0.6544399999999999,0.64445,0.63825,0.62241,nan,0.6179,0.6101,0.59791,0.58746,0.57352,nan,nan,0.56307,0.58233,0.59864,0.57868,0.56665,0.56728,0.55509,0.55991,0.569,0.55533,0.54683,0.53008,nan,0.48346000000000006,0.50262,nan,0.49536,0.49106000000000005,0.49106000000000005,0.49141999999999997,0.49341999999999997,0.48994,nan,0.46871999999999997,0.45741000000000004,0.44448999999999994,nan,0.47391000000000005,0.47534,0.46366,0.4644,0.4587,nan,0.45561999999999997,nan,nan,0.4529,0.46518000000000004,0.44415,0.42102,0.41622,nan,0.41513999999999995,0.41986,0.41218,nan,nan,0.38911,0.38474,0.36912,0.3782,0.39886,0.39428,0.37412,0.36807,0.37001,0.36334,0.35226,0.35224,0.36567,nan,0.33906,0.32038,0.33299999999999996,0.33664,0.32341,0.33592,0.35536999999999996,0.34354,0.33462,nan,nan,nan,0.31318,0.32123,nan,0.30767,0.32391,nan,0.33192,0.32191,0.32313000000000003,0.31736,nan,0.29125999999999996,0.28907,0.29622,0.2894,0.25916999999999996,nan,nan,0.2899,0.29108,0.29281999999999997,nan,nan,0.28053,0.27767,0.24475,0.22985,0.24458000000000002,0.24791999999999997,0.2477,0.24289000000000002,0.22102,0.21295999999999998,0.21725,0.22621999999999998,0.24669000000000002,0.23836999999999997,0.21436,0.23376,0.25014000000000003,0.22680999999999998,nan,0.24095999999999998,0.22358000000000003,nan,0.21714,0.22963000000000003,0.20263,0.19862,0.23093000000000002,nan,0.19413,0.18685,nan,0.2013,nan,0.19677999999999998,0.17260999999999999,0.16919,0.19263,0.18612,0.15696,0.16658,0.1985,nan,0.16975,0.15203,0.15188,nan,0.1483,0.12408,nan,0.11837,0.10530999999999999,nan,0.11619000000000002,0.09063600000000001,0.10138,nan,nan,0.08945399999999999,0.10001,0.087225,0.06327,0.056897,0.066536,0.06029299999999999,0.037662,nan,nan,0.038058999999999996,0.025097,0.053772,0.080167,nan,nan,0.057166999999999996,0.067929,0.058195000000000004,nan,0.022316,0.017006,0.013016999999999999,nan,0.016275,0.028452999999999996,0.0034736,0.0038859000000000003,0.018936,nan,nan,nan,nan,nan,-0.011447,-0.034914999999999995,nan,-0.053029,nan,-0.062089,nan,-0.080256,-0.07940499999999999,-0.080276,-0.10524000000000001,-0.10775,nan,-0.082612,-0.093833,-0.09047100000000001,-0.10574000000000001,-0.10012,-0.07728099999999999,-0.11092,nan,nan,-0.093638,nan,-0.14059000000000002,-0.14649,nan,-0.18486,-0.17185,-0.1655,-0.16766,-0.15713,-0.1549,nan,-0.20251,-0.19097999999999998,-0.1776,-0.18766,nan,-0.19641,-0.20437,-0.22841999999999998,-0.23623000000000002,-0.22655999999999998,-0.21791999999999997,-0.2204,-0.24085,nan,-0.23855,-0.26596,-0.29565,-0.28186,nan,-0.29862,-0.30793000000000004,nan,-0.30341,-0.29531999999999997,-0.29868,-0.31377,nan,-0.32515,-0.31425,-0.30801,-0.31881,-0.33316,-0.33936,-0.34019,-0.33723000000000003,-0.34028,-0.3566,-0.36776,-0.36264,-0.35601,nan,-0.37248000000000003,-0.3667,-0.35595,-0.35772,-0.37296,-0.37187,-0.35924,-0.38188,-0.40263000000000004,nan,-0.3906,-0.40069,-0.38402,-0.40271999999999997,-0.43633,-0.42139,-0.41315,-0.44106000000000006,-0.4359,-0.40844,-0.43358,-0.46397,-0.44027,-0.42973999999999996,-0.44951,-0.44858000000000003,-0.44198999999999994,nan,nan,-0.47598,-0.46967,-0.44861,-0.45263000000000003,nan,-0.44603999999999994,nan,nan,-0.47851000000000005,-0.46603999999999995,-0.45136000000000004,-0.44241,-0.43363999999999997,-0.43651,-0.44973,nan,-0.44028,-0.45451,-0.46255,-0.44781000000000004,nan,-0.4644,nan,nan,-0.46183,-0.46334,-0.46245,-0.45627,-0.4482,-0.45319,-0.4707,nan,-0.47695,nan,nan,nan,nan,-0.43738999999999995,-0.46257,nan,-0.45276000000000005,-0.44803999999999994,-0.44768,nan,-0.43315,-0.4434,-0.44751,-0.44433999999999996,-0.43531000000000003,nan,-0.41861000000000004,-0.43385,-0.43165,-0.43203,-0.43253,-0.40841,-0.39173,nan,-0.41589,-0.41455,-0.41557,nan,-0.38243,nan,-0.40278,-0.39365,-0.41594,-0.43206999999999995,-0.40476999999999996,-0.40489,-0.41553,-0.40113000000000004,-0.41634,-0.43054,nan,-0.39366999999999996,-0.4022,nan,-0.40079000000000004,-0.39553,nan,-0.41813999999999996,-0.39726,-0.38549,nan,-0.37887,-0.34255,nan,-0.33899,-0.34181,-0.37288000000000004,nan,-0.3679,-0.35465,-0.35564,-0.34963,nan,-0.35959,-0.31844,-0.31301999999999996,-0.35629,nan,-0.32647,-0.34313,nan,-0.33795,-0.3217,-0.32256999999999997,-0.3274,-0.34544,nan,nan,nan,nan,-0.31294,-0.30479,-0.32787,-0.34125,-0.32344,-0.30349,-0.29485,-0.2899,-0.29593,-0.30856,-0.30795,-0.30571,-0.3093,-0.2981,-0.28935,-0.31334,-0.32771999999999996,-0.30052,-0.29741,-0.32288,-0.30826,-0.28751,-0.29494000000000004,-0.29166,-0.29991999999999996,-0.326,-0.31635,-0.29596,-0.31301999999999996,-0.3259,-0.30851999999999996,-0.31144,-0.32511,-0.3033,-0.29214,-0.30958,-0.30001,-0.2899,-0.31118,-0.31365,-0.29214,-0.29716,nan,-0.29425999999999997,nan,-0.32383,-0.30861,-0.28404,-0.29574,-0.29829,-0.28424,-0.29803,-0.32177,-0.31109000000000003,-0.28839000000000004,-0.2793,-0.27289,nan,-0.29511,-0.28156,-0.27631999999999995,-0.27885,nan,-0.26991,-0.29736,-0.2972,-0.27829,-0.2532,-0.23314000000000001,-0.25248000000000004,-0.26066999999999996,-0.26336,-0.2708,-0.21116,-0.24145,nan,-0.15355,-0.29804,-0.31681
3.0,0.00037317,-0.24143,-0.066412,-0.079891,-0.16244,-0.11913,nan,-0.12014000000000001,-0.11674000000000001,-0.12032000000000001,nan,-0.11638,-0.11706,-0.15738,nan,-0.095648,-0.12178,-0.1064,-0.098984,-0.13779,-0.1335,-0.10207999999999999,-0.09679,-0.10117000000000001,-0.09589400000000001,nan,-0.062592,-0.079511,nan,-0.087773,-0.044248,-0.040501999999999996,-0.040034,-0.045011,-0.04022,-0.020606,nan,-0.086148,-0.050117,nan,nan,-0.026888,-0.014133000000000001,-0.028698,nan,-0.022254,-0.0061293,-0.05450700000000001,-0.042651,-0.005146100000000001,nan,-0.018327,-0.0028531,nan,-0.0047676,-0.007781199999999999,-0.028493,-0.02188,0.02575,0.04607,0.023025,nan,0.033525,nan,0.049555,0.083623,0.068871,0.035389,0.057683000000000005,0.07662100000000001,0.04919,0.069024,0.11529,0.087385,0.08089500000000001,0.11339,0.096323,0.097846,0.12917,0.13003,0.11167,0.094456,0.10152,0.11802,nan,nan,0.11803,0.10500999999999999,nan,0.16907,0.17300000000000001,0.16915999999999998,0.17026,0.17142000000000002,nan,nan,0.20354,nan,nan,0.231,0.23739000000000002,0.25474,0.24377,0.24443,0.26968000000000003,0.25248000000000004,nan,0.28653,0.25585,0.23885,0.25793,0.27221999999999996,nan,0.35291,0.31838,0.31265,0.3234,0.30687,0.32148000000000004,0.31745999999999996,0.31096,nan,0.33249,0.32729,0.35688000000000003,nan,0.36456,0.35403,nan,0.3507,0.36327,0.35106,0.33093,0.3298,0.37237,nan,0.33566999999999997,0.33871,0.36954000000000004,0.36351999999999995,0.38272,0.36011,nan,nan,0.32536,0.30867,0.31215,0.29941999999999996,nan,0.29313,0.24770999999999999,0.23267,0.24775999999999998,0.24515,0.28278000000000003,0.26542,nan,0.22963000000000003,0.21425999999999998,nan,nan,0.21996,0.20763,nan,0.22984000000000002,0.20958000000000002,nan,0.19949,nan,0.16017,0.17135999999999998,0.1688,0.15913,nan,nan,0.13405,0.1329,0.13201,0.12897,0.10547000000000001,0.091308,0.080126,0.049076,0.032458999999999995,0.034635,nan,0.008631999999999999,0.027558,-0.00046021,-0.044079,-0.027842000000000002,nan,-0.023368,-0.022865,-0.024241,0.0046582,0.019094,-0.021123,-0.042482,-0.011353,0.0049868000000000004,-0.015754,-0.020996,-0.022761,-0.040586000000000004,-0.031514999999999994,-0.020207,-0.022765,-0.020613999999999997,nan,-0.037716,-0.048629,-0.063682,nan,-0.060911,nan,-0.026757,nan,-0.054742,-0.052472000000000005,-0.082238,nan,-0.051999000000000004,-0.070228,-0.055538,-0.065002,-0.08083,-0.087508,-0.064834,-0.06980399999999999,-0.10139,-0.086447,nan,-0.080552,-0.08452799999999999,-0.10046000000000001,-0.08656799999999999,-0.084505,-0.10412,-0.10027,nan,-0.13195,-0.094796,-0.08809299999999999,nan,-0.14343,-0.13622,-0.13796,-0.14197,-0.17377,-0.19167,nan,nan,-0.19897,-0.18100000000000002,nan,-0.21349,-0.23649,-0.20275,-0.188,nan,-0.24345999999999998,nan,nan,-0.28087,-0.27698,-0.23595,nan,nan,nan,-0.28275,-0.29583000000000004,-0.31051,-0.30782,nan,-0.30080999999999997,nan,-0.33432,-0.33755,-0.35846,nan,nan,-0.36841,-0.37401,-0.36796,-0.35277,-0.37582,-0.41011000000000003,-0.40457,-0.3916,nan,-0.35059,-0.36475,-0.39588,-0.39328,-0.37668,-0.36274,-0.38234,nan,nan,-0.3723,-0.39958,-0.38727,-0.39288,-0.40695,-0.41589,-0.3982,-0.36987,-0.38706999999999997,-0.41203,-0.4036,nan,nan,-0.3954,nan,-0.41189,nan,nan,-0.40399,nan,-0.39378,-0.39261,-0.40571999999999997,-0.41753999999999997,-0.4027,nan,nan,-0.4096,-0.43004,nan,-0.40988,-0.42022,-0.45264,-0.43416000000000005,-0.43304,-0.45051,nan,-0.40181,-0.41778999999999994,-0.43101000000000006,-0.44621000000000005,-0.45331000000000005,-0.4417,-0.45364,-0.45102,-0.4246,nan,-0.45891000000000004,-0.42835,-0.44728999999999997,-0.4374,nan,nan,-0.48996999999999996,-0.45647,nan,-0.4264,nan,-0.46423000000000003,-0.49422,-0.46313000000000004,-0.45187,-0.47005,-0.45014,-0.46775,-0.49506000000000006,-0.48718,-0.4897,-0.47535,-0.46303999999999995,nan,-0.46957,nan,-0.47791000000000006,-0.49476000000000003,-0.48277,-0.4693,-0.49886,nan,-0.47938000000000003,-0.49262,-0.52331,-0.52851,-0.52215,nan,-0.5474399999999999,-0.53522,nan,-0.54377,-0.56557,-0.54608,nan,-0.57812,-0.5357,-0.54797,-0.58113,nan,-0.58415,-0.5867399999999999,-0.58726,-0.57331,-0.55712,-0.57503,nan,-0.59291,-0.56762,-0.56902,nan,-0.60469,nan,-0.5795899999999999,-0.58875,nan,-0.58187,-0.6026699999999999,nan,-0.56438,nan,-0.58992,-0.58397,-0.61703,-0.62224,nan,-0.58577,-0.57945,-0.59259,-0.60605,-0.56701,-0.59336,-0.6259399999999999,-0.60235,-0.60455,-0.57927,nan,-0.6170100000000001,-0.62547,nan,-0.5958100000000001,nan,-0.63895,nan,-0.61734,nan,-0.60295,nan,-0.62648,-0.61864,-0.62544,-0.62258,-0.62332,-0.63726,nan,-0.6409,-0.6451399999999999,-0.64599,nan,-0.62459,-0.64908,-0.6645,-0.6503399999999999,-0.6292300000000001,-0.62384,-0.64648,-0.64886,-0.62098,-0.6352800000000001,-0.63872,nan,-0.6574800000000001,nan,nan,-0.64648,-0.64513,-0.6427,-0.63803,-0.6500100000000001,-0.66525,-0.61512,-0.6036,-0.63312,-0.64584,nan,nan,-0.64285,-0.67023,-0.66457,-0.64154,-0.65681,nan,-0.64271,-0.64507,-0.61734,-0.5968600000000001,-0.64037,nan,-0.63013,-0.61778,-0.62431,-0.62445,nan,nan,-0.62741,-0.62684,-0.6450199999999999,nan,nan,-0.6409,-0.6632,-0.62752,-0.6096600000000001,nan,-0.61953,-0.58865,-0.63849,nan,-0.6333300000000001,-0.66487,-0.62631,-0.61461,-0.6330399999999999,-0.6110300000000001,-0.60534,-0.60663,-0.58587,-0.59714,-0.63115,-0.64517,-0.64532,-0.6298600000000001,-0.62467,-0.6462100000000001,-0.62936,-0.5987100000000001,-0.61848,-0.6151,-0.58703,-0.5995699999999999,-0.59743,nan,nan,-0.57,nan,-0.58634,-0.57215,-0.54794,-0.58082,-0.57773,-0.55742,-0.5395,-0.51012,-0.52162,-0.52187,-0.53772,nan,-0.53251,-0.5234,-0.5109600000000001,-0.45653999999999995,-0.44958000000000004,-0.478,-0.50429,nan,nan,-0.48935,-0.47675,-0.46166,nan,nan,nan,nan,-0.46165,-0.47231000000000006,-0.47331999999999996,-0.44354,-0.47248999999999997,-0.47984,nan,-0.42768999999999996,-0.41098999999999997,-0.38187,-0.39498,-0.41062,-0.41736,-0.38711,-0.37467,nan,nan,-0.37568,nan,nan,-0.39027,nan,-0.38939,-0.34925,-0.39566999999999997,-0.39616,-0.3778,nan,-0.35515,-0.37322,nan,-0.33174000000000003,-0.32636,-0.31624,-0.34902,nan,-0.30109,-0.32095,nan,-0.33396,-0.32588,-0.30335,nan,-0.29519,-0.2915,-0.29724,-0.28693,-0.2577,-0.25392,-0.25099,-0.22533000000000003,-0.24306,-0.25984,-0.22173,-0.23115,-0.25703000000000004,-0.21605,nan,-0.2413,-0.21711999999999998,-0.19715,-0.19938,nan,-0.20047,-0.21056999999999998,-0.17919000000000002,-0.19415,-0.18018,-0.14303,-0.1393,-0.14010999999999998,nan,-0.15779,nan,-0.18058,-0.17933,-0.17342,nan,-0.15244000000000002,-0.19845,-0.15175,-0.14256,-0.15657000000000001,-0.11477000000000001,nan,nan,-0.10217999999999999,-0.092211,-0.06347,nan,-0.078609,-0.050539999999999995,-0.067812,-0.084355,-0.061702,-0.073603,-0.07503,-0.043019999999999996,-0.06915700000000001,-0.097278,-0.058799000000000004,-0.044180000000000004,-0.062221000000000005,-0.060516999999999994,-0.06552100000000001,-0.053826,-0.04394,-0.062476,-0.03777,nan,-0.048284,-0.062588,-0.066512,-0.034651,0.004730699999999999,nan,-0.063363,-0.036502,-0.015062,-0.025975,-0.042912,-0.046938,-0.025113999999999997,-0.028513,-0.041762,-0.0094576,-0.0067567999999999994,-0.037842,-0.038692000000000004,-0.023853,-0.032056,-0.06391799999999999,nan,-0.0011380000000000001,-0.0032126999999999993,-0.015456999999999999,-0.028575,-0.013493000000000002,-0.0063571999999999995,-0.039952,nan,nan,-0.024236,-0.0075006,-0.00054041,-0.0048526,-0.0064209,-0.024184999999999998,-0.024015,-0.020358,-0.018663,-0.00096556,-0.0041419,-0.011429,0.0153,0.0046779,nan,nan,0.012874000000000002,-0.014717,0.0013103,-0.0042563,nan,0.0033564999999999997,nan,-0.0046105,0.029237,nan,-0.0015329,-0.001689,nan,-0.010528000000000001,0.021708,0.035061,nan,0.013038999999999999,0.0196,nan,0.020358,0.033935,0.036162,0.03525,0.036093,nan,nan,nan,0.033269,0.017818,0.055637,0.063854,0.022812,0.026769,0.059233,0.055496000000000004,0.041039,0.025065,0.015754,0.036336,0.055422000000000006,0.043809,nan,nan,0.053035,0.059852999999999996,0.048059,0.066661,0.0695,nan,0.058182000000000005,0.075248,0.049849,nan,0.05758099999999999,0.059217,0.08271,nan,nan,0.049244,0.05161,0.033047,0.053739999999999996,nan,nan,nan,0.036716000000000006,0.034934,0.045515,0.065052,0.046556,nan,0.055140999999999996,0.028285,-0.021412,0.0053412,0.03564,0.0029211,nan,0.041407,0.011615,-0.0075717,0.012897,0.010451,-0.0070627,nan,-0.0020712,nan,-0.0012711999999999999,-0.0063585000000000004,-0.007501100000000001,0.004871100000000001,nan,-0.040304,nan,-0.039036,nan,0.0013529000000000002,nan,nan,-0.037531999999999996,-0.051183,-0.062032000000000004,-0.043809,-0.021109,nan,-0.074418,-0.081083,nan,-0.057347,-0.07059700000000001,nan,-0.08307200000000001,nan,nan,nan,-0.098897,-0.09954400000000001,-0.11274,-0.12778,-0.14498,-0.16089,nan,-0.15712,nan,-0.15994,-0.17801,-0.19804000000000002,-0.18388,-0.18243,-0.19812000000000002,nan,nan,-0.17952,-0.18012999999999998,-0.19743,-0.19992000000000001,-0.1967,-0.23195,-0.23369,-0.19725,-0.23121999999999998,nan,-0.25153000000000003,-0.25773,-0.26003000000000004,-0.2487,-0.26731,-0.29829,-0.31386,-0.30551999999999996,-0.27532,nan,nan,nan,-0.29267,nan,nan,-0.37385,-0.37266,-0.35736,nan,nan,-0.37634,-0.3761,-0.39701,-0.39056,-0.4098,-0.4196,-0.39102,-0.40060999999999997,-0.43115,-0.42877,nan,-0.44842,-0.45278,-0.48825,-0.49456000000000006,-0.47338,-0.46965,-0.49241,-0.50955,-0.49333,-0.49095,-0.51374,-0.52759,-0.5412899999999999,-0.5422399999999999,-0.51423,-0.5329699999999999,nan,-0.53566,-0.53418,-0.57509,-0.5876,-0.59983,nan,-0.61033,-0.64999,-0.66497,-0.6484300000000001,-0.63845,-0.6455,-0.6445,-0.63878,-0.6662399999999999,-0.68314,-0.6821,-0.70002,-0.71414,-0.73526,-0.76767,-0.7793800000000001,-0.76299,-0.75015,-0.76889,-0.77822,nan,-0.84726,-0.8454200000000001,-0.84541,-0.9006,-0.90128,-0.88335,nan,-0.9085700000000001,-0.87764,nan,-0.90895,nan,-0.93727,nan,nan,-0.9908899999999999,-0.9934,-0.99456,nan,nan,-1.0277,-1.0267,-1.0090000000000001,-1.0398,-1.0515,-1.0882,-1.1497,nan,-1.0952,nan,-1.1303,nan,nan,-1.1535,-1.1713,-1.1875,-1.1898,-1.1638,-1.1827,nan,nan,-1.1864,-1.2233,-1.2226,-1.2495,-1.2952,-1.3174,-1.3212,nan,-1.3234,-1.3328,-1.3514,nan,nan,-1.3514,-1.3980000000000001,-1.3765,nan,-1.4206,-1.4226,-1.4274,-1.4763,-1.4973,nan,-1.4665,-1.4969,-1.5119999999999998,-1.4986,nan,-1.5495,-1.5564,-1.5776,-1.5769,-1.5646,-1.5986,-1.6405,-1.6534,-1.6643,-1.682,-1.6859,nan,-1.6673,-1.7166,nan,-1.706,nan,-1.7332,-1.7176,-1.7454,nan,-1.7679,-1.7691,-1.7509,-1.7527,nan,nan,-1.7951,-1.7938,-1.7618,-1.7875,-1.8049,-1.8094,nan,-1.8667,nan,-1.8561,-1.8759,-1.8769999999999998,nan,nan,-1.9111,-1.8779,-1.8439,-1.8791,nan,-1.9038,nan,-1.9429,-1.9386,nan,nan,-1.9251,-1.9601,-1.9615,nan,nan,nan,-1.9933,-2.0126,-2.0139,-1.9933,-1.9983,-2.0224,nan,-1.9909999999999999,-2.0423,-2.0401,-2.0392,-2.0205,nan,-2.0198,-2.0183,-2.0259,-2.0358,-2.0177,-2.0331,nan,-2.0462,nan,-2.0604,-2.0765,-2.0679,-2.0502,-2.0623,nan,-2.0625,-2.0548,nan,-2.0607,-2.0888,-2.0928,-2.0618,-2.0608,-2.0783,-2.077,nan,-2.1001,-2.0965,-2.0775,-2.0873,nan,-2.0955,-2.0819,-2.042,-2.05,-2.0856,-2.0776,-2.0738,nan,-2.0814,-2.0529,-2.0593,-2.0621,-2.0474,-2.069,-2.0759,-2.0257,-2.0093,-2.0255,nan,-2.0604,nan,-2.0041,-2.0306,nan,-2.0028,nan,-2.0044,nan,-2.0405,nan,nan,-1.9881,-1.9985,-1.9982,-2.0154,nan,-1.9684,-1.9418,-1.9346,-1.9628,-1.9367,-1.9021,-1.9222,-1.8952,-1.8809,-1.909,nan,-1.844,-1.8561,nan,-1.8403,-1.8451,-1.8366,-1.7972,-1.7849,-1.7861,nan,-1.7764,nan,-1.7571,-1.7312,nan,-1.7346,-1.7132,-1.6888,-1.6915,-1.6543,-1.6056,-1.5855,-1.5561,-1.5325,nan,-1.5483,-1.5063,-1.4769999999999999,nan,-1.4815,-1.4453,-1.42,-1.3998,-1.3949,nan,nan,nan,-1.3392,-1.3177,nan,-1.2993,-1.2616,nan,nan,-1.1645,-1.1853,-1.1863,-1.1851,-1.1764,-1.1457,-1.1164,-1.0567,-1.0085,-0.9865,-0.97421,-0.99072,nan,-0.9110799999999999,nan,-0.8655299999999999,-0.80766,-0.79786,-0.79133,-0.76036,-0.74608,-0.7088800000000001,-0.6664,-0.66319,nan,-0.56648,nan,-0.5262,-0.50893,-0.45916999999999997,-0.43198000000000003,-0.42382,nan,-0.39405,-0.36645,-0.32803000000000004,-0.30627,-0.25305,-0.16973,nan,nan,-0.06250599999999999,-0.006533199999999999,-0.015773,-0.016855000000000002,0.044395,0.11659000000000001,0.1611,nan,nan,nan,0.28364,0.35748,0.4351,0.47052,0.48383000000000004,nan,0.57129,0.585,0.6348600000000001,0.69238,0.71915,0.77695,0.8265,nan,0.91679,0.96667,1.0119,1.0526,nan,nan,1.1689,1.2273,1.2542,1.2499,nan,1.4352,1.4552,1.4888,1.5198,nan,1.6416,1.6871,1.6999,1.7369,1.7966,1.8230000000000002,nan,1.9263,1.9371,1.9391,1.9565,1.9697,2.0163,2.0464,2.0559,2.0691,2.0672,nan,nan,2.1027,2.0885,2.0881,2.0892,nan,2.0888,2.089,nan,2.0972,2.1106,2.1082,2.1077,2.1093,2.1077,nan,2.1258,nan,2.0731,2.0511,2.0498,nan,2.0158,nan,nan,1.9703,1.9499,nan,1.9399,1.9322,1.9163,nan,nan,1.8366,1.8373,1.8079,nan,1.7974,nan,1.7614,1.7465,1.7359,1.7421,nan,1.7523,1.7084,1.7104,1.7188,1.6836,1.7045,1.7248,1.6938,1.7012,1.7094,1.6744,1.6639,1.6843,1.6832,1.6778,1.6875,1.6769999999999998,1.6821,nan,1.675,1.6691,1.7059,nan,1.6583,1.6762,1.6785,nan,1.6601,1.6724,1.6891,1.6762,nan,1.6817,1.6627,nan,1.6856,1.7042,1.6868,1.6811,1.6819,1.6815,1.6818,1.6822,1.6818,1.6817,nan,nan,1.6878,nan,1.7016,1.6685,1.6649,1.6948,1.7,nan,nan,1.6544,1.6717,1.7015,1.7018,1.7056,nan,1.6605,1.6954,1.7285,1.6992,1.6804,1.6811,1.6646,1.6686,1.6934,1.7022,nan,nan,nan,1.6609,nan,nan,1.6617,nan,1.6617,1.6616,1.6626,1.6608,nan,1.6833,1.6848,nan,nan,1.6846,1.6816,1.6811,1.6775,1.6473,1.6230000000000002,1.6378,1.6614,1.6507,1.6157,1.6241,1.6611,1.6423,1.6199,1.6238,1.6065,1.6004,1.6129,nan,1.6417,nan,1.6141,1.594,1.5859999999999999,1.6037,1.5827,nan,1.5556,1.5636,1.5474,1.5519,1.531,1.5061,nan,1.5179,1.4966,1.5205,1.5481,nan,nan,1.4906,1.4919,nan,1.4918,1.4874,nan,1.4691,1.4847,1.4833,1.4496,1.4258,nan,1.4478,1.4431,nan,1.4089,1.4088,1.4232,1.4312,1.396,1.3719999999999999,1.4025,1.4165,1.4038,1.3864,1.3721,1.3761,nan,1.3274,1.3327,1.3339,1.3319999999999999,nan,nan,1.2946,nan,1.2487,nan,1.2774,1.2799,1.2576,1.2577,1.2531,1.254,1.2737,1.2667,1.2528,1.2547,1.2383,1.2398,nan,1.2412,1.2166,1.254,1.2322,1.2256,nan,1.2369,1.2482,nan,1.2357,1.2548,1.2416,1.2319,1.2338,1.2146,1.216,1.2207,nan,1.2205,1.2163,nan,1.2066,1.2245,1.2132,nan,1.2103,nan,nan,1.176,nan,1.2229,1.1984,1.1799,nan,1.2236,1.2065,1.1917,1.1771,1.1926,1.2154,1.2177,1.2172,nan,1.1631,1.1639,1.1875,1.1982,1.1984,1.1943,1.2096,1.2142,1.1769,1.1695,1.2068,1.2156,1.1947,1.1956,1.2131,1.2216,nan,1.176,1.1697,nan,1.2071,1.1749,1.1945,1.2058,nan,1.2095,1.2154,nan,1.1888,1.1959,1.1753,nan,1.219,1.2076,nan,1.1979,1.1993,1.1851,1.1752,1.1793,1.1774,1.1759,1.1828,1.1705,1.1575,nan,1.1528,1.1771,nan,nan,1.1617,1.1465,nan,1.1598,1.1587,1.1565,1.1602,1.1574,1.1574,1.1468,1.1233,1.1243,nan,1.0823,1.0786,1.0814,1.0825,1.0792,nan,1.074,1.0776,1.0581,1.0599,1.0611,1.0635,1.0558,nan,1.0448,1.0201,nan,1.0066,1.0031,0.99936,1.0118,nan,nan,0.9808899999999999,0.97719,0.95865,nan,0.9650299999999999,0.9461200000000001,0.9577,0.96226,0.91851,0.90259,nan,0.91202,nan,nan,0.8514700000000001,nan,0.90933,0.8863700000000001,0.90428,0.8861399999999999,0.8568899999999999,0.87574,0.86639,0.8476899999999999,0.86174,nan,nan,0.85024,nan,nan,0.81458,nan,0.8264799999999999,nan,0.75863,nan,nan,0.76694,0.77804,0.76573,0.77308,0.77746,0.72688,0.72347,nan,0.75071,0.73928,nan,nan,0.71268,0.67869,0.67677,0.71058,0.6793600000000001,nan,nan,0.65865,0.6664399999999999,0.69472,nan,nan,nan,0.63112,0.63569,0.63632,0.6400600000000001,0.62732,0.6179399999999999,0.6353,0.62295,0.61633,0.61247,0.59544,0.5979800000000001,nan,0.58348,0.59665,0.57721,0.5635399999999999,0.55255,nan,0.59568,0.5643,0.56266,0.58416,0.54704,nan,0.56502,0.52246,0.50678,nan,0.54867,0.49878,0.5148699999999999,0.51361,0.49823999999999996,0.53176,nan,0.5410699999999999,nan,0.51818,0.53767,0.52336,0.49815,0.51867,0.50652,0.49353,nan,0.47473999999999994,0.4596,0.48936,0.50634,nan,0.47991000000000006,0.46487,0.45903999999999995,0.46234,nan,0.41972,nan,0.45587,0.43978,0.44061000000000006,0.42383000000000004,0.43243000000000004,0.44005,0.38731,0.36274,0.39736,0.39049,0.35174,0.34468000000000004,0.34598,0.33159,0.32583,nan,0.3832,nan,0.29871,0.32297,0.31856999999999996,0.26931,0.28924,0.31458,0.27185,0.24624000000000001,nan,nan,0.25921,0.26478,0.24713000000000002,nan,0.22762,0.21315,nan,0.25051,0.24611999999999998,nan,0.22526,0.20954,0.21827,0.24681,0.20718000000000003,nan,0.20725,0.18611,0.1784,0.21191,0.15315,0.11893,0.16894,0.15319000000000002,0.11059000000000001,nan,nan,nan,0.11439,0.11132,nan,0.10246,0.094544,0.1142,0.09865399999999999,0.0596,0.063856,0.07224,0.053475,0.040175999999999996,nan,0.021315,0.034559,0.00047139999999999997,-0.027681,-0.0008898999999999999,0.015983,-0.0065953,-0.008810799999999999,nan,-0.020214,-0.043914999999999996,-0.042843,-0.045614,-0.026708,-0.029460000000000004,nan,nan,-0.023804,-0.021563,nan,-0.023449,-0.031160000000000004,-0.067511,-0.078921,nan,nan,nan,-0.08498,-0.048826999999999995,-0.061079999999999995,-0.10707,nan,-0.17172
2.0,-0.39468000000000003,nan,-0.4183,-0.43057,-0.42138000000000003,nan,nan,nan,-0.48433000000000004,nan,-0.47773000000000004,-0.46226999999999996,-0.47723000000000004,-0.48103,-0.50888,-0.51735,-0.50654,-0.49182,-0.51131,-0.51279,-0.54179,-0.54467,-0.53145,-0.55862,-0.55216,-0.55394,-0.57867,-0.5776600000000001,-0.55906,-0.56987,-0.5677800000000001,nan,-0.5653100000000001,-0.5728300000000001,nan,-0.57005,-0.6023,-0.60288,-0.6099899999999999,nan,-0.6321399999999999,-0.62283,-0.6301,-0.62603,-0.62675,-0.62998,-0.6206,-0.64931,-0.6553800000000001,nan,nan,nan,nan,-0.66165,-0.65769,nan,nan,-0.6561899999999999,nan,-0.67794,-0.6995399999999999,nan,-0.68166,nan,-0.69809,-0.70914,-0.68717,-0.6921,-0.70743,-0.69343,-0.69905,-0.7118399999999999,-0.71817,-0.72144,-0.72844,-0.70313,-0.7134199999999999,nan,-0.72391,-0.72529,-0.7124199999999999,-0.74358,-0.72985,-0.72863,-0.72265,-0.75432,-0.71545,-0.7215,-0.7188100000000001,-0.73352,-0.72923,-0.72158,-0.7427699999999999,nan,-0.73202,-0.72013,-0.73219,nan,-0.72039,-0.7319899999999999,-0.73187,-0.7319100000000001,nan,nan,nan,-0.74245,-0.7440000000000001,-0.73152,nan,-0.73892,-0.76588,-0.7337199999999999,nan,-0.7480399999999999,nan,-0.75854,-0.72054,nan,-0.74044,-0.7619100000000001,-0.74635,-0.75037,-0.7377100000000001,-0.73327,-0.75512,nan,nan,-0.73432,-0.72624,-0.74068,nan,-0.71758,-0.75302,nan,-0.73715,nan,-0.7479,-0.71421,-0.7277,-0.73095,-0.72454,-0.74417,-0.7148899999999999,-0.72725,-0.72712,nan,-0.73228,-0.71405,-0.74563,-0.7226600000000001,-0.7320399999999999,-0.72946,-0.7266600000000001,nan,nan,-0.7300300000000001,-0.71321,nan,-0.71908,-0.73664,-0.73887,-0.7253,nan,-0.73493,-0.71311,-0.70501,-0.71516,-0.7278899999999999,-0.70065,-0.69657,nan,-0.7112,-0.7037399999999999,-0.6981,-0.70877,nan,-0.70286,-0.7172,-0.6924899999999999,nan,-0.7015,-0.71929,-0.7074,-0.7087600000000001,-0.6953199999999999,-0.69904,-0.69523,-0.6871,-0.69704,-0.6863600000000001,-0.69784,-0.68624,-0.71091,-0.6964,-0.67532,-0.68648,-0.66347,-0.6752199999999999,nan,nan,-0.6873199999999999,-0.6635800000000001,-0.67384,nan,-0.6628,nan,-0.66494,-0.65157,nan,-0.65351,-0.65075,-0.66997,-0.67871,nan,-0.65873,-0.65487,-0.65017,-0.6583,nan,-0.6539,-0.66014,-0.6530600000000001,-0.6534,-0.63799,-0.65989,-0.63646,nan,nan,-0.65376,nan,-0.62776,-0.63953,-0.62162,-0.62849,-0.63737,-0.62127,-0.63355,nan,-0.63089,-0.635,-0.62421,-0.62912,-0.62627,-0.6239899999999999,nan,-0.62707,-0.61456,-0.60851,nan,-0.6180399999999999,nan,-0.59929,-0.62136,-0.6121,-0.61662,-0.5945699999999999,nan,-0.5985699999999999,-0.6019899999999999,-0.6122,-0.5887899999999999,-0.5946100000000001,-0.57416,-0.57428,-0.58416,nan,-0.5702,nan,nan,nan,-0.58385,nan,-0.57673,-0.5786399999999999,-0.56016,-0.59111,-0.58843,nan,-0.58108,nan,-0.57421,nan,-0.56045,-0.56294,-0.57208,nan,-0.57,-0.54992,-0.56233,-0.54915,-0.55125,-0.56262,-0.57301,-0.57258,-0.57291,-0.5622,-0.56266,-0.5847,-0.5624600000000001,nan,-0.55073,-0.5722,-0.5412100000000001,nan,nan,-0.5613100000000001,-0.57224,-0.56228,nan,-0.55048,nan,-0.5465800000000001,-0.5724600000000001,-0.54204,-0.54661,nan,-0.56109,-0.5413,-0.54642,-0.54066,-0.5452100000000001,-0.54347,-0.5262,-0.5321600000000001,-0.54933,-0.53892,-0.5395,-0.52555,-0.53694,-0.51967,-0.52175,-0.5126,-0.5048699999999999,-0.52898,-0.5441,-0.51151,nan,-0.52181,-0.51158,-0.50897,nan,-0.50249,nan,-0.48913,-0.48667,-0.5141,-0.5111600000000001,nan,-0.49096000000000006,-0.5017,-0.49049,-0.48491999999999996,-0.48563,nan,-0.51418,-0.47798,-0.48805,nan,nan,-0.49985,-0.48898,nan,-0.47691000000000006,-0.48807,-0.46618000000000004,nan,-0.47595,-0.48782,-0.5045,-0.48599,-0.48191000000000006,nan,-0.48593000000000003,-0.48711000000000004,-0.47085,nan,-0.47705,-0.48382,-0.47686000000000006,-0.45803,-0.47257,-0.46598999999999996,-0.46233,-0.48101000000000005,-0.47018999999999994,-0.48118,-0.45753999999999995,-0.46057,nan,-0.46013999999999994,-0.45951000000000003,-0.44773999999999997,-0.4491,-0.45996000000000004,nan,-0.46037,nan,-0.44853000000000004,-0.45993,nan,nan,-0.44728,nan,-0.43672,-0.43665,nan,-0.44727,-0.43856999999999996,-0.42473999999999995,-0.42504,nan,nan,nan,nan,-0.44688,-0.41926,-0.42008999999999996,nan,-0.4337,-0.42628,-0.43231,nan,-0.41298,nan,-0.4275,-0.42546999999999996,-0.41173000000000004,nan,-0.41256000000000004,-0.40975,nan,-0.39931,-0.38956,-0.42278000000000004,-0.40606,-0.41466000000000003,-0.41372,-0.40071999999999997,-0.42083999999999994,-0.39947,nan,-0.40302,nan,-0.41598,nan,-0.40528000000000003,nan,nan,nan,-0.39945,-0.40138,-0.40147,-0.39942,-0.40648,-0.41312,-0.41203,-0.3878,-0.38492,-0.40347,-0.40441,nan,-0.4012,-0.41551000000000005,-0.39155,-0.39809,-0.41052,-0.3836,-0.39671,-0.39755999999999997,-0.39208000000000004,-0.40138,-0.38709,-0.3934,-0.40278,-0.40113000000000004,-0.40293,-0.40045,-0.40515999999999996,-0.41213999999999995,-0.40286,nan,-0.40058,-0.40285,-0.3884,-0.39329000000000003,nan,nan,-0.41386000000000006,-0.3914,-0.41475,-0.37797,nan,-0.40256,-0.39184,-0.39161,-0.3919,-0.41512,-0.39173,-0.41445,-0.40345,nan,-0.4163,-0.41288,nan,-0.38047,-0.39962,-0.40492,-0.39035,nan,-0.40273000000000003,-0.40204,-0.40271,-0.39316999999999996,-0.38769000000000003,-0.40263000000000004,-0.39084,-0.40043,nan,nan,-0.40468000000000004,-0.39194,-0.38863000000000003,nan,nan,-0.39315,-0.38743,-0.3987,-0.40178,-0.40191,-0.39442,nan,nan,-0.3961,-0.38476,-0.40053,-0.39213000000000003,-0.40066,-0.41884,-0.39826999999999996,-0.38566999999999996,-0.39773000000000003,-0.39616999999999997,-0.39035,-0.40931,-0.38305,-0.38961,-0.40093,-0.40907,nan,-0.39283,nan,nan,-0.38334,-0.39582,-0.39552,-0.36893000000000004,-0.37095,-0.38464,-0.40804,-0.39143,-0.39816,nan,-0.38629,-0.39345,-0.36851999999999996,-0.39374000000000003,-0.39053000000000004,-0.384,-0.38648000000000005,-0.39377,-0.37317,-0.4183,-0.3978,-0.40176,-0.38894,-0.38783,-0.36735,-0.39688,-0.39855999999999997,-0.37719,nan,-0.37801999999999997,-0.38154,-0.40393,-0.38779,nan,nan,-0.40276999999999996,-0.38923,-0.36991,-0.39187,-0.39202,-0.40281999999999996,-0.36951999999999996,-0.40368000000000004,nan,-0.38016,-0.39124000000000003,nan,-0.40305,nan,nan,nan,-0.4026,nan,-0.39184,nan,-0.39969,nan,-0.40242,-0.39264,-0.38963000000000003,-0.39103000000000004,-0.39021,-0.38997,nan,nan,-0.3752,-0.40049,-0.38332,-0.38548000000000004,nan,nan,-0.38649,-0.40321,-0.38127,-0.39494,-0.3938,nan,-0.3874,-0.3814,-0.38818,nan,-0.39701,-0.39421,-0.38914,-0.38761,-0.39797,nan,nan,nan,-0.40003,nan,-0.38475,-0.39784,-0.39925,-0.40815,-0.40824,-0.39969,-0.40015,-0.4065,-0.41261000000000003,-0.41518999999999995,-0.40513000000000005,-0.40528000000000003,-0.38731,-0.39036,nan,-0.40462,-0.40605,-0.39315,nan,nan,-0.40599,nan,-0.4299,-0.40029000000000003,-0.42856000000000005,nan,-0.40428000000000003,-0.41752,-0.43921000000000004,-0.43145,-0.42451000000000005,-0.42148,nan,-0.43865,-0.41745,-0.40517,-0.43998000000000004,nan,nan,-0.44924,-0.433,-0.42654,nan,-0.44783999999999996,-0.44811999999999996,-0.44873,nan,-0.44786000000000004,-0.46115,-0.47015,-0.44882,-0.48245,nan,-0.48241000000000006,-0.47058999999999995,-0.48193,-0.47083,-0.48093,-0.4824,-0.48139,-0.48189,-0.48128999999999994,-0.49095,-0.5050399999999999,nan,-0.50241,nan,-0.5031399999999999,nan,-0.52435,-0.52787,-0.5159,-0.52155,-0.53781,-0.52841,nan,-0.52582,nan,-0.54783,-0.54804,-0.55704,nan,-0.54194,-0.5643600000000001,nan,-0.5604399999999999,-0.57026,-0.5824600000000001,-0.5585,-0.5651,-0.58267,-0.56813,nan,-0.58095,-0.5972,nan,-0.60028,nan,-0.6059399999999999,-0.6392800000000001,-0.64391,-0.64865,-0.65894,-0.65483,-0.6812,-0.66093,-0.6721,-0.6833,-0.66702,-0.68293,-0.70122,-0.71014,-0.70363,-0.71705,-0.7300399999999999,-0.73234,-0.72023,-0.7123,nan,-0.7340300000000001,-0.75752,-0.75067,nan,nan,-0.78408,-0.7809699999999999,-0.78156,nan,-0.77382,-0.7902100000000001,-0.7867,-0.80305,-0.80912,-0.81006,nan,nan,nan,-0.8293799999999999,-0.8245399999999999,-0.8444299999999999,nan,-0.85714,nan,nan,nan,-0.90279,-0.8909999999999999,-0.9132600000000001,-0.90276,nan,-0.9365,-0.9479799999999999,-0.9584299999999999,-0.95847,-0.9579,-0.9590799999999999,-0.9464100000000001,-0.9800399999999999,-0.9804,nan,-0.97908,-1.0233,-0.9977,nan,-1.0169,-1.0006,-1.0317,-1.0476,-1.063,-1.0954,-1.0646,nan,-1.0821,-1.0877,-1.113,-1.1148,-1.1241,-1.127,-1.1399,-1.1561,-1.1329,-1.1668,-1.1613,-1.1778,-1.1744,nan,-1.1868,-1.1963,-1.2052,-1.2204,nan,-1.2095,-1.2496,-1.2417,-1.2399,-1.2353,-1.252,-1.2635,nan,nan,nan,-1.2946,-1.2921,-1.3041,-1.3033,nan,-1.3246,-1.3275,nan,-1.3330000000000002,-1.3399,-1.3533,-1.3773,-1.36,-1.368,-1.3808,-1.3644,-1.3614,-1.3899,-1.3891,-1.3977,-1.4053,nan,-1.415,-1.4480000000000002,nan,-1.4397,-1.4585,-1.4701,-1.4797,nan,-1.4455,-1.4719,-1.4636,-1.4584,nan,-1.4711,-1.4896,-1.4668,-1.4953,-1.5134,nan,-1.5256,-1.5264,-1.5359,-1.5135,-1.5273,nan,-1.5266,-1.5486,nan,-1.5482,nan,nan,-1.5598,-1.5587,-1.5811,-1.5615,-1.5571,-1.5806,-1.5721,-1.5693,nan,-1.558,-1.5776,nan,-1.579,-1.5899,-1.5938,-1.581,nan,-1.5775,nan,nan,-1.5904,-1.5805,-1.5966,-1.5976,-1.5809,-1.5768,-1.5962,nan,nan,-1.5793,-1.5784,-1.5844,nan,-1.5954,-1.584,-1.5693,-1.5802,-1.5903,nan,-1.5837,-1.585,nan,nan,-1.5744,-1.6,-1.5723,-1.5769,-1.569,-1.5854,nan,-1.5747,-1.5758,-1.5678,-1.5622,-1.564,-1.5792,-1.5627,-1.5508,-1.5487,-1.5572,-1.5596,-1.5477,nan,-1.5414,-1.5215,-1.5383,nan,-1.5211,-1.5087,-1.4973,-1.4869,-1.4748,-1.4673,-1.465,nan,nan,-1.4581,-1.4664,-1.4401,nan,-1.4525,-1.4198,-1.4239,-1.4073,-1.3879,-1.3872,-1.3641,-1.3552,-1.3674,-1.3528,-1.3339,-1.3554,-1.3326,-1.3216,nan,-1.3105,-1.2770000000000001,nan,-1.2544,-1.2314,-1.2309,-1.2313,-1.2196,nan,-1.2228,-1.1764,nan,nan,-1.1299,-1.1159999999999999,nan,-1.1088,-1.0869,-1.0608,-1.0534,-1.0153,nan,-0.9885799999999999,-0.97935,-0.95493,nan,-0.94865,nan,-0.88234,-0.8589,-0.84857,-0.82542,-0.81566,-0.7824399999999999,-0.7822399999999999,-0.77445,nan,-0.7357100000000001,-0.6925899999999999,nan,-0.66595,-0.64995,-0.62366,nan,-0.5727899999999999,-0.55333,nan,-0.49695,-0.48875,-0.45993,nan,-0.4003,-0.39431,-0.36033000000000004,-0.33399,-0.304,nan,-0.242,-0.23553000000000002,-0.21045999999999998,-0.18039000000000002,-0.11398,-0.094057,nan,nan,0.007731999999999999,0.05386799999999999,0.070845,nan,0.16417,0.1582,nan,0.24386,0.27536,nan,nan,0.39986,0.46442,0.46686000000000005,nan,0.57063,0.62484,nan,nan,0.76268,0.76867,0.8298700000000001,0.8475,0.92396,0.9709700000000001,0.98408,1.0317,1.0859999999999999,1.1319,1.1761,1.2092,nan,1.3232,1.3775,1.3887,1.4451,1.5136,1.535,1.5917,1.6036,1.6777,1.7405,1.7377,1.8125,nan,1.8808,1.9503,1.9746,2.0361,2.081,2.1016,2.1798,2.1759,2.2593,2.2841,2.3263,nan,2.4254,nan,2.4713,2.5235,2.5624,nan,nan,2.6313,2.6559,2.6462,2.6785,2.6884,2.685,2.6934,2.7093,2.7356,2.7109,2.7337,2.7284,nan,2.7248,2.7191,2.7224,2.7177,nan,2.7089,2.7228,2.6981,2.7038,2.7094,2.6822,2.6807,2.6796,2.6565,nan,2.6381,nan,2.6286,2.6062,2.6432,2.6082,2.5826,nan,2.556,2.5586,nan,2.5609,2.5408,2.5276,nan,2.5135,2.508,2.4976,2.483,2.463,2.4685,2.4622,2.4556,2.4504,nan,nan,2.4136,2.4295,2.3962,2.4084,2.3571,2.3565,2.3876,2.3849,nan,2.3284,2.3192,2.3308,2.3301,2.306,2.2733,2.2854,nan,2.2852,nan,nan,2.2739,2.2733,2.2738,2.2733,2.2643,2.2303,2.2181,nan,2.2019,2.2082,2.1836,nan,nan,2.1728,2.1616,2.1592,2.1457,nan,nan,nan,2.1105,nan,2.086,2.0696,2.0717,2.0574,2.0689,nan,nan,2.0459,2.0255,2.0113,1.9942,2.0081,1.9816,1.984,nan,1.9616,1.9757,nan,nan,1.8864,1.9079,nan,1.8718,1.885,1.8523,nan,nan,1.8431,1.8673,1.8444,1.8156,1.8144,1.7889,1.7858,1.7852,1.7619,1.7575,1.7534,1.7238,1.7309,nan,nan,nan,1.7073,1.6982,1.7044,1.676,1.6574,nan,1.6463,1.6212,nan,nan,1.6026,nan,1.5827,1.5653,1.5616,1.5545,nan,nan,1.5208,1.5159,1.5111,1.4912,1.4882,1.4439,1.4584,nan,1.4344,1.4331,1.3873,nan,1.3769,1.3549,1.3664,1.3552,1.3659999999999999,1.3565,nan,nan,1.3461,nan,1.3112,1.2991,nan,1.2757,1.2675,1.2438,nan,1.2186,nan,1.2112,nan,1.198,1.1984,nan,1.1594,1.1655,nan,1.1273,1.1347,1.1067,1.12,1.0835,1.0841,1.0917,1.0738,1.0648,1.0565,1.0246,1.026,1.0339,0.9880399999999999,nan,0.96899,nan,0.9444299999999999,0.95599,nan,nan,nan,0.9110299999999999,0.9128299999999999,0.88423,0.8605,nan,0.84199,0.85109,0.8557600000000001,0.83105,0.79965,0.7865300000000001,0.7924800000000001,0.78062,nan,0.7494,0.74269,0.73964,0.73151,0.73015,0.71642,nan,0.71429,0.71523,nan,0.68004,0.68498,0.6736800000000001,nan,0.6724399999999999,0.64451,0.63113,0.6409,0.61187,0.60911,0.60229,0.5997399999999999,0.6014,0.57382,0.59568,nan,0.58486,0.5721,0.5844699999999999,0.5582600000000001,0.5495899999999999,0.54878,0.53776,0.51469,0.51579,0.52689,0.5151100000000001,nan,0.50402,nan,0.5036,0.47200000000000003,0.46821,0.48383999999999994,0.44846,0.45943,0.43712,0.44882,0.42625,nan,0.41508,0.43432,nan,0.42967,0.43581000000000003,0.38124,0.40765,0.41631999999999997,0.41373999999999994,0.39946,0.37909,0.38395999999999997,0.36180999999999996,0.35652,0.35099,0.35018,0.36545,0.32877,0.33287,nan,0.33296,0.31732,0.28843,0.29339,nan,0.27784000000000003,0.27615,0.24488000000000001,0.23948000000000003,nan,0.21905,0.19899999999999998,0.18695,0.18424000000000001,0.20668000000000003,0.1918,0.1841,0.16995,0.16036,0.15241,0.15699000000000002,nan,0.1597,nan,0.13649,0.13631,0.11374000000000001,nan,0.12097000000000001,0.12203,0.094641,nan,0.12004000000000001,0.11463,0.094427,0.11899000000000001,0.11085999999999999,0.10048,nan,nan,0.098643,0.10107999999999999,0.071991,0.090782,0.097478,0.095966,0.083142,0.088397,nan,0.097425,0.096207,nan,0.080316,0.078613,0.1069,0.071762,0.10034,0.10775,0.10761,0.082506,nan,0.097648,0.10737999999999999,nan,0.084922,0.095913,0.084328,0.1074,0.096843,0.062366,0.083966,0.08458500000000001,0.095842,nan,0.073344,0.082925,0.09754299999999999,0.07499,0.082743,0.08672200000000001,0.083603,nan,nan,nan,0.073933,0.095019,0.07839600000000001,0.081846,0.078403,0.079449,0.09056900000000001,0.079913,0.10099,0.081874,nan,0.07347200000000001,0.077976,0.078712,0.08934299999999999,0.08637,0.07485,0.094287,0.07193,nan,0.07045,0.07445,0.087133,0.060039,0.08056100000000001,0.084297,0.09592200000000001,0.089459,0.094044,nan,0.093837,nan,0.07777,0.083444,0.07648200000000001,0.086752,0.067237,0.08838700000000001,0.095057,nan,0.091387,0.097841,nan,0.085107,0.094891,0.088376,0.096934,0.083094,0.086916,nan,0.11648,nan,0.090337,0.11269000000000001,0.10869000000000001,0.12378,nan,0.11364,0.1312,0.1016,0.11903,0.13999,0.11788,0.13402999999999998,0.14465999999999998,0.15315,0.14188,0.15574000000000002,0.1521,0.14073,0.14387,0.15308,0.15517999999999998,0.16252,nan,nan,0.16459000000000001,0.18645,nan,0.19882,0.17455,nan,0.20983000000000002,0.18657,0.2092,0.22078000000000003,nan,nan,nan,nan,0.23026,nan,0.23224,0.25258,0.26627,0.26615,0.26599,nan,0.28017,0.2667,0.2761,0.27111,0.26147,0.29624,0.30293000000000003,0.30134,0.30063,0.31,0.31179,0.32069000000000003,0.31835,0.3067,nan,0.32918000000000003,nan,0.31496,0.33978,0.31403000000000003,0.33129000000000003,nan,nan,0.3273,0.34395,nan,0.33118000000000003,0.33965,0.3655,0.35041,nan,0.36146999999999996,0.36188000000000003,0.37019,0.3755,0.37637,0.37239,nan,0.38359,0.40155,0.42213,0.3969,0.38658000000000003,0.40824,0.40535,0.41568999999999995,0.39764,0.41468999999999995,0.42583999999999994,0.43046,0.43736,0.44054,nan,0.41852,0.44023,nan,0.44985,0.451,0.44206999999999996,0.42986,0.46346000000000004,nan,nan,0.46457,nan,0.47211000000000003,nan,0.48081,0.457,0.47431999999999996,0.48231999999999997,0.49605,nan,0.49715,0.5140100000000001,0.49449,0.5286,0.51435,0.51566,0.50327,0.51626,nan,0.51523,0.52684,0.54873,nan,nan,0.57193,0.58294,nan,0.60616,0.60675,0.59548,0.62503,0.64312,nan,0.65895,0.67501,0.67432,nan,0.72067,0.69997,0.71318,0.73392,0.72158,0.72025,0.72748,0.7436699999999999,0.73249,0.7414,0.73446,0.73906,nan,0.74353,nan,0.76084,0.7541100000000001,0.7360300000000001,nan,0.74498,0.7441800000000001,nan,0.77722,nan,0.75371,0.7643399999999999,0.7513,0.75,0.75239,nan,0.75744,nan,0.76252,0.7588199999999999,0.75878,0.74388,0.78272,0.76515,0.7781600000000001,nan,0.73423,0.76168,0.75246,0.77499,nan,0.75138,0.76479,0.75459,0.7698699999999999,0.7638199999999999,0.76608,0.74663,0.7488100000000001,nan,0.74802,0.764,nan,0.75298,0.77068,0.77727,0.75979,nan,0.7753899999999999,0.7521899999999999,0.76936,0.779,0.7894899999999999,0.78925,nan,0.7780199999999999,nan,nan,0.80196,0.81042,nan,0.8233600000000001,0.82057,0.81152,0.83349,0.80991,0.83444,0.83304,nan,0.8555799999999999,0.82201,0.84334,0.8443700000000001,nan,0.84398,0.84464,0.8427899999999999,0.85713,0.8334299999999999,0.8646299999999999,0.86724,0.8967200000000001,0.8949600000000001,0.87624,0.9007700000000001,nan,0.8763200000000001,nan,0.8880399999999999,0.9012899999999999,nan,nan,0.89066,0.8810899999999999,0.8804700000000001,0.8701200000000001,0.88065,0.89825,0.8619100000000001,0.85825,0.8396299999999999,0.8459399999999999,0.8625700000000001,0.8457100000000001,0.84203,0.82131,nan,0.8448100000000001,nan,0.82829,0.8352200000000001,0.84173,0.8376399999999999,0.84372,0.8295,0.8432299999999999,nan,0.80684,0.80077,nan,0.79101,0.78185,0.78093,0.76466,0.75979,0.76044,0.76071,0.7586,nan,nan,nan,0.75753,nan,0.73174,0.72748,0.73944,0.71906,0.73506,0.71263,0.71145,0.70449,0.69803,0.69423,nan,0.68225,0.6623899999999999,nan,0.67279,nan,0.66977,0.6382800000000001,0.6569,0.64452,0.61971,0.64148,0.61478,0.61987,0.61502,0.59495,0.58213,nan,0.57695,0.56707
5.0,-0.096428,-0.26406999999999997,-0.14501,-0.16751,-0.17893,nan,-0.19952999999999999,-0.18588,-0.19237,nan,nan,-0.16554000000000002,-0.19488,-0.20156,-0.17285,-0.17467,-0.17487,-0.17615999999999998,nan,-0.16000999999999999,-0.19175999999999999,-0.19447,nan,-0.18008,-0.19319,nan,-0.17573,-0.18366,-0.20247,-0.20389000000000002,nan,-0.19187,-0.20886999999999997,-0.19146,-0.19899999999999998,-0.20318,-0.19072,-0.20717,-0.20642,-0.21766999999999997,-0.21965,-0.20561,-0.20781999999999998,-0.18032,-0.16752,-0.18923,-0.2164,nan,nan,nan,-0.22904000000000002,-0.21535,-0.207,-0.22674,nan,-0.21719000000000002,nan,-0.23789000000000002,-0.25851,-0.25795999999999997,-0.25559,-0.26474000000000003,-0.27913000000000004,-0.26789,-0.25813,-0.27321,-0.26414,-0.25077,-0.26263000000000003,-0.27574,-0.27529000000000003,-0.27083,nan,-0.28455,-0.27347,-0.29365,-0.30795,-0.30846999999999997,-0.30643000000000004,-0.30921,-0.30717,nan,-0.32481,nan,nan,-0.27666,nan,-0.32138,-0.34176999999999996,-0.33025,-0.32522,-0.32327,-0.3094,-0.32039,-0.32964,-0.31989,-0.3291,-0.32402,-0.30775,-0.33126,nan,-0.33859,nan,-0.32671,-0.31053000000000003,-0.30396,-0.32001999999999997,-0.34667,-0.33874,-0.31072,-0.31435,-0.34243,-0.32725,-0.30784,-0.32649,-0.33899,-0.33783,-0.30103,nan,-0.34418000000000004,-0.32931,-0.31831,-0.33395,-0.3087,-0.29222,-0.32683,-0.34407,-0.3177,-0.30361,-0.3097,-0.3081,-0.30811,-0.3205,-0.32878,nan,-0.30685999999999997,-0.30937,-0.3087,nan,-0.30708,nan,nan,-0.32809,nan,-0.29465,nan,nan,-0.29245,-0.31940999999999997,nan,-0.33446,-0.31874,-0.30784,nan,-0.29815,-0.27502,-0.27967,nan,-0.29208,-0.29203,-0.28806,-0.29569,-0.28165,-0.27685,-0.29266,-0.26218,nan,nan,-0.23634000000000002,-0.25963,-0.27605,-0.26006999999999997,-0.25573,-0.25401999999999997,nan,-0.24153000000000002,-0.24649000000000001,-0.22354000000000002,nan,-0.25406999999999996,-0.20478,nan,nan,nan,-0.21853000000000003,-0.2189,-0.17637,-0.19743,-0.2076,-0.17300000000000001,-0.18070999999999998,nan,-0.16285,-0.14063,nan,-0.13676,-0.14407999999999999,-0.15864,-0.1443,-0.1315,-0.11060999999999999,-0.1147,-0.14165999999999998,-0.11382,-0.098739,-0.12372000000000001,-0.11247,-0.08835499999999999,-0.091656,nan,nan,-0.06855599999999999,nan,-0.07194400000000001,-0.041238,-0.059320000000000005,nan,-0.060274,-0.060796,-0.074882,nan,-0.05121799999999999,-0.020085,nan,nan,-0.013043,-0.011631,-0.035959,-0.045767,-0.054439999999999995,-0.025258000000000003,-0.033727,nan,-0.030128,nan,-0.006187,nan,-0.010276,0.0050996,0.0075721,-0.0094561,0.0093137,0.029814,0.017249,nan,0.072138,0.040662000000000004,0.05751900000000001,nan,0.043826,0.073259,0.07521900000000001,0.076054,0.078936,0.071002,0.095144,0.10951,0.091132,0.077591,0.061048000000000005,0.074807,0.10407000000000001,nan,nan,0.13345,0.08959299999999999,0.12863,0.12815,0.097254,0.1585,0.1132,0.09781799999999999,0.14052,0.12133,0.12593,nan,nan,0.14987999999999999,0.15982000000000002,0.13967000000000002,0.12575,nan,nan,0.1583,0.1385,0.14415,0.17431,0.15927,0.12714,0.13472,0.16463,0.16172,0.12949000000000002,0.13596,0.14513,0.14623,0.16042,0.16022999999999998,0.1638,0.14959,0.14852,0.16005,0.14335,0.14328,0.14114000000000002,0.15388,0.15717,0.14336,0.17203,0.17172,0.1472,nan,0.16601,nan,0.18137,0.17225,0.17739000000000002,0.1494,0.12589,0.15456,nan,0.15871,0.14223,0.16654000000000002,0.17559,nan,0.16529000000000002,0.1489,0.15072,0.17578,0.14769000000000002,0.13679000000000002,0.15722,0.15865,0.13822,nan,0.15412,0.15975999999999999,0.12615,0.13579000000000002,0.16149000000000002,nan,0.18557,0.14303,0.13404000000000002,0.16364,0.15971,0.17640999999999998,0.14743,0.12186,0.15541,nan,0.14375,nan,0.17781,nan,0.14169,0.1426,0.14025,0.16705,nan,0.17954,0.17159000000000002,0.12778,nan,0.17724,0.17267000000000002,nan,0.14279,nan,0.1477,0.15567999999999999,0.18,0.15625999999999998,nan,nan,0.16722,0.15067,nan,nan,0.14543,0.15245999999999998,0.1615,nan,0.14854,0.17542,0.17154,0.19508,0.17365,0.14369,nan,0.16584000000000002,0.15464,nan,0.15413,0.14301,nan,0.17853,nan,0.14455,0.16563,0.15897999999999998,0.1435,0.15382,0.16633,0.15608,0.16462000000000002,nan,0.18225,0.17114000000000001,0.18148,0.17119,0.15993,0.16130999999999998,nan,0.17792,nan,0.19147,nan,0.15871,0.18206,0.19167,0.17257999999999998,0.17579,0.17588,0.17742,0.1734,0.18133,0.17093,nan,0.19245,0.17051,0.17568,0.21641999999999997,0.18989,0.17590999999999998,0.16729000000000002,nan,0.16645,nan,0.17562,0.16146,0.16983,0.17515999999999998,0.15677,0.1788,0.18229,0.12874000000000002,0.15375999999999998,0.17799,nan,0.20961,nan,0.14185999999999999,0.17381,0.1528,0.16322,nan,0.14862,0.15550999999999998,0.18885,0.19143,0.17531,0.16050999999999999,0.17192000000000002,0.16876,nan,0.14764000000000002,0.19047999999999998,0.18498,0.16902,0.18382,0.16881,0.14259000000000002,0.14527,nan,nan,0.14148,0.12506,0.12622,nan,0.14299,0.13047999999999998,0.11010999999999999,0.12549000000000002,0.098687,0.10032999999999999,0.10968,0.088349,0.09513300000000001,0.094109,nan,0.1161,0.064519,nan,nan,0.046107,nan,0.07989199999999999,0.051364,0.062941,0.07670700000000001,0.054376999999999995,0.023745,0.043676,0.055902,0.0076027,-0.0095111,nan,0.016995,nan,nan,nan,-0.009162799999999999,0.007105800000000001,0.0019187999999999998,-0.031952999999999995,nan,-0.039055,-0.033874,-0.011404000000000001,-0.043317,nan,-0.041685,nan,-0.062937,-0.047952,-0.035836,-0.024759,-0.036297,nan,-0.063171,-0.07821499999999999,-0.070826,nan,nan,-0.075462,-0.072536,-0.07225,-0.056017,-0.040341,-0.047838,nan,-0.069022,-0.056101,-0.073513,-0.091419,-0.07946900000000001,-0.074943,-0.09701699999999999,-0.089253,-0.058398,nan,nan,-0.10117999999999999,-0.12627,-0.12454000000000001,-0.12277,nan,-0.12447000000000001,-0.11937,-0.10855999999999999,-0.12122999999999999,-0.13633,-0.14332999999999999,-0.13541,-0.14678,-0.19045,-0.20681999999999998,nan,-0.20023,nan,nan,-0.22596999999999998,-0.20925,nan,-0.22741,-0.22330999999999998,-0.22543000000000002,-0.22476,-0.22989,-0.25814000000000004,nan,-0.25451999999999997,-0.24117,-0.25399,-0.25568,-0.2588,-0.25333,-0.24265,-0.26783,nan,-0.26781,nan,nan,-0.31177,-0.2778,-0.28670999999999996,-0.31728,-0.30282,-0.30976,nan,nan,-0.35724,nan,-0.3408,-0.3565,-0.36224,-0.34976,-0.37189,-0.39311,-0.37559000000000003,-0.37081,-0.39832,-0.40589000000000003,-0.38411,-0.39723,-0.42538000000000004,-0.40054,nan,-0.42053,nan,nan,-0.40697,-0.41521,-0.4376,-0.43409,-0.40507,-0.42225,-0.45678,nan,-0.43933,-0.44135,nan,nan,-0.45955,-0.45833,-0.4548,-0.44016000000000005,-0.44188,-0.45451,-0.46768000000000004,-0.4791,-0.49653,-0.5094,-0.49473999999999996,nan,nan,-0.5090100000000001,-0.5081100000000001,nan,-0.47203999999999996,nan,-0.53369,-0.49188000000000004,-0.4771,-0.53388,-0.54851,-0.5282,-0.52462,-0.52681,-0.54137,-0.5436300000000001,-0.53476,-0.55387,-0.58095,-0.59406,-0.60818,-0.61046,nan,-0.63735,nan,-0.644,nan,-0.66997,nan,-0.63777,-0.64273,nan,-0.6298199999999999,-0.66677,-0.7068800000000001,nan,-0.71034,-0.70521,-0.7145100000000001,nan,-0.67896,-0.73223,-0.74857,-0.69593,-0.72291,-0.80198,-0.78108,-0.75931,-0.8044399999999999,-0.79894,-0.79662,-0.80995,-0.81218,-0.84085,-0.8407100000000001,-0.85339,-0.8509399999999999,-0.84735,-0.89494,nan,-0.8756200000000001,-0.91504,-0.9228799999999999,-0.90856,-0.9228799999999999,-0.9561799999999999,nan,nan,-0.985,-0.99406,nan,-1.0225,-1.01,-0.9929,-1.0115,-1.0097,-1.0346,-1.0418,nan,-1.08,-1.0781,nan,-1.1577,-1.1514,-1.1406,-1.1445,-1.1447,-1.1405,-1.1574,-1.1937,-1.2111,-1.2115,-1.2113,-1.2055,-1.2195,nan,nan,-1.2786,-1.2563,-1.291,-1.3071,-1.2952,-1.3123,-1.2935,-1.3187,-1.3103,nan,-1.3497,-1.3458,-1.3507,nan,-1.4074,-1.4294,-1.4102,-1.4053,-1.4393,-1.4347,-1.4287,-1.4473,-1.4616,-1.4886,-1.4992,-1.5324,-1.561,nan,-1.5245,-1.5444,-1.5325,-1.5313,-1.5697,nan,-1.6037,-1.5671,-1.5696,-1.6276,-1.6444,-1.6126,-1.6204,-1.6272,-1.633,-1.6679,-1.6803,-1.7116,-1.7636,-1.7386,-1.7358,-1.7619999999999998,-1.7446,-1.7913,nan,nan,-1.8205,-1.8152,-1.7873,-1.8417,nan,-1.8195,nan,nan,-1.8235,-1.8402,-1.8773,-1.8956,-1.9131,-1.9343,-1.8880000000000001,-1.899,nan,-1.9257,-1.9389,-1.9934,-1.9787,nan,-2.0109,-1.9805,-1.989,-2.0071,nan,-2.0506,-2.0441,-2.0311,-2.0369,-2.0588,-2.0538,-2.0474,-2.0817,-2.0845,-2.0607,-2.0739,-2.1023,-2.095,-2.0949,nan,-2.1188,-2.1095,-2.1103,-2.1142,-2.1431,nan,-2.1242,-2.1281,nan,nan,-2.1331,nan,nan,-2.1324,-2.1481,nan,-2.1516,nan,nan,-2.1788,-2.1486,-2.1589,nan,nan,-2.1797,-2.1647,-2.1768,nan,-2.1653,-2.1784,-2.1611,-2.1638,-2.1751,nan,nan,-2.1833,-2.1785,-2.1453,-2.1724,-2.1604,nan,-2.2021,-2.1986,-2.1814,nan,-2.1678,-2.1752,-2.1463,-2.1575,-2.182,nan,-2.145,-2.1671,-2.1659,-2.1457,-2.1548,-2.1634,-2.1638,nan,-2.1819,-2.1629,-2.1692,nan,-2.1782,nan,-2.145,nan,-2.1551,-2.1468,-2.1649,-2.1359,-2.1161,nan,-2.1524,-2.1267,-2.1309,nan,-2.1155,nan,-2.1201,nan,-2.1296,-2.1168,-2.1027,-2.0898,-2.1012,nan,-2.0474,-2.0676,-2.0634,-2.0205,-2.0321,nan,-2.0407,-2.0334,nan,-1.9749,-1.9651,-1.9641,-1.9432,nan,-1.9619,-1.9578,-1.8977,-1.9081,-1.8934,-1.8774,nan,-1.8297,nan,-1.8296,nan,-1.7941,nan,-1.8134,nan,-1.7616,nan,-1.7391,-1.7128,-1.6845,-1.6627,-1.662,nan,-1.6440000000000001,-1.6307,-1.6022,-1.5777,-1.5406,-1.5319999999999998,-1.5629,-1.5487,-1.5388,-1.5379,-1.4897,-1.4615,-1.4639,-1.425,-1.39,-1.4006,-1.3866,-1.3617,-1.3494,-1.3067,-1.2885,-1.2914,-1.2746,-1.2621,-1.2351,-1.2079,-1.1744,-1.1604,-1.1607,-1.1168,-1.094,-1.0827,nan,-1.0051,-0.97829,-0.95035,-0.92853,-0.9199299999999999,-0.8771100000000001,-0.84298,-0.8464299999999999,-0.79578,-0.76073,-0.74798,-0.70086,-0.6776300000000001,-0.6752,nan,-0.6006100000000001,-0.5513399999999999,-0.53972,-0.49598000000000003,-0.48331999999999997,-0.43818,-0.39895,-0.38643,-0.3428,-0.33169,-0.28364,-0.24056,nan,-0.17474,-0.17917,-0.10708,-0.046551999999999996,nan,-0.050223000000000004,-0.0091889,nan,0.064225,0.093001,0.11597,0.14653,nan,0.18093,0.22871,0.23865,0.23449,0.32421,0.36591999999999997,0.34121999999999997,0.36685999999999996,nan,0.44342,0.45307,0.5258,0.5503,0.54884,nan,0.60993,0.62458,nan,0.6947800000000001,0.73717,0.74578,0.7890199999999999,nan,0.8373799999999999,0.88887,0.90995,nan,0.92219,0.94586,nan,1.0641,1.1012,1.1432,1.1483,1.1577,1.1905,1.1715,1.1792,1.2385,1.2534,1.2926,1.3396,1.3488,1.3917,1.4140000000000001,1.4174,1.4412,1.449,nan,1.5156,1.4877,1.4939,1.5465,1.5656,1.5948,1.6164,1.6046,1.6343,1.6686,1.6648,1.6905,1.7067,1.6804,nan,1.7366,1.7338,1.7009999999999998,1.7037,1.7197,1.7111,1.715,1.7180000000000002,1.6953,nan,1.7298,1.7137,1.7306,1.722,nan,1.7218,1.7068,1.6982,1.7287,1.7153,nan,1.6918,1.7161,nan,1.7264,1.7308,1.6922,1.6849,nan,nan,1.7127,1.7106,1.6873,1.6807,1.6804,nan,1.6876,nan,1.652,nan,1.6541,1.6281,1.6354,1.6232,nan,1.5987,1.5694,nan,nan,1.5314,1.5473,1.5334,1.5131,1.5233,1.5281,nan,1.4969999999999999,1.4975,nan,1.4742,1.4845,nan,1.4614,1.4809999999999999,1.4546,1.4288,1.4719,1.4631,1.429,1.4408,1.3966,1.3651,1.4184,1.4176,1.3917,1.4121,1.4022,nan,nan,1.4,1.3822,1.383,nan,1.3634,1.3788,1.3755,1.3364,1.338,1.3687,1.3631,1.3346,1.3222,1.3435,1.3385,1.3125,1.327,1.3435,1.3506,1.3374,nan,1.3463,nan,1.3279,1.3285,1.3321,1.3265,1.3130000000000002,nan,1.3081,1.3043,1.3322,nan,nan,1.3377,1.3153,1.3199,1.3278,1.2987,1.3014,1.3378,1.3046,nan,1.3147,1.315,1.3152,1.3036,1.3027,1.3319,1.3156,1.3076,1.3294,nan,1.3151,1.3298,1.3304,nan,1.3312,1.328,1.3295,1.3154,1.2830000000000001,1.2934,1.33,nan,1.3143,nan,1.3282,nan,1.3178,1.297,1.3277,1.3357,1.3069,nan,1.3256,1.3458,1.3179,nan,1.3236,1.3316,1.3271,1.3139,1.3242,1.3356,1.3191,1.3153,1.3125,1.2968,1.3095,1.3092,1.2914,1.2999,1.3135,1.3161,nan,nan,1.2988,1.3158,1.3175,nan,1.2904,1.2913,1.2812,1.2966,1.2690000000000001,1.2665,1.288,1.2745,1.2818,1.2969,1.2851,1.2707,1.2575,1.2674,1.2795,1.2636,1.2665,nan,nan,1.2796,1.2627,1.278,1.2616,1.2492,1.2864,1.2793,1.2642,1.2525,1.2417,1.2476,1.245,nan,nan,1.2590000000000001,nan,1.2445,1.2456,nan,1.2313,1.2089,1.2423,1.2431,1.23,1.2317,1.2205,nan,1.2125,1.1949,1.1912,nan,nan,nan,nan,1.1956,1.208,nan,nan,nan,1.1968,1.2159,1.1841,1.1903,1.1836,1.145,1.1919,1.208,1.16,nan,1.1706,1.1779,1.1631,1.1828,1.2052,1.1863,1.1797,1.1794,1.1628,1.1755,1.1722,nan,nan,1.1511,1.1401,1.1566,1.1686,1.179,1.1640000000000001,nan,1.1781,1.1678,1.1422,1.166,1.1821,nan,1.1553,1.1622,1.1676,1.1954,1.1819,nan,1.1942,nan,1.1796,1.1935,1.203,1.1682,1.1439,nan,nan,1.1559,1.1307,1.1794,nan,1.1456,1.1756,1.1778,1.1937,1.179,nan,1.1951,1.1873,1.1704,1.1852,1.175,1.1798,1.1804,1.1640000000000001,1.1764,1.2087,nan,1.1956,1.1951,1.1962,1.2,1.2192,nan,1.194,1.2243,1.2233,1.2115,1.2107,1.1955,nan,1.1891,1.2173,nan,1.2147,1.2315,1.1979,1.219,nan,nan,nan,1.2052,1.2065,1.242,1.1915,1.1827,1.2274,1.2245,1.1932,1.207,1.2093,1.1956,1.1986,1.1775,1.2019,1.234,1.2099,nan,1.2401,1.2015,1.2042,1.2101,nan,nan,1.2019,nan,nan,1.1914,1.1784,1.1899,1.2101,1.2078,1.1936,nan,1.1956,1.2058,1.2144,1.1812,1.1842,1.2131,1.1845,nan,1.1975,1.1994,nan,1.1832,1.1756,nan,1.1568,1.1431,1.1288,1.1533,1.1802,1.1687,nan,1.1298,1.1459,nan,1.1277,1.1283,1.1313,1.1459,nan,1.1259,nan,1.1297,1.1482,nan,1.1424,1.1085,1.0936,nan,1.0966,nan,nan,1.0752,1.058,1.0635,1.0649,1.0444,1.0589,1.0507,1.0052,nan,0.99575,0.9968100000000001,0.9930700000000001,0.9997799999999999,0.99216,0.94914,0.9440299999999999,0.9399,0.9251299999999999,0.92986,0.9284899999999999,0.9421,0.94363,0.91112,nan,nan,0.8818299999999999,0.8864299999999999,0.90585,nan,0.9057799999999999,0.8943700000000001,0.9162600000000001,0.8646,0.8559899999999999,0.90565,0.8725200000000001,0.84441,0.85826,0.86597,0.85293,0.8217899999999999,0.8279200000000001,nan,0.79597,0.81621,0.81739,nan,0.80958,0.7952899999999999,0.76237,0.7974,nan,0.74324,0.75751,0.74966,0.70592,0.72631,0.7416,0.71214,nan,nan,0.67906,nan,nan,0.6952699999999999,0.69316,0.69343,0.66502,0.6661199999999999,0.67924,nan,0.61578,0.6271899999999999,0.6076600000000001,0.6099,0.58373,nan,nan,0.5209600000000001,0.53154,0.52952,0.5089899999999999,nan,0.54261,0.5244,nan,0.48011000000000004,0.47736000000000006,0.46037,0.41302,0.43615,0.46056,0.4186,nan,0.39633,0.35161,0.36207,0.36516,nan,0.32816,0.31914000000000003,0.28925,0.27658,nan,0.24974000000000002,nan,0.2224,0.20906,0.20938,nan,0.17085,0.16468,0.17513,nan,0.11364,0.099526,0.091877,0.095739,0.092425,0.07836,0.065471,nan,0.013091,-0.009373399999999999,-0.0080047,-0.028107999999999998,-0.071288,-0.057673,-0.040813,-0.077848,nan,-0.063712,-0.10355,nan,-0.14781,-0.19107000000000002,nan,-0.17025,-0.21729,-0.217,-0.23113000000000003,nan,-0.26414,nan,-0.32222,nan,-0.35917,nan,-0.39289,-0.41873,nan,-0.42422,-0.42336999999999997,-0.45143,-0.45952,-0.46495,-0.49896,-0.50955,-0.49441999999999997,-0.4859,-0.50545,-0.531,-0.52395,-0.5239199999999999,-0.56313,-0.58244,-0.56767,nan,-0.59315,-0.56248,-0.5695899999999999,-0.61932,-0.61695,-0.61195,-0.62611,-0.61746,-0.6593100000000001,nan,-0.61565,-0.6269,nan,nan,-0.6276,-0.6059899999999999,nan,nan,-0.65387,-0.63271,-0.6502600000000001,-0.66055,-0.6596,-0.64371,-0.64142,nan,-0.64768,-0.65889,-0.64381,nan,-0.60874,-0.62126,-0.64273,-0.625,-0.6372800000000001,-0.65033,nan,-0.63526,-0.66114,-0.6601899999999999,nan,-0.61928,nan,-0.64807,-0.5908100000000001,-0.57867,nan,-0.55881,-0.56563,-0.52076,-0.52636,-0.5226,-0.54907,nan,-0.5006,-0.5101399999999999,-0.5088,-0.52042,nan,-0.50415,nan,-0.49323999999999996,-0.46453,nan,-0.4708,-0.46658999999999995,-0.44185,-0.4572,-0.45158999999999994,-0.42646999999999996,-0.42533000000000004,-0.42282,-0.40888,-0.40465999999999996,-0.41417,-0.3821,nan,-0.30901,nan,nan,-0.28834,-0.28936999999999996,-0.26805999999999996,-0.25792,-0.27319,-0.26431,-0.24593,-0.20956,-0.19187,-0.20895,-0.17107,-0.15092,nan,-0.13618,-0.12447000000000001,-0.10849,-0.11790999999999999,nan,-0.10073,nan,-0.054259,nan,nan,nan,-0.073681,-0.057482000000000005,-0.05615,nan,-0.034735,-0.04112,-0.039539,-0.039797000000000006,nan,nan,-0.042414,-0.044541000000000004,nan,-0.0026819,-0.050613,-0.028518,nan,-0.076541,-0.042272000000000004,nan,-0.058454,-0.0056445,-0.034696,-0.039658,nan,-0.029914999999999997,-0.0086992,nan,nan,0.042311,-0.007631399999999999,-0.025626,nan,-0.01145,-0.007278699999999999,-0.005281,nan,0.0041814999999999995,0.0090277,-0.011116,-0.024988,-0.011903,-0.0012308,-0.015828000000000002,-0.022713999999999998,-0.0070325000000000006,nan,-0.010140999999999999,-0.0011453,-0.015022999999999998,-0.022856,-0.0079962,-0.019530000000000002,-0.026268,-0.022809,-0.023337,-0.025763,-0.052655999999999994,-0.063011,-0.038853,nan,-0.027785,-0.04044,-0.037156,-0.05205800000000001,-0.05101,-0.037174,-0.040346,nan,-0.061777,-0.076842,-0.036862,-0.028208999999999998,-0.05733099999999999,-0.033563,nan,-0.064967,-0.065498,-0.040088,-0.069261,-0.08190599999999999,-0.052263,-0.037627,-0.06372799999999999,-0.075183,nan,-0.0472,nan,-0.079971,-0.07030399999999999,-0.025333,-0.057745000000000005,-0.075245,nan,-0.060334000000000006,-0.074656,-0.08079,-0.051721,nan,-0.01665,-0.071476
3.0,-0.037465,-0.15439,-0.060463,-0.11946,-0.082636,-0.11886,-0.11788,nan,-0.11802,-0.14078,-0.14032,nan,-0.15179,-0.1553,nan,-0.17776,-0.18787,-0.20069,-0.20784,-0.20955,-0.21955999999999998,-0.21814,nan,-0.24956,-0.26742,nan,-0.27726,-0.29007,nan,-0.27526,-0.28988,nan,-0.32005,-0.33111,-0.33773000000000003,-0.36086,-0.35945,-0.35719,-0.36674,-0.36646999999999996,-0.38029,nan,-0.3898,-0.38813000000000003,-0.40973999999999994,-0.4022,-0.40605,-0.40968999999999994,nan,-0.43767,-0.43128999999999995,-0.436,-0.44768,-0.45725,-0.45648999999999995,-0.46621,-0.46788,-0.47226,-0.48766000000000004,-0.48921000000000003,-0.49356000000000005,-0.50237,-0.5011,nan,-0.53742,nan,nan,-0.5496,-0.54355,nan,-0.5723199999999999,nan,-0.57063,nan,nan,-0.53743,-0.53674,-0.5463899999999999,-0.5474899999999999,-0.5485,-0.54238,-0.56053,-0.56418,-0.5622699999999999,-0.58239,-0.56882,nan,-0.58307,-0.57899,-0.59297,-0.5834699999999999,nan,-0.5777800000000001,nan,-0.60327,-0.58982,-0.5948100000000001,nan,-0.6153,-0.61607,-0.61288,nan,-0.627,nan,-0.62927,-0.64171,-0.64881,-0.64966,-0.6743899999999999,-0.69493,-0.68361,-0.69204,-0.69094,nan,-0.7140000000000001,nan,-0.70648,nan,-0.7198100000000001,-0.71687,-0.7058800000000001,nan,-0.7128899999999999,-0.7369899999999999,-0.7242,-0.72423,-0.74019,-0.7237100000000001,-0.7296199999999999,-0.72909,-0.74187,nan,-0.7522399999999999,-0.74012,-0.74715,-0.74847,-0.76005,-0.7743399999999999,-0.7544,-0.76971,-0.78468,-0.77472,-0.7862,nan,-0.7792100000000001,-0.7965399999999999,-0.7901199999999999,-0.80878,-0.81589,-0.80373,nan,-0.8217200000000001,-0.8312,nan,nan,-0.83226,-0.82732,-0.8373,-0.8369,nan,-0.83793,-0.85265,-0.83859,-0.843,-0.8538,-0.8518700000000001,-0.8633700000000001,-0.85516,-0.8558100000000001,-0.8677299999999999,-0.8558899999999999,-0.8536,-0.86787,-0.8757,-0.86387,-0.8649100000000001,nan,-0.8786299999999999,-0.87298,-0.8765799999999999,-0.8727799999999999,-0.87666,-0.8724299999999999,-0.87905,-0.88576,-0.8880600000000001,-0.89922,-0.8779399999999999,-0.88241,-0.88794,-0.8834700000000001,nan,nan,-0.8856299999999999,-0.8857299999999999,-0.8855299999999999,-0.87555,-0.87687,-0.8867799999999999,-0.8842,-0.8967799999999999,-0.88395,-0.8708799999999999,-0.8787799999999999,nan,-0.89538,nan,-0.89974,-0.89928,nan,-0.8854200000000001,-0.8866299999999999,-0.8831600000000001,-0.8923,-0.89428,-0.88134,-0.8887200000000001,nan,-0.88907,-0.8993200000000001,-0.8758799999999999,-0.8969299999999999,-0.86693,-0.8432700000000001,-0.85788,-0.8454299999999999,-0.8596600000000001,-0.8599600000000001,-0.85285,-0.85203,-0.84239,-0.86315,-0.8568100000000001,nan,-0.86211,nan,-0.84788,-0.8575799999999999,-0.86069,-0.83572,-0.8326399999999999,nan,nan,-0.8508700000000001,-0.85531,nan,-0.84757,-0.84688,nan,-0.8532,-0.83701,-0.8440000000000001,-0.8538399999999999,nan,nan,-0.8421,-0.83457,-0.8237700000000001,-0.8436299999999999,nan,-0.8283299999999999,-0.82839,nan,-0.84245,-0.83252,-0.83009,-0.8224299999999999,-0.81603,nan,-0.8177800000000001,nan,-0.81991,-0.81598,nan,-0.82029,-0.8092199999999999,-0.80628,-0.80795,-0.80561,-0.80735,-0.8022199999999999,-0.79071,-0.80075,-0.805,-0.79669,-0.8086800000000001,-0.79755,-0.79518,-0.78959,-0.77477,-0.77236,-0.77288,nan,nan,-0.77285,-0.77518,-0.78673,-0.78647,nan,-0.77882,nan,-0.76958,-0.77075,-0.77973,nan,nan,nan,-0.77472,-0.77464,-0.76454,-0.7601100000000001,-0.75835,-0.72859,-0.71101,-0.7197899999999999,-0.71224,-0.72173,-0.72678,-0.71859,-0.7409399999999999,-0.71964,nan,nan,nan,nan,-0.73456,nan,-0.74595,nan,-0.74152,-0.73053,-0.7268100000000001,nan,-0.71723,-0.71783,-0.71213,-0.7225,nan,-0.66864,-0.67093,nan,-0.68374,-0.66477,-0.65633,-0.6622600000000001,-0.65713,-0.65705,-0.6432399999999999,-0.67548,-0.68983,-0.6724399999999999,-0.6954600000000001,-0.6852,-0.68224,-0.68435,-0.68177,-0.68266,-0.68302,-0.67842,nan,nan,-0.65709,-0.64994,-0.6611199999999999,-0.6504,-0.64776,-0.64222,-0.63381,-0.64075,-0.63022,-0.62844,-0.63826,-0.62405,nan,-0.63949,nan,-0.62865,-0.6136199999999999,-0.62988,-0.62907,-0.60922,nan,-0.59815,-0.59323,nan,-0.59396,-0.59315,-0.59332,-0.59065,-0.59967,nan,-0.564,-0.54119,-0.53373,-0.52282,-0.52632,-0.53733,-0.5162800000000001,nan,-0.5233899999999999,nan,-0.5133300000000001,-0.5332899999999999,-0.53047,-0.52584,-0.53713,-0.53699,nan,-0.5158,-0.51036,-0.5211600000000001,-0.52623,-0.51631,-0.51232,nan,-0.50126,-0.51531,-0.51261,nan,-0.5017699999999999,-0.50126,nan,-0.47886000000000006,nan,-0.48617,-0.47726999999999997,-0.47841000000000006,nan,-0.49148000000000003,-0.48062,-0.47041000000000005,-0.44721000000000005,-0.45907,-0.47181000000000006,-0.45907,-0.45381000000000005,-0.45728,-0.4522,nan,-0.45697,-0.44698999999999994,nan,-0.44683,-0.44385,-0.44288,-0.41253999999999996,-0.39716999999999997,nan,-0.3857,-0.39044,-0.38848,-0.37849,nan,-0.37744,-0.3767,-0.37687,-0.37258,-0.35663,-0.35846,nan,-0.36671,-0.365,nan,nan,-0.34631999999999996,-0.35629,-0.37121,-0.35555,-0.35586999999999996,-0.35251,-0.35839,-0.36517,-0.35491,-0.35646,-0.3565,-0.34613,nan,nan,-0.33636,-0.34714,-0.33618000000000003,-0.33337,-0.32855,nan,nan,-0.30994,-0.32849,-0.31883,-0.30039,-0.32022,-0.31273,nan,-0.30572,-0.29783000000000004,-0.29848,-0.28786,-0.28696,-0.28783000000000003,-0.28523000000000004,-0.28841999999999995,-0.2788,-0.27365,-0.27433,-0.27579000000000004,-0.27316,-0.26365,-0.26473,-0.26378,nan,nan,-0.2818,nan,-0.2856,-0.28378000000000003,-0.27141,-0.27856,-0.28689000000000003,-0.27612,-0.27534000000000003,-0.28479,-0.29649000000000003,-0.29306,-0.27646,-0.27554,-0.27238,-0.27926999999999996,-0.28565,nan,-0.27621,-0.26499,-0.27221999999999996,-0.27308000000000004,-0.22913000000000003,nan,-0.23623000000000002,-0.2183,-0.20811,-0.2214,nan,-0.23071,-0.21930999999999998,-0.22804000000000002,-0.23165,-0.22716999999999998,-0.23671,nan,nan,-0.22223,-0.22868000000000002,-0.21816,-0.21927,-0.20911999999999997,-0.21631999999999998,nan,-0.20989000000000002,-0.20628000000000002,-0.20867,-0.20328,-0.19380999999999998,-0.19865,-0.20911999999999997,nan,-0.15425,-0.13824,nan,nan,-0.13687,-0.14039000000000001,-0.13756,nan,-0.13802,nan,-0.15203,nan,-0.13910999999999998,-0.14021,-0.13887,-0.13451,-0.12189000000000001,-0.13597,-0.13433,nan,-0.13865999999999998,-0.11659000000000001,nan,nan,-0.11558,-0.12991,-0.15423,-0.16346,-0.1588,-0.16376,-0.15772,-0.1528,-0.16229000000000002,nan,-0.1614,-0.14647000000000002,-0.12744,-0.13269,-0.14759,-0.14647000000000002,nan,-0.13795,nan,-0.12902,-0.12897999999999998,-0.1283,nan,-0.12282,-0.095394,nan,-0.070162,nan,-0.08430499999999999,nan,-0.050406,-0.071582,-0.063787,-0.057247,nan,nan,-0.042411000000000004,nan,nan,-0.050873,nan,-0.062022,-0.072215,-0.052489,nan,-0.051385,-0.045781999999999996,-0.052213999999999997,-0.040945999999999996,nan,nan,-0.058115,nan,-0.050237000000000004,-0.04872,-0.051753999999999994,nan,-0.046191,-0.041839999999999995,-0.041201,-0.046752999999999996,-0.037393,-0.051184,-0.049548,-0.050142,-0.049139999999999996,-0.051341,-0.037556,-0.046051,-0.041885000000000006,-0.041198,-0.046757,nan,-0.051321000000000006,-0.049444,nan,-0.039715,-0.034948,-0.053525,-0.066096,nan,-0.039396,-0.051419000000000006,nan,-0.05065,-0.062426999999999996,-0.062020000000000006,nan,-0.06043200000000001,-0.051383000000000005,-0.050155,nan,-0.046405,-0.06029299999999999,nan,nan,-0.050352999999999995,nan,-0.051176,-0.047549,-0.05699,-0.06439500000000001,-0.046155,-0.038286,-0.052694000000000005,-0.046245999999999995,nan,-0.048132999999999995,-0.038610000000000005,-0.049819999999999996,-0.038643000000000004,-0.045518,-0.048649,-0.055094000000000004,-0.056961000000000005,-0.048717,-0.063395,-0.043135,-0.040445,-0.061872,-0.049985,-0.059494000000000005,-0.052364,-0.053437,-0.063561,-0.057921,-0.061622,-0.059653,-0.061265999999999994,-0.06137000000000001,-0.072367,nan,nan,-0.078262,-0.085003,-0.079083,-0.091192,-0.11177000000000001,-0.097216,-0.08352799999999999,nan,-0.09550399999999999,-0.10605,-0.10514000000000001,-0.12155999999999999,-0.13084,-0.12487999999999999,-0.12941,-0.12533,-0.13111,-0.14059000000000002,-0.13989000000000001,nan,-0.14032,nan,-0.13942000000000002,nan,nan,-0.12572,-0.15319000000000002,-0.15516,-0.1406,-0.16416,nan,-0.17238,-0.1759,nan,-0.19087,-0.19099000000000002,-0.18444000000000002,-0.2043,-0.20574,-0.2117,nan,-0.23088000000000003,-0.23014,nan,-0.22623000000000001,-0.24149,-0.23089,nan,nan,-0.25756999999999997,-0.27733,-0.27607,nan,-0.28734,-0.29734,-0.29711,-0.31183,-0.32322,-0.31755,-0.3211,-0.31917,-0.3208,-0.32101999999999997,-0.33369,-0.34463,-0.34173000000000003,nan,-0.35994,-0.35213,-0.35509,-0.35686999999999997,-0.3678,-0.36376,-0.36805,-0.39065,nan,-0.39982,-0.40853,nan,-0.40958,-0.40993,-0.41253999999999996,nan,-0.43378,-0.43543999999999994,nan,nan,nan,-0.45266000000000006,-0.46418999999999994,nan,-0.48716000000000004,-0.48594,-0.47768,-0.4786,-0.48135,-0.5031800000000001,-0.51345,-0.52318,-0.52568,-0.52191,-0.53056,-0.5373100000000001,-0.53294,-0.5396,-0.54799,-0.5486,-0.55967,-0.57013,-0.58055,nan,-0.5804600000000001,nan,-0.5845899999999999,nan,-0.6032,-0.6037899999999999,nan,nan,-0.62685,-0.65585,-0.67206,nan,-0.67285,-0.66733,-0.67988,-0.6958300000000001,-0.69222,-0.69501,-0.70716,-0.71785,-0.72575,nan,-0.74748,-0.76473,-0.77282,-0.78065,-0.7974,-0.7975899999999999,nan,-0.8313299999999999,-0.83155,-0.83942,-0.85167,nan,-0.85987,-0.86208,nan,-0.87449,nan,-0.8852,-0.87687,-0.88739,-0.8763799999999999,-0.89225,-0.89979,-0.8994,-0.92176,nan,-0.9424,-0.94391,-0.9572700000000001,-0.9673700000000001,-0.96752,-0.9660700000000001,nan,-0.9799700000000001,-0.9675600000000001,-0.96911,-0.98211,nan,-1.0026,-1.0126,-1.0117,-1.0125,-1.0232,-1.0212,nan,-1.0464,-1.0459,nan,-1.0655,-1.0711,nan,-1.0812,-1.0916,nan,-1.1001,nan,-1.1084,-1.1119,nan,-1.1221,nan,-1.1289,-1.1358,nan,-1.1567,-1.1698,-1.1684,-1.1754,nan,-1.177,-1.1840000000000002,-1.1937,-1.2073,-1.2155,-1.2054,-1.2147,-1.2233,-1.236,-1.2284,-1.2292,-1.2353,nan,-1.2318,nan,-1.2624,nan,nan,-1.2714,nan,-1.2903,nan,-1.2931,-1.2922,-1.2961,-1.3071,-1.3061,nan,nan,-1.3195,-1.306,nan,nan,-1.3185,-1.3305,-1.3226,-1.3191,-1.3428,-1.3526,nan,-1.3394,nan,nan,-1.3349,nan,-1.345,nan,-1.3503,-1.3397,-1.3528,nan,-1.3505,-1.3504,nan,-1.3429,-1.34,-1.3547,-1.3446,nan,-1.3516,-1.3408,-1.3397,nan,-1.3372,nan,-1.3257,-1.3124,nan,-1.3127,-1.305,-1.306,nan,nan,-1.2975,-1.274,nan,-1.2724,-1.2498,nan,-1.2487,-1.247,nan,-1.2389,-1.2386,-1.2293,nan,-1.202,-1.1983,nan,-1.1765,-1.1653,-1.1558,-1.1312,-1.1027,-1.113,-1.1164,-1.101,-1.1048,-1.0817,nan,-1.0493,-1.0255,-1.0232,nan,nan,nan,-0.96867,-0.9660700000000001,-0.95178,-0.93294,-0.9248299999999999,-0.8945200000000001,-0.88575,-0.8837,-0.87584,nan,-0.8551700000000001,-0.83336,-0.81345,-0.7905399999999999,-0.77267,-0.7470399999999999,nan,-0.73569,-0.7088399999999999,-0.67979,nan,-0.6502100000000001,-0.6305,nan,-0.58808,-0.56701,nan,-0.5072800000000001,-0.48551000000000005,-0.47536000000000006,nan,nan,-0.42396000000000006,-0.40524,-0.37212,-0.35653,-0.3405,-0.29436999999999997,-0.29031,-0.27126,nan,nan,-0.18465,-0.17477,-0.14579,nan,-0.067103,-0.047312,0.014398,0.047115,0.06839400000000001,0.11867,nan,nan,nan,0.20634,0.23864000000000002,0.26789,nan,nan,0.39766999999999997,nan,0.45532,0.47557,0.51904,0.5501199999999999,0.56825,0.6030399999999999,0.6250100000000001,0.6877800000000001,0.71606,0.7397600000000001,0.7934,0.81894,0.8631700000000001,nan,0.9339200000000001,0.98629,1.0226,1.0376,nan,1.125,1.1584,1.1982,nan,1.2716,1.3121,1.3532,1.3935,nan,1.4586,nan,1.5461,nan,1.6246,1.6712,1.6985,1.7446,1.8168,1.8508,1.8622,1.8875,nan,1.9994,2.0342,2.0773,2.1038,nan,2.2155,2.2372,2.2784,2.318,2.3623,2.3919,2.4352,nan,2.5231,2.5664,2.6075,2.6611,nan,nan,2.7936,2.8104,nan,2.8925,2.9233,2.9614,2.9806,3.0131,nan,3.0867,3.0868,3.1021,3.1345,3.1588,3.1679,3.1667,3.1813,3.1710000000000003,3.1839,nan,3.1891,3.1984,nan,3.1994,nan,3.1859,3.1876,3.1891,3.1831,3.1631,3.1535,3.1322,3.1118,3.0897,3.0771,3.0666,3.0601,3.0365,3.0117,3.0032,2.9779,2.9478,nan,nan,2.8962,2.8883,2.8480000000000003,2.8056,nan,2.7996,2.7864,2.7641,2.7311,2.7017,2.6908,2.6809,2.6723,2.6465,nan,2.622,2.596,2.5732,nan,2.5417,nan,2.5128,2.4866,nan,2.471,2.4535,2.4227,2.404,2.404,2.3796,nan,2.3616,2.3499,nan,2.3242,2.3074,2.2938,2.2744,2.2681,2.2553,2.2476,2.2363,nan,2.2393,2.2165,2.2096,2.1786,2.1679,2.161,2.1411,2.1286,2.0956,2.0909,nan,2.0666,nan,2.062,2.0498,2.0306,2.0207,2.0180000000000002,2.0099,2.0075,1.9862,nan,nan,1.9448,nan,1.9326,1.9206,1.9011,1.895,1.8815,1.8732,1.8629,1.865,1.8658,1.8425,nan,1.8236,1.8233,1.8267,nan,nan,1.8099,1.797,nan,1.7969,1.7861,1.775,1.7676,nan,nan,1.7369,1.7242,1.7299,1.7256,1.7173,1.7179,1.6966,1.6925,1.6949,nan,1.6933,1.6959,1.6896,1.6827,1.6808,nan,1.6825,1.6639,1.6504,nan,1.6369,1.6325,1.6235,1.6265,1.6254,nan,1.6258,1.6259,1.6159999999999999,1.6153,1.614,1.6186,1.6027,1.5903,1.5897,1.579,1.5801,1.5691,1.5587,1.5572,1.5618,1.5452,1.5639,1.5606,1.5437,1.545,1.5338,1.5344,nan,1.5349,nan,1.514,1.5128,nan,1.5082,nan,1.4876,1.4935,1.5012,nan,1.4898,1.4826,1.4592,1.4557,nan,1.4576,1.4524,nan,1.4145,1.4002,1.4113,1.3998,1.3991,1.392,1.3836,1.3992,1.3928,1.3888,1.3822,1.3626,1.3675,1.3651,1.3544,1.3441,1.3339,1.3314,1.3342,1.3267,1.3165,1.3024,1.2823,1.2753,1.2752,nan,nan,1.2538,1.2429,nan,nan,1.2121,1.2035,1.1933,1.1823,1.1735,nan,1.1618,1.1728,1.1585,nan,1.1677,1.1308,1.168,1.2045,1.1549,1.1639,1.1618,1.1507,1.1427,1.131,nan,nan,1.1176,1.1036,1.1028,1.0781,1.072,1.0713,1.06,1.0615,nan,nan,1.0373,1.0152,1.022,1.0225,nan,1.0253,nan,0.99425,0.97116,nan,0.9631799999999999,nan,0.93673,0.9375,0.93096,0.91035,0.9128299999999999,nan,0.89049,0.89166,0.8828600000000001,0.87174,0.8615799999999999,0.8515299999999999,0.83972,0.81375,0.79974,nan,0.79997,nan,nan,0.77828,0.76394,0.74839,0.73669,0.73412,0.72545,0.70809,0.70687,0.68611,nan,0.6496,nan,0.6381600000000001,nan,0.63008,nan,0.61454,0.59324,0.5968600000000001,0.5836,0.56284,0.5635100000000001,0.5472899999999999,0.528,0.5317,0.51778,0.50361,nan,0.48885,0.46937,0.45985,nan,0.44006000000000006,0.42113,0.40684000000000003,0.39878,0.38927,0.39716,0.38366,0.35401,0.3461,0.33452,0.32436,0.3055,0.29120999999999997,0.29147,0.28573000000000004,nan,nan,0.24764,nan,0.21138,0.21078000000000002,0.21099,0.20323,0.18082,0.17588,0.17477,nan,0.13788,0.12933,nan,0.093997,0.07474700000000001,nan,0.052743,0.055353999999999993,0.032236,0.0035639000000000005,-0.010381,-0.015526,nan,-0.014176,-0.017828999999999998,nan,-0.025693,nan,-0.06124299999999999,-0.07324800000000001,-0.08746799999999999,-0.07721,-0.091674,nan,-0.11657999999999999,-0.11774000000000001,-0.14209000000000002,-0.15312,-0.11993,-0.11522,-0.11452999999999999,-0.12885,-0.14215999999999998,-0.14010999999999998,-0.15538,-0.1465,-0.14096,nan,-0.152,-0.1601,-0.17063,nan,-0.19,-0.20381,nan,-0.21158000000000002,nan,-0.22130999999999998,-0.24297,-0.23155,-0.23790999999999998,-0.26216,nan,nan,-0.25536,-0.2465,-0.24093,-0.24040999999999998,-0.24416999999999997,-0.26541,nan,-0.26277,-0.27338,-0.2758,-0.27345,nan,nan,-0.27726,-0.27075,-0.26578,-0.2887,-0.28800000000000003,-0.29629,-0.30233000000000004,-0.28505,nan,-0.3062,-0.29381,-0.30056,-0.29591,-0.30105,-0.30928,-0.29955,-0.30762,-0.31072,nan,-0.31745,-0.31515,-0.30480999999999997,-0.31289,-0.32004,-0.30611,-0.31127,-0.32185,-0.29934,-0.31598000000000004,nan,-0.3034,-0.31232,-0.30336,-0.31566,nan,-0.29755,-0.31069,-0.31012,-0.30819,-0.31894,-0.32061,-0.32338,-0.34631,-0.35265,nan,-0.34743,nan,-0.35634,-0.36673,-0.35828000000000004,-0.34239,nan,-0.34689000000000003,-0.34303,-0.33993,-0.35172,-0.36455,-0.3554,-0.36668,-0.3565,-0.35535,-0.3552,nan,-0.34594,-0.34404,-0.33619,nan,-0.34226,-0.33085,-0.33234,-0.32168,-0.32074,nan,-0.32169000000000003,-0.31089,-0.31294,nan,-0.31901,nan,-0.32111999999999996,-0.31984,-0.29959,-0.29765,-0.30889,nan,-0.29555,nan,-0.29116,-0.28595,-0.28559,-0.28823000000000004,-0.28581999999999996,-0.27644,-0.28752,-0.27615,-0.28402,-0.27954,-0.27778,-0.28954,nan,-0.28606,-0.27116999999999997,-0.26475,-0.27647,-0.2764,-0.27429000000000003,-0.27723000000000003,-0.26558000000000004,nan,nan,-0.26676,-0.25547,nan,-0.25336,-0.2427,-0.25356,-0.24352,-0.24225,-0.23131999999999997,nan,-0.23178,nan,nan,nan,-0.23078,nan,-0.20823000000000003,-0.21798,nan,-0.20529,nan,-0.18744,-0.20851999999999998,-0.1923,-0.1462,-0.15191,-0.1404,-0.15091,-0.14365999999999998,-0.13482,nan,-0.14284000000000002,-0.14196,-0.15444000000000002,-0.1462,-0.13932,-0.1394,-0.12862,-0.12788,-0.13952,-0.13125,-0.12480999999999999,-0.13452999999999998,-0.14045,-0.13952,-0.15988,-0.1724,-0.16151,-0.17474,-0.17499,nan,-0.16242,-0.15883,-0.1663,-0.14064000000000002,-0.10496,-0.10915,nan,-0.11535999999999999,-0.10689000000000001,-0.11660999999999999,nan,-0.11573,nan,-0.11589,-0.11512,nan,-0.11447,-0.1184,-0.11389,-0.09509,nan,-0.10668,-0.10668,-0.09689600000000001,-0.098052,-0.11198,nan,nan,-0.10701,-0.11717999999999999,nan,-0.106,-0.1258,-0.13102,-0.11207,-0.10157999999999999,-0.11199999999999999,-0.1162,nan,-0.10095,-0.096528,-0.11803,-0.11762,-0.11605,nan,-0.11485,-0.11705,-0.1175,-0.13541,-0.11364,-0.095682,-0.10479000000000001,nan,-0.094922,-0.07610499999999999,-0.066381,-0.072506,-0.031156,-0.036956,-0.046736,-0.037025999999999996,nan,-0.048456,-0.049934,-0.039044,-0.036057,-0.048851,-0.041212,-0.034831,-0.038881,-0.034673,-0.041457,-0.049727999999999994,nan,nan,-0.049926,-0.050943,nan,-0.046258999999999995,nan,-0.038853,-0.05397999999999999,-0.042167,nan,-0.050347,-0.049752,-0.05012,-0.049416,-0.049847,-0.047238999999999996,-0.052015,-0.038773,-0.046195,-0.060913,-0.045502999999999995,-0.051016000000000006,-0.049191000000000006,-0.049867,-0.061,-0.052279,-0.045793,-0.057277999999999996,-0.060671,-0.057880999999999995,-0.04127,-0.040513,nan,nan,nan,nan,-0.036821,-0.04471,-0.057876,-0.055376999999999996,-0.04836,-0.068713,nan,nan,-0.07192,-0.07207100000000001,nan,-0.08718200000000001,-0.078551,-0.087091,-0.071925,-0.076748,nan,nan,nan,-0.082383,-0.083719,-0.095149,-0.084575,-0.082189,-0.081334,-0.084494,-0.07748200000000001,-0.09300000000000001,-0.10335,nan,-0.10667,-0.095532,-0.114,-0.11542000000000001,nan,-0.15535,nan
3.0,0.5172800000000001,0.30709000000000003,0.35355,0.34643,0.33489,0.36136999999999997,0.30566,0.31987,0.32403000000000004,0.31687,0.3177,0.29616,nan,nan,0.30243000000000003,0.27676999999999996,0.27958,0.26529,0.25553000000000003,0.26995,nan,0.28047,0.26521,0.25999,0.26108000000000003,0.26016,0.26205,0.2491,0.24245999999999998,0.24236999999999997,0.24149,0.24655,0.23039,0.22466,nan,0.20199,0.22955,0.24063,nan,0.16203,0.16687000000000002,0.1506,0.15087,0.16265,nan,nan,0.12622,0.14878,0.14415999999999998,0.14584,0.14436,0.15009,0.14090999999999998,0.10778,nan,0.07901799999999999,0.098537,0.12425,nan,nan,0.052243,nan,nan,0.051227999999999996,0.039869999999999996,0.024832,0.028343,0.032029,0.003317,-0.008987799999999999,0.014950999999999999,0.027426999999999997,nan,-0.030561,-0.016401,0.008126399999999999,-0.0074846,-0.0016000999999999997,0.01619,0.004016,-0.010563,nan,-0.033785,-0.023372999999999998,-0.03312,-0.050801,-0.02275,-0.0017143,-0.011981,-0.010754999999999999,-0.0073518,-0.018237,-0.034822000000000006,-0.025735,nan,-0.024961,-0.02578,-0.035628,nan,-0.029758,-0.043174000000000004,-0.037319,-0.0073623000000000004,-0.028268,-0.021526,nan,-0.019624000000000003,-0.029672000000000004,-0.025024,-0.056365,-0.066232,-0.045522,-0.049609,-0.051271000000000004,-0.045771,-0.048021,-0.027356000000000002,-0.023353,-0.062887,-0.054249,-0.026895999999999996,-0.049736,nan,-0.043449,-0.051914999999999996,nan,-0.048055,-0.053642999999999996,-0.035932,-0.031573000000000004,nan,nan,-0.04967,-0.04237,-0.028630000000000003,-0.029955000000000002,-0.026335,nan,-0.047882,-0.029935000000000003,-0.012614,-0.0029334,nan,nan,-0.010269,nan,-0.059301,-0.037913999999999996,nan,0.0079628,nan,-0.012934999999999999,-0.0085065,-0.027772,-0.053988999999999995,-0.017886000000000003,0.012515,-0.012496,-0.012990999999999999,-0.0023101,nan,nan,nan,0.032899,nan,-0.0085589,nan,0.024672,0.054699,nan,nan,nan,0.08529400000000001,0.083863,nan,0.10495,0.087921,0.074197,0.06300800000000001,0.07534400000000001,0.084438,0.079856,0.11150999999999998,0.078659,0.026077,0.063458,0.06263099999999999,0.039429,0.053229,0.046463,nan,nan,0.049576,0.07560800000000001,0.10404000000000001,nan,nan,0.09924,0.08533500000000001,0.10307000000000001,0.1061,0.11395,0.12649000000000002,0.12401,nan,0.16473,0.13799,nan,nan,0.17128,0.17798,0.20511999999999997,0.18235,0.18156,0.18287,0.19089,0.20188,0.18374000000000001,nan,0.20049,nan,0.20224,0.23836,nan,nan,0.18261,0.19997,0.21741999999999997,0.23499,0.24391,0.24186,0.24525,0.22839,0.23224,0.265,0.24593,0.21649000000000002,0.25439,0.28411,0.25763,nan,0.24450999999999998,0.24268,0.24303000000000002,0.24186,0.24314000000000002,0.24295999999999998,0.24599000000000001,0.26204,0.27937,0.27282,0.24886,0.245,0.25921,0.26268,0.25959,0.26283,0.25939,nan,0.27454,nan,0.27716,0.25935,0.24541999999999997,0.24195999999999998,0.24447,0.24193,0.24181,nan,nan,0.24698,0.25982,0.26174000000000003,nan,0.26595,0.28384000000000004,0.28234000000000004,0.24936999999999998,nan,0.2908,0.27765,nan,0.27784000000000003,0.27447,nan,0.26027,0.2458,0.2508,0.26323,nan,0.26238,0.24650999999999998,0.25043000000000004,0.26079,0.25909,0.28012,0.26823,nan,0.30191,nan,nan,0.25088,0.21428000000000003,0.22134,0.25892,nan,0.24386999999999998,0.24055,0.23829,nan,0.29412,0.24950999999999998,0.24173000000000003,0.24377,nan,0.2388,nan,0.22091999999999998,0.23704,0.2539,0.26122,0.24018,0.20839000000000002,nan,0.21263,0.22326,nan,0.17157,0.16068,nan,0.16192,nan,0.13086,0.12619,nan,nan,0.14182999999999998,nan,0.14762,0.14212,0.081675,0.025172,0.051199,0.064264,nan,0.039309,0.052224,0.0078476,-0.008406299999999998,0.0083572,-0.014085,-0.036659,nan,-0.030930000000000003,-0.048208,-0.039046,-0.023353,-0.03258,-0.048919,-0.049462,-0.04741,-0.050745,-0.071306,-0.087357,-0.08064600000000001,-0.10032999999999999,-0.13059,nan,nan,nan,-0.16416,-0.18683,nan,-0.13876,-0.17014,-0.20631,-0.18652,nan,nan,-0.24641999999999997,-0.24389,-0.24161,-0.26609,-0.28847,-0.27723000000000003,-0.28231,-0.30164,nan,-0.28433,nan,-0.30182,nan,-0.3194,-0.29384,-0.30307,-0.32389,-0.30241,-0.3122,-0.34144,-0.33915,-0.35458,nan,-0.34,nan,-0.3585,nan,-0.37464000000000003,-0.35791999999999996,-0.3772,-0.38554,nan,-0.3594,-0.35973,-0.35617,-0.37334,-0.37596,-0.38287,-0.40009,-0.38116,-0.39145,-0.42432,-0.41563999999999995,-0.39994,-0.39645,-0.40301,nan,-0.41831,-0.42396000000000006,nan,-0.47018000000000004,-0.45745,-0.47501000000000004,-0.46526000000000006,nan,-0.45736000000000004,-0.45795,-0.4703,-0.48011000000000004,-0.47097,-0.4798,nan,-0.53142,-0.53051,-0.5376,nan,-0.55384,nan,-0.5833699999999999,-0.59058,-0.57555,-0.58005,-0.6017399999999999,-0.57698,-0.55561,-0.5997600000000001,-0.62202,-0.59993,-0.61815,nan,-0.6101800000000001,-0.62908,-0.6521,nan,-0.64288,-0.67232,-0.6546,-0.6553,-0.67081,-0.63755,-0.64605,-0.71085,nan,-0.65396,-0.66919,-0.69819,nan,nan,-0.71109,-0.68384,-0.6674899999999999,-0.69297,-0.70818,nan,-0.70218,-0.7165600000000001,nan,-0.72065,-0.6924600000000001,-0.72743,-0.7455,-0.7296100000000001,-0.7401300000000001,-0.7417100000000001,nan,-0.7095600000000001,-0.7045600000000001,-0.73098,-0.74925,nan,-0.74761,-0.74328,-0.7512300000000001,nan,nan,-0.73882,-0.75332,-0.73873,-0.7498,-0.74879,-0.72812,nan,-0.74697,-0.74746,nan,-0.73205,-0.73134,nan,-0.73082,-0.71944,-0.75436,-0.7592300000000001,-0.72491,-0.70915,-0.71683,-0.74154,-0.74166,-0.73026,nan,-0.70928,-0.72023,nan,-0.7131,nan,-0.73328,-0.69263,-0.69147,nan,-0.70306,-0.68866,nan,-0.71031,-0.69853,-0.66215,nan,-0.6906,-0.6601899999999999,nan,-0.68834,-0.68171,-0.65269,-0.6629,-0.6645399999999999,-0.64363,-0.65374,-0.65571,-0.62989,-0.6412399999999999,-0.64678,-0.61369,-0.6070399999999999,-0.61335,nan,-0.58853,nan,-0.5615399999999999,-0.5792,-0.56834,-0.5554100000000001,-0.55148,nan,nan,-0.5806399999999999,-0.59715,-0.53314,-0.5082300000000001,-0.50975,-0.49782,-0.52854,-0.51751,-0.48636,-0.49788000000000004,-0.48041999999999996,-0.45673,-0.45582,-0.45528,-0.45766999999999997,-0.45651,nan,-0.45523,-0.45671999999999996,-0.45776999999999995,-0.44336000000000003,-0.42736999999999997,-0.44518,-0.45656,-0.43801999999999996,nan,-0.42046000000000006,-0.39726,-0.41713999999999996,-0.40876999999999997,nan,nan,-0.42107,nan,-0.38204,-0.38866999999999996,-0.39442,-0.38021,-0.41084,-0.40057,-0.37073,-0.38061,-0.37909,-0.3913,-0.39903,-0.39985,-0.40008,-0.37849,nan,-0.38742,-0.35717,nan,-0.3837,-0.37269,-0.38174,-0.37958000000000003,nan,-0.35531,-0.36365,-0.38214000000000004,nan,-0.3721,-0.38925,-0.36169,nan,-0.37731,-0.35307,nan,-0.38251999999999997,nan,-0.31351,-0.33802,-0.33092,-0.32291,-0.33837,nan,-0.31571,-0.32299999999999995,nan,-0.31964000000000004,-0.32168,-0.31951,-0.32189,-0.30682,-0.27064,nan,-0.26168,nan,-0.2894,nan,nan,-0.30288000000000004,-0.32068,-0.31208,-0.28584,-0.28178000000000003,-0.28264,-0.26591,-0.25513,-0.26993,-0.28175,-0.26518,-0.23371999999999998,-0.21363000000000001,nan,-0.26303000000000004,-0.23405,nan,-0.21293,-0.22416,-0.2245,-0.23919,-0.23868000000000003,nan,-0.20539000000000002,nan,-0.22979000000000002,-0.21041999999999997,-0.20674,nan,nan,-0.18382,-0.15592999999999999,nan,nan,-0.1752,-0.1756,-0.20785,nan,-0.17843,-0.19095,-0.17372,-0.16787,-0.18313,-0.18665,-0.17604,-0.16088,nan,-0.14432,nan,-0.1709,nan,-0.14761,-0.14847,-0.13405999999999998,-0.12816,-0.14843,-0.14870999999999998,-0.13592,-0.11377000000000001,-0.10995,-0.14512,-0.15312,nan,-0.12390999999999999,-0.10532000000000001,-0.085816,-0.10207999999999999,-0.095726,-0.063225,-0.069383,-0.073749,nan,-0.08200199999999999,-0.10795999999999999,nan,-0.08267000000000001,-0.084714,nan,-0.05044,-0.06438200000000001,-0.071184,-0.066224,-0.070431,-0.07056,-0.065215,-0.07325599999999999,nan,-0.050689,nan,-0.08552799999999999,-0.053819000000000006,-0.051905999999999994,-0.069065,nan,-0.033219,-0.031814999999999996,-0.051117,-0.065751,nan,-0.058265,-0.050445,-0.068685,-0.071491,-0.06035499999999999,-0.040538,nan,-0.046097000000000006,nan,-0.047408,-0.047945,-0.031317000000000005,-0.03561,nan,-0.053586,-0.030581999999999998,-0.049143,-0.033020999999999995,-0.036925,nan,-0.030573000000000003,-0.046298,-0.042536000000000004,-0.065192,-0.083857,-0.017099,-0.02242,-0.065511,-0.039511000000000004,-0.050781,-0.074896,nan,nan,-0.034459,-0.04904,-0.060509,-0.074124,-0.063233,-0.050027999999999996,-0.034241,-0.013488,nan,-0.033333999999999996,-0.032011000000000005,nan,nan,-0.065884,nan,-0.051066,-0.032059,-0.040077,-0.0723,nan,-0.041931,-0.057084,-0.038413,-0.031229000000000003,nan,-0.037787,-0.023832,nan,-0.04965,-0.067744,-0.058526,-0.046443,-0.049234,-0.0321,-0.034405,-0.065549,-0.061272,-0.011133,nan,-0.04292,nan,nan,-0.069151,-0.041006,-0.031958999999999994,-0.049352,-0.030313999999999997,-0.042504,-0.054266999999999996,-0.042225,-0.025368,-0.0094323,-0.036269,-0.053736,nan,nan,-0.073702,-0.051262,-0.054298,-0.069522,-0.034443,0.00014753,-0.039106,-0.037564,-0.010768000000000002,-0.044539999999999996,-0.039043,-0.034634,nan,-0.05284199999999999,-0.008817100000000001,-0.028058999999999997,-0.05272,-0.025349,-0.006268500000000001,-0.039206,nan,nan,-0.0307,-0.014303,-0.010992,-0.041875,-0.048054,-0.031651,-0.017106,0.00033139,-0.019847,nan,-0.032982,-0.036148,-0.047028,-0.0003717,0.012037,nan,-0.04359,nan,-0.030427,-0.014102000000000002,nan,-0.011326000000000001,-0.009551299999999999,-0.027906,-0.038372,-0.0029884,0.005765999999999999,-0.010698000000000001,nan,-0.024985,-0.019759,-0.012831,-0.049181,-0.027817,0.016055,nan,-0.030632,-0.014112999999999999,-0.00099228,-0.021946,-0.026318,nan,-0.0093458,-0.0055366999999999994,-0.015903999999999998,-0.030235,-0.028806000000000002,-0.034479,-0.012503,-0.017654,-0.050621,-0.018818,-0.0031512,-0.009168899999999999,-0.011909999999999999,-0.029788,-0.013336,-0.020794999999999998,-0.05494299999999999,-0.029013,-0.0055966,-0.026343000000000002,-0.020645,-0.010341,-0.028774,-0.030062000000000002,nan,-0.051816999999999995,-0.027808,-0.0062441,-0.028106,nan,nan,-0.027805,nan,-0.009342200000000002,-0.017938,nan,-0.053838,-0.021983000000000003,nan,-0.015687,-0.049477,-0.055465,nan,nan,-0.049672,nan,-0.026018,-0.028939,-0.031188,-0.050531,nan,-0.035255,-0.029556,-0.053684,-0.054225999999999996,nan,nan,-0.051990999999999996,-0.029908999999999998,-0.023635,-0.044419,-0.047456,-0.0512,-0.068205,nan,nan,nan,nan,-0.046425,nan,-0.07753600000000001,-0.045564999999999994,nan,nan,-0.11840999999999999,nan,-0.10615999999999999,-0.10382000000000001,-0.12043,-0.12739,-0.12595,-0.12759,-0.13910999999999998,nan,-0.16615,-0.16745,nan,-0.16138,-0.17623,-0.18145,-0.16782,-0.17922000000000002,-0.18606,-0.18053,-0.16355999999999998,nan,-0.20227,nan,-0.14379,-0.16802999999999998,-0.16527,nan,-0.20425,-0.18119000000000002,-0.18375999999999998,-0.18550999999999998,-0.18264,-0.18275999999999998,nan,-0.20240999999999998,-0.19473,-0.17471,-0.16477,nan,-0.18204,nan,-0.16635999999999998,-0.18652,-0.18635,-0.18766,-0.2206,-0.21766999999999997,-0.18612,-0.19472,-0.21631,-0.22585,-0.2237,-0.22063000000000002,-0.25136,-0.25313,-0.21585,nan,-0.24418,-0.23753000000000002,-0.25216,-0.26097,-0.24461,-0.25518,-0.25995,-0.26754,-0.3031,-0.29079,-0.26837,nan,-0.32231,-0.3049,-0.29422,-0.31335,-0.3202,nan,nan,-0.33704,-0.34467,nan,-0.36018,-0.35839,-0.36128000000000005,nan,-0.3982,-0.36091999999999996,-0.3807,nan,-0.34967,nan,-0.3956,-0.38784,-0.37661,-0.37965,-0.37716,-0.40018000000000004,-0.4234,-0.41372,-0.4363,-0.47522,-0.45497,nan,-0.43778,-0.43632,-0.44814,nan,-0.4575,nan,nan,-0.4693,nan,-0.49698000000000003,-0.49606999999999996,-0.50656,-0.52046,-0.54169,-0.57576,-0.5895600000000001,-0.5988,-0.62021,-0.6322399999999999,-0.63246,nan,nan,nan,-0.65247,-0.63377,-0.64477,-0.68506,-0.68619,-0.68806,-0.72868,nan,-0.75945,-0.74728,-0.76164,-0.7731600000000001,nan,nan,-0.7862899999999999,nan,nan,nan,-0.86465,-0.8637799999999999,-0.87031,-0.9012399999999999,-0.9232,-0.9229299999999999,-0.9216,nan,-0.9283799999999999,-0.94085,-0.9227200000000001,-0.94006,-0.9789100000000001,nan,nan,-1.0003,-0.9739700000000001,-0.96475,-1.0324,-1.0788,nan,-1.0679,-1.1065,-1.1169,-1.0987,-1.0985,-1.1336,-1.157,-1.1563,nan,nan,-1.1783,-1.2171,-1.2197,-1.1882,-1.2133,-1.2555,-1.2365,-1.2099,-1.2284,-1.2627,nan,nan,-1.3175,-1.3391,-1.3472,-1.3498,nan,-1.3639,nan,-1.4115,-1.4102,-1.4035,nan,-1.4072,-1.4279,-1.4578,-1.4826,nan,-1.5205,nan,-1.5291,-1.5459,nan,nan,-1.5654,nan,-1.5651,nan,-1.5622,-1.5882,nan,-1.6533,nan,-1.6611,-1.6632,nan,-1.6753,-1.6964,-1.7354,-1.7215,-1.7246,nan,-1.7557,-1.7657,-1.7744,-1.7792,-1.8159999999999998,-1.8068,-1.7773,-1.8161,-1.8546,-1.8366,-1.8274,-1.8369,-1.8611,-1.8947,-1.8797,-1.8627,-1.8778,nan,-1.8521,-1.8867,-1.9286,-1.9252,-1.9329,-1.9646,nan,-1.9397,-1.9559,-1.9872,-1.9886,nan,-2.0145,nan,-1.9841,-2.0148,-2.02,-2.0095,nan,-2.0515,-2.0416,-2.0455,nan,-2.0227,-2.0539,-2.0648,-2.0419,-2.0666,-2.1207,nan,-2.0835,-2.1079,-2.1064,-2.1038,nan,nan,-2.1273,-2.0901,-2.1038,-2.1624,-2.1371,-2.1035,-2.1355,-2.1346,-2.1261,-2.147,nan,-2.1214,-2.1207,-2.1289,-2.147,-2.113,-2.1083,-2.1235,-2.1065,-2.133,nan,-2.1246,-2.1306,nan,-2.1106,-2.1101,-2.1246,-2.1276,-2.1587,-2.1453,-2.1098,nan,-2.1469,nan,-2.1498,nan,-2.1282,-2.1607,-2.1414,-2.1171,-2.1556,-2.1654,-2.1294,-2.1222,-2.1189,-2.1042,-2.1047,-2.105,-2.102,-2.1032,-2.0873,-2.0667,-2.0689,-2.0573,-2.0477,-2.0496,-2.0302,-2.0269,nan,-2.0099,nan,nan,-2.0334,-2.0001,nan,-1.9922,nan,-1.9975,-1.9896,nan,-1.9648,nan,-1.9284,-1.9134,-1.893,-1.8923,-1.8840000000000001,-1.8508,-1.8475,-1.8665,nan,nan,-1.7776,-1.7439,-1.7415,-1.7536,-1.7368,-1.7382,-1.7241,-1.7101,nan,-1.6425,-1.6246,-1.5961,-1.5724,-1.5592,-1.5264,nan,-1.5091,nan,nan,-1.4362,-1.4043,-1.4095,-1.3775,-1.3301,-1.3546,-1.361,-1.3115,-1.3134,-1.3195,-1.2521,-1.1848,-1.1746,-1.1932,-1.1999,-1.1638,-1.1238,-1.1162,-1.0878,-1.0362,-1.0042,-0.9971700000000001,-0.9834299999999999,-0.94991,-0.92189,-0.88497,-0.8398399999999999,nan,-0.78032,-0.75084,-0.7458,-0.73068,-0.66977,nan,-0.60585,-0.56485,-0.5025,-0.47125,-0.42494,-0.39555,-0.40002,-0.35493,-0.30257,-0.26002,-0.21821999999999997,-0.18886,-0.15413,-0.13072999999999999,-0.053885,nan,-0.012374,0.042743,0.11279000000000002,0.1589,0.23784,0.24639,nan,0.35058,0.39966999999999997,nan,0.50333,nan,0.59454,0.6079600000000001,0.65094,0.6988800000000001,0.75189,nan,0.89565,0.92371,nan,1.0344,1.0929,1.1431,1.1742,nan,nan,1.3397,nan,1.4331,1.4759,nan,1.5965,1.6702,1.7141,1.7647,1.8418,1.9112,nan,nan,2.0094,2.0925,nan,2.1135,2.1739,2.2016,2.1937,2.2297,2.2661,nan,2.2557,2.2718,nan,2.3015,2.2992,2.2925,2.3143,2.3092,2.2993,2.3165,2.301,2.3121,2.3366,2.2997,nan,2.2732,nan,2.2614,nan,2.2266,2.2291,2.2366,2.2208,2.225,2.1899,nan,2.1411,2.1082,2.0866,2.0773,2.0632,2.0658,2.0412,1.9764,1.9358,nan,1.9285,1.9308,1.9251,1.9356,1.9480000000000002,1.9053,1.8573,1.8472,1.8004,1.7723,1.8,nan,1.7441,1.7731,1.7244,1.7221,1.7365,1.7139,1.7352,1.7164,1.6619,1.6665,nan,1.6843,1.6422,nan,1.6536,1.6385,1.6549,1.6469999999999998,1.6448,1.681,1.6803,1.6496,1.6317,1.6480000000000001,1.6765,1.6517,nan,1.6664,1.6955,1.6603,1.6425,1.6285,1.6222,1.6584,1.6786,1.6581,1.6234,1.6236,1.6552,1.6491,nan,1.6206,1.6408,1.6582,1.6431,1.6418,1.6341,1.6182,1.6494,1.6462,1.6107,1.6443,1.663,1.6130000000000002,1.6032,1.6213,1.6185,nan,1.6586,nan,1.6440000000000001,1.6605,1.6225,1.6455,nan,1.6758,1.6465,nan,nan,1.639,1.6735,nan,1.6523,1.6556,1.6382,1.6513,nan,nan,1.6819,1.6792,1.6537,1.6741,nan,1.6388,nan,1.6726,1.6454,1.6377,1.6377,1.6680000000000001,1.6749,1.6493,1.6582,nan,1.6102,1.6535,1.6991,1.6579,1.6469999999999998,1.6766,nan,1.6794,1.6974,1.6725,1.6447,1.6378,1.6385,nan,1.6868,1.6655,1.6575,1.6583,nan,1.6808,1.6925,1.6556,1.6412,1.6338,1.6488,1.6292,1.5795,1.6108,1.6003,1.5516,nan,1.5479,nan,1.5471,1.5385,1.5226,1.5052,1.5074,nan,1.5185,1.4715,1.463,1.5118,nan,1.4651,1.4604,1.4558,1.4044,1.4092,1.4451,1.4152,1.4156,1.4476,1.4047,1.3785,1.4168,nan,1.3827,1.3684,1.3519999999999999,1.3518,1.3707,1.3455,1.2971,1.2849,1.2930000000000001,1.287,1.2707,1.2656,1.2813,1.2885,1.268,1.2657,nan,1.2527,1.2323,1.266,1.2805,1.245,1.232,1.2307,1.2287,1.2423,1.2095,1.1957,1.2122,1.1761,1.1999,1.2345,1.1868,1.1859,1.2128,1.209,1.2146,1.2116,1.1948,1.193,1.1878,1.1703,1.1709,1.1746,nan,1.1739,1.1714,1.1574,1.1583,1.1857,1.1896,1.1722,1.1851,nan,1.193,1.2124,1.232,1.2151,1.1745,nan,1.193,1.1621,1.1604,1.1740000000000002,1.1724,1.1909999999999998,1.1801,1.1765,1.1943,1.1916,1.1952,1.1788,1.1777,1.1914,1.1735,nan,1.1896,1.1685,nan,1.1854,1.2098,1.2024,1.1699,1.187,nan,nan,1.1758,1.1914,1.1927,1.1936,1.1875,1.17,1.1704,1.1855,1.2033,1.2125,nan,1.1586,1.1587,1.1853,1.1903,1.1732,1.1695,1.1812,1.197,1.1902,1.1591,1.1577,1.1872,1.1894,1.1724,1.1716,1.1727,1.1735,nan,1.1562,1.1603,1.1867,1.1887,1.1552,nan,nan,1.1232,1.0928,1.1088,1.1353,1.1264,1.113,1.1139,1.1026,1.0789,1.0775,1.0718,1.0406,1.0312,1.0492,1.0582,1.0563,1.0568,1.0590000000000002,1.05,1.0092,nan,1.033,1.0182,0.96614,0.9596100000000001,0.9757600000000001,nan,0.96786,nan,nan,0.95096,0.9424,0.96315,0.91361,nan,0.8872899999999999,nan,0.9000299999999999,0.88294,nan,0.8851700000000001,0.90217,nan,0.8817799999999999,0.87185,0.85906,0.86345,nan,0.86565,0.83806,0.78698,0.78789,nan,0.78901,0.79279,0.80523,0.78383,0.78175,0.78369,0.74907,0.7490600000000001,0.7663399999999999,0.7356199999999999,nan,0.74219,0.7055,0.70405,0.7048800000000001,0.6726800000000001,0.67151,0.70453,0.70463,0.65732,0.65996,0.68729,nan,0.66013,0.63566,0.63622,0.66701,0.63893,nan,0.67266,0.62239,0.5856600000000001,0.6221,0.62561,0.63535,0.61129,0.57107,0.62729,0.5121100000000001
4.0,0.48972,0.38882,0.46281000000000005,0.40036,0.42100000000000004,0.4015,0.4042,nan,nan,0.38018,0.3845,0.37091,nan,nan,0.35467,0.35184,0.37001999999999996,0.34938,0.35247,0.35147,0.3339,0.33710999999999997,nan,0.31651999999999997,0.31166,0.29218,0.29135,0.29601,0.26775,0.25904,0.26657,0.24931999999999999,0.25468,0.25592,nan,0.22079000000000001,0.20826999999999998,0.22099000000000002,0.217,0.19937,0.19534,0.16642,nan,0.14931,0.1472,0.16987,0.13833,0.13003,0.11537,0.11450999999999999,0.12625,0.11667999999999999,nan,0.087166,0.081224,0.073852,0.058898,0.076609,0.04517,nan,0.033489,0.008126699999999999,0.012648999999999999,0.0142,-0.0052113,-0.0033391999999999996,-0.020577,-0.042111,-0.030598,nan,-0.037676,nan,-0.061474,-0.069065,-0.055835,-0.063243,-0.094088,nan,-0.10601,-0.12276,-0.1336,-0.13235,-0.13766,nan,-0.17149,-0.18294000000000002,-0.17336,-0.18187,-0.20112,-0.20252,-0.20943,-0.23156,-0.22523,-0.21165,-0.22401,-0.24145,-0.25263,-0.24099,-0.25356999999999996,-0.25513,nan,-0.28169,-0.30061,-0.29072,-0.3071,-0.31615,-0.33137,-0.34191,-0.35707,-0.36817,-0.34959,-0.35946999999999996,-0.3609,nan,-0.39964,-0.40653,-0.39478,-0.40151,-0.40975,nan,-0.44343,nan,-0.46455,nan,nan,nan,-0.49057,nan,-0.4978,-0.50232,-0.50635,-0.50957,nan,nan,-0.529,-0.56513,-0.56696,-0.57405,-0.59616,-0.5876100000000001,nan,-0.62593,-0.6260600000000001,-0.64418,-0.63732,-0.62829,-0.64612,nan,-0.66555,-0.6611600000000001,-0.66666,-0.69347,-0.6856800000000001,-0.685,nan,-0.6915100000000001,nan,-0.7095600000000001,-0.71072,nan,nan,-0.7239899999999999,-0.73702,-0.75055,nan,-0.7532399999999999,-0.75151,-0.76202,-0.76208,-0.7653300000000001,nan,nan,-0.7698699999999999,-0.78651,nan,-0.8209799999999999,-0.8338899999999999,nan,-0.8154899999999999,-0.83385,nan,nan,-0.8328200000000001,-0.85077,-0.8330700000000001,-0.8342700000000001,-0.8405299999999999,-0.84273,-0.8685799999999999,-0.86459,nan,-0.87098,-0.85931,-0.87354,-0.88205,nan,-0.88513,-0.87245,-0.90075,-0.89008,nan,-0.9183399999999999,-0.9153,nan,nan,-0.9283899999999999,-0.91584,nan,-0.9424600000000001,nan,-0.94166,nan,-0.92306,-0.93958,-0.92681,-0.94944,-0.95209,-0.92653,-0.94476,-0.9625,nan,nan,-0.95463,-0.94947,-0.9768700000000001,-0.95465,nan,nan,-0.9663299999999999,-0.96367,-0.9591200000000001,-0.9785200000000001,nan,-0.9555799999999999,-0.96929,-0.9788600000000001,-0.9728899999999999,nan,-0.98644,-0.97819,-0.98585,nan,-0.97721,-0.9797100000000001,-0.98834,-0.9844799999999999,-0.98851,-0.9878899999999999,-0.97672,-0.9929,-0.99724,-0.9936799999999999,-0.9741200000000001,nan,-0.9876,-0.97801,-0.98645,-0.9867299999999999,-0.99265,nan,-0.9828899999999999,-0.98866,-0.99939,nan,-0.9805,-0.9778899999999999,nan,-0.9844200000000001,-0.98508,-1.0064,-0.98229,-0.97835,-0.98649,-0.99659,-0.98854,-0.9900899999999999,-0.99464,-0.98462,nan,-0.98624,-0.96578,-1.0009,-0.9954,-0.98157,-0.9870700000000001,-0.9881,nan,-0.9767299999999999,nan,-0.9887600000000001,-0.97059,-0.9688100000000001,-0.9782200000000001,nan,nan,-0.98695,-0.9769899999999999,-0.9941,-0.99164,-0.98208,-0.9888299999999999,nan,-0.9899399999999999,-0.9975700000000001,nan,nan,-0.9766799999999999,-0.9830200000000001,nan,-0.9650299999999999,-0.97913,nan,nan,-0.9902700000000001,-0.96983,-0.9686,-0.9819100000000001,nan,-0.98582,-0.97688,-0.96799,-0.97352,-0.9864,-0.9757299999999999,-0.9606399999999999,-0.97159,-0.97465,-0.9574299999999999,-0.958,nan,-0.9527200000000001,-0.9466600000000001,-0.96939,-0.97224,nan,-0.96988,-0.97893,-0.9511299999999999,-0.9517200000000001,-0.9558700000000001,-0.9435399999999999,-0.98716,-0.99959,-0.956,-0.9584299999999999,-0.9512200000000001,-0.9436399999999999,-0.9501799999999999,-0.9426,-0.9526,-0.95568,-0.94839,-0.94916,nan,-0.95845,nan,-0.9411799999999999,-0.94331,-0.94055,-0.95852,-0.93952,-0.94529,nan,-0.92766,-0.92865,-0.94384,-0.94331,-0.92843,-0.94837,-0.95021,-0.93343,-0.91564,-0.9267200000000001,-0.93606,-0.9257200000000001,-0.92845,-0.92886,-0.9373,nan,-0.9252,-0.9244,-0.91122,nan,nan,-0.92905,-0.91328,-0.89525,-0.91156,-0.91548,-0.92199,-0.92394,-0.90869,-0.91896,nan,-0.91335,-0.9156200000000001,nan,-0.88495,nan,-0.8871399999999999,nan,-0.8973,-0.8920299999999999,-0.8854299999999999,-0.88825,-0.88785,-0.88626,-0.87835,-0.8799899999999999,nan,-0.86726,-0.87431,-0.8794299999999999,-0.8739,nan,-0.85769,-0.8509,-0.86756,-0.8711899999999999,-0.8664299999999999,nan,nan,-0.85701,-0.84831,-0.85095,-0.8604700000000001,-0.8497399999999999,-0.8517399999999999,-0.8328399999999999,-0.81882,-0.83235,-0.83055,-0.8409,nan,-0.83201,nan,-0.8363299999999999,nan,-0.81685,-0.82163,-0.82157,-0.8116399999999999,-0.81448,-0.8321299999999999,-0.81291,-0.79673,-0.79845,nan,-0.79245,-0.79027,-0.8082,-0.79861,-0.78415,nan,-0.7738,-0.77959,nan,-0.7708,-0.76398,nan,-0.75249,-0.7377,-0.75818,-0.75813,-0.74312,nan,-0.73211,-0.7387600000000001,-0.73595,-0.73324,-0.74159,-0.7303,-0.7334,-0.7333,-0.72434,-0.71327,-0.7109,-0.70812,-0.7005399999999999,-0.70382,-0.7038,-0.703,nan,-0.69329,-0.69386,nan,-0.68561,-0.69106,-0.67342,-0.6823,nan,-0.68201,nan,-0.67025,-0.67247,-0.67267,-0.66387,-0.66219,-0.6916,-0.67314,-0.65965,-0.6621199999999999,-0.66746,-0.66978,-0.65478,-0.66497,-0.64551,-0.6516,-0.64062,nan,-0.63773,-0.6268100000000001,-0.65545,nan,-0.63116,-0.63003,-0.61892,-0.6298,-0.6316,nan,-0.6150899999999999,-0.60631,-0.60149,-0.61555,-0.60004,-0.59746,-0.59915,-0.57091,-0.58786,-0.60597,-0.58727,-0.5825899999999999,-0.5837600000000001,-0.58404,nan,-0.58594,-0.58412,-0.5757800000000001,-0.5864699999999999,-0.56101,-0.5628,-0.57593,-0.55877,-0.55408,-0.5454600000000001,-0.54613,nan,-0.54586,-0.53851,-0.53547,-0.53272,-0.5253800000000001,-0.52667,-0.51765,nan,-0.5169600000000001,-0.51034,-0.49933999999999995,-0.49798000000000003,-0.50779,-0.5059899999999999,-0.49826000000000004,-0.50384,-0.50966,-0.49171000000000004,-0.48862,-0.4986,-0.49672,-0.50856,-0.51756,-0.49333,-0.47234,-0.49613,-0.5013,-0.48018999999999995,-0.49168,-0.49646,nan,-0.48383999999999994,-0.49198000000000003,-0.47368000000000005,-0.48915,-0.49051000000000006,-0.47686000000000006,-0.48786,-0.47835,-0.48551000000000005,-0.48718999999999996,-0.48818999999999996,-0.47618,-0.46671,-0.47872,nan,-0.47835,-0.4679,-0.47356000000000004,nan,-0.45776999999999995,-0.46062,-0.48186,nan,nan,nan,nan,-0.43778,-0.46348,-0.45782,-0.4495,nan,-0.43921000000000004,-0.45419,-0.45896000000000003,-0.45558999999999994,-0.44952,-0.43351000000000006,-0.45527,-0.45424,-0.43914,-0.44938999999999996,-0.42958999999999997,-0.43991,nan,-0.42307,-0.4283,-0.4292,-0.43923,-0.42876000000000003,nan,-0.43163,nan,nan,-0.43646,-0.43823,-0.42912,-0.42668999999999996,-0.43154,-0.41522,-0.4298,-0.43325,-0.43007,-0.43699,-0.42923,-0.44821000000000005,-0.43078,nan,nan,-0.42252,nan,-0.42905,-0.44928,-0.43094,-0.43248000000000003,-0.43646999999999997,nan,nan,-0.44525,-0.43864,nan,-0.44015,-0.42951000000000006,nan,-0.41581999999999997,-0.4188,-0.43313,-0.43528,nan,nan,-0.43465,-0.44016000000000005,nan,-0.42865,-0.42327,-0.41963,nan,-0.41042,-0.41512,-0.41707,-0.4229,-0.42402,-0.41812,-0.42858,nan,-0.43501999999999996,-0.44561000000000006,-0.40955,-0.4249,-0.43478999999999995,-0.42949,-0.43596999999999997,-0.40907,-0.41653,-0.42651999999999995,-0.43485,-0.43258,-0.42828,-0.43901999999999997,-0.42405,-0.41923999999999995,-0.42837,-0.42676000000000003,-0.43473999999999996,-0.43695,-0.43873999999999996,-0.43341999999999997,nan,-0.43898000000000004,-0.43782,-0.45461999999999997,nan,-0.43153,nan,nan,nan,nan,-0.44883,-0.4557,-0.45074,-0.44926000000000005,-0.46155,nan,-0.46471,-0.45799999999999996,-0.45863999999999994,nan,-0.46856000000000003,-0.47376,-0.46621999999999997,-0.47894,-0.46203999999999995,-0.4588,-0.47694,-0.485,nan,-0.49575,nan,-0.49183000000000004,-0.48933000000000004,-0.50779,-0.5071899999999999,-0.50703,-0.49781000000000003,-0.50159,nan,-0.49563,-0.49572,-0.48791,-0.50557,nan,-0.5081100000000001,-0.50393,-0.50665,-0.50253,-0.49688000000000004,-0.50817,nan,-0.523,-0.5369,-0.52268,-0.5191100000000001,nan,-0.53075,-0.52881,-0.55565,-0.54867,nan,-0.55608,-0.57157,-0.57262,-0.5636899999999999,-0.5665100000000001,-0.56653,-0.57175,-0.59185,-0.5847399999999999,-0.56902,-0.58041,-0.5824,-0.57631,-0.59458,-0.6058,-0.6,-0.61854,-0.61952,-0.61519,nan,-0.6361,nan,-0.64544,nan,-0.66008,nan,-0.6579,-0.65601,-0.67471,-0.6741199999999999,-0.67275,nan,nan,nan,-0.6814100000000001,nan,-0.68385,-0.69387,-0.69397,-0.6958300000000001,-0.71802,-0.71539,-0.71368,-0.72196,-0.7237899999999999,-0.7430899999999999,nan,-0.7469100000000001,-0.75666,-0.76288,nan,-0.76841,-0.79187,-0.7727,-0.78576,-0.81019,-0.8053100000000001,-0.82089,nan,-0.81787,-0.8216600000000001,-0.83167,-0.84757,-0.8567,-0.86518,nan,nan,nan,-0.8870899999999999,nan,-0.89902,-0.89651,nan,-0.9124,-0.94086,-0.9400200000000001,-0.9183899999999999,-0.94939,nan,-0.96391,nan,-0.97047,-0.976,-0.97893,nan,-0.97834,-0.9857600000000001,-0.99354,-1.0084,-1.0195,-1.0345,-1.0596,-1.0533,nan,-1.0665,-1.0607,-1.0818,nan,nan,-1.0916,-1.0804,nan,-1.1024,nan,-1.1189,-1.1285,nan,-1.1598,-1.1615,-1.1551,-1.1645,-1.1531,nan,nan,-1.1626,-1.1755,-1.1846,nan,-1.1921,-1.2154,-1.2193,-1.2059,-1.239,-1.248,-1.2441,-1.2624,nan,-1.2662,-1.2670000000000001,nan,-1.265,-1.2722,-1.2831,-1.2925,-1.2838,-1.2684,-1.2894,-1.3056,nan,-1.3189,-1.3225,-1.3409,-1.3402,-1.3399,-1.3304,-1.3342,-1.3345,-1.3316,-1.3529,-1.3606,-1.3604,-1.3575,-1.3666,-1.3661,-1.3742,-1.3724,-1.3593,-1.3808,-1.3893,-1.3884,-1.3856,-1.3973,-1.4105,nan,-1.4227,-1.4278,nan,-1.4153,nan,-1.432,nan,nan,-1.4367,-1.4393,-1.4487,-1.4387,-1.4417,-1.4524,-1.4608,-1.4658,-1.4678,nan,-1.4779,-1.4773,-1.4683,nan,-1.482,-1.4855,-1.4876,-1.4986,-1.4988,-1.4793,-1.479,-1.4953,-1.4924,nan,-1.49,-1.4677,-1.4962,nan,-1.4902,-1.5068,nan,nan,-1.4957,-1.4873,-1.4883,-1.4769,-1.4844,-1.4752,-1.4623,-1.4632,-1.4428,nan,-1.4594,-1.4475,-1.4553,-1.4473,-1.4278,-1.4269,-1.4269,-1.4282,-1.4205,-1.4017,nan,-1.3880000000000001,-1.3825,-1.3758,nan,-1.368,-1.351,-1.349,-1.3394,-1.3026,-1.2858,-1.2892,nan,nan,-1.2619,-1.2557,-1.23,nan,nan,-1.1941,nan,-1.1816,-1.1555,-1.1524,-1.1493,nan,-1.101,-1.0906,-1.0791,-1.0648,-1.057,nan,-1.0039,-1.0052,-0.97356,-0.9329,-0.9291200000000001,-0.9253899999999999,nan,-0.8628299999999999,-0.8436,-0.82815,-0.80466,nan,-0.7521100000000001,-0.74336,-0.73375,-0.6855600000000001,-0.69285,nan,-0.62942,-0.61388,-0.5899300000000001,-0.57,nan,-0.51558,-0.49373999999999996,-0.43556999999999996,-0.39663000000000004,-0.36563,-0.34274,-0.3164,-0.28249,-0.2468,-0.21966999999999998,-0.18855,nan,nan,-0.047437,-0.034553,-0.0071059,0.043608,0.09350399999999999,0.11582999999999999,0.16172,0.20486999999999997,0.24355,0.2936,0.32652,0.37146999999999997,0.40047,0.47426999999999997,0.52369,0.5481199999999999,0.595,0.6382800000000001,0.68915,nan,0.81101,0.8402700000000001,0.8722,nan,0.9718200000000001,1.0296,1.0726,1.1522,1.1776,1.2024,1.2702,1.3321,1.3627,1.4194,1.4938,1.508,1.5665,1.6048,nan,1.7336,1.7717,nan,nan,nan,1.9497,2.0238,2.0656,2.0922,2.1735,2.2003,2.2406,2.3106,nan,2.4077,2.4377,2.4788,nan,nan,2.5919,2.6153,nan,2.6968,2.7171,2.7705,2.7895,2.7981,nan,2.8326,2.8618,nan,2.8685,2.8771,2.8723,2.8769,2.8853,nan,nan,2.8773,nan,nan,2.8765,2.885,2.8629,2.8452,nan,2.8281,nan,2.7973,2.7665,2.7686,2.755,2.7193,2.7258,2.7163,nan,2.69,2.6569,2.6496,nan,2.6015,2.5858,2.5559,2.5609,2.5655,2.5274,2.5079,2.4796,2.454,2.4530000000000003,2.4529,2.4476,nan,2.3941,2.4043,2.3934,2.3863,nan,2.3329,2.3397,2.3261,2.3115,2.303,2.2848,nan,nan,2.2259,2.2101,nan,nan,nan,2.1963,nan,2.1688,nan,2.1378,2.1407,2.1169,2.0994,2.0987,2.0813,2.0899,2.0786,2.066,2.0722,2.0501,2.0434,nan,2.0327,2.0073,1.9852,1.9795,1.9592,nan,1.9716,1.9517,1.9533,1.9538,1.9542,nan,1.9405,1.9247,nan,1.9122,1.8847,1.8914,1.8918,nan,1.8659,1.8619,1.8530000000000002,nan,1.8361,nan,1.8221,1.8076,1.8029,1.7938,nan,1.7943,1.7671,1.7578,nan,1.7587,1.7531,nan,1.7464,1.7233,1.6986,nan,1.699,nan,nan,1.6817,1.6715,1.6481,nan,1.6244,1.6099,1.6105,1.6115,1.6047,1.5872,nan,1.571,1.5709,1.5657,1.5439,1.5209,1.5286,1.5269,1.5,1.5028,1.5042,1.5,1.5081,1.4922,1.5017,1.4926,nan,1.4536,1.4373,1.4174,1.403,nan,1.3825,1.3719,nan,1.3652,1.3659999999999999,1.3574,1.3545,1.3536,1.3364,1.325,1.3259999999999998,1.3156,1.3064,1.3012,1.2831,1.2695,nan,nan,1.2456,1.2275,nan,1.2296,nan,1.2121,1.1996,nan,1.1725,nan,1.1796,nan,1.1787,1.1688,1.1604,1.1726,1.1687,nan,1.1611,nan,1.1452,1.1346,1.147,nan,nan,1.1101,nan,1.0972,1.097,1.0872,1.091,nan,1.072,1.0705,1.0527,1.0424,1.0429,nan,1.0412,nan,1.0241,1.0316,1.0132,1.0173,1.0289,nan,1.0089,nan,nan,nan,0.9727899999999999,nan,0.95289,0.96385,0.9540799999999999,0.94804,0.96416,0.9422299999999999,0.94289,0.93874,0.9182600000000001,nan,0.91354,0.8977200000000001,0.88394,0.89555,0.89579,0.86987,0.86266,nan,0.8750600000000001,nan,nan,0.8349,nan,nan,nan,0.80578,0.8134100000000001,nan,0.80699,0.81638,0.7986800000000001,0.78514,nan,0.78175,0.76165,0.77191,0.7634,0.75737,0.74944,0.71886,0.7340300000000001,0.72937,nan,nan,0.70918,0.71838,0.71768,0.71328,0.68429,0.68503,nan,0.66882,nan,0.66756,0.65923,0.6614399999999999,nan,0.63125,0.63388,nan,0.63646,0.61938,0.62849,0.63418,0.6042,0.61247,0.6176699999999999,nan,0.60521,0.5976,0.58092,0.59121,0.57585,0.57673,0.57812,0.55265,0.5556300000000001,nan,0.5714199999999999,0.5465300000000001,0.5375800000000001,0.5575399999999999,nan,0.56257,0.54325,0.5221600000000001,0.53186,0.51465,0.51812,nan,0.50472,0.5050600000000001,nan,0.49201999999999996,0.49248000000000003,0.50327,nan,0.47373000000000004,0.47595,0.4691,0.4641,0.47453,0.48251000000000005,0.48468999999999995,0.46321999999999997,0.44273,0.45216999999999996,0.44985,0.42923999999999995,nan,0.42333000000000004,0.42339,0.42081999999999997,nan,0.39715,0.38806999999999997,0.37613,0.38491,0.36503,0.35474,0.35809,nan,0.38061999999999996,0.36094,0.35115999999999997,0.37656999999999996,0.3549,nan,0.32966999999999996,0.33753,0.34665,nan,0.33896,0.33553,nan,0.30846,0.29849000000000003,nan,nan,0.27499,0.2821,0.28578000000000003,nan,0.27471,0.28836,nan,0.27664,0.27793,0.2606,nan,nan,0.25672,nan,0.263,0.25556999999999996,0.25971,0.25681,nan,0.2472,0.23745,0.24771999999999997,0.24744000000000002,nan,0.23779,nan,0.24846,0.23765999999999998,0.24778000000000003,0.23998000000000003,nan,0.22835,nan,0.25288,0.22743000000000002,0.24831,0.23104,0.22386999999999999,0.23923000000000003,0.23719,0.24138,0.23525,0.22804000000000002,0.22762,0.22751999999999997,0.23019,0.22436,0.24416999999999997,0.23928000000000002,nan,0.23108,0.21633000000000002,0.21478000000000003,0.25416,nan,0.22014,0.23972,nan,nan,0.23873000000000003,nan,0.23661999999999997,0.24211999999999997,0.23051,0.23581999999999997,0.25149,0.23338000000000003,0.2287,0.23878000000000002,0.21989,0.23135,0.23869,0.22315,0.23476999999999998,0.23665999999999998,nan,0.23701,0.24051,0.23016,0.2331,0.24245999999999998,0.23440999999999998,nan,nan,0.23803000000000002,0.24475,0.25956999999999997,0.2432,0.22189,0.2385,0.26022,0.25635,0.25648000000000004,0.25337,0.22933,0.24500999999999998,0.25759,0.22993000000000002,0.24606,0.25532,0.22821,nan,0.25154,0.24806,0.24625999999999998,0.23638,nan,0.25906,0.26766,0.2489,nan,0.26139,0.24054,0.23892,nan,0.24891999999999997,nan,0.25223,nan,nan,0.2778,nan,0.27058000000000004,nan,0.27635,0.27848,0.28251,nan,0.27914,nan,0.29718,0.28648,nan,0.29905,nan,nan,0.30995,nan,0.32244,0.33681,0.32652,0.32391,nan,nan,0.34867,0.34107,nan,0.34458,0.33584,0.35465,0.34247,nan,nan,0.36486999999999997,0.36609,0.35362,0.35464,0.38215,0.3817,0.36737,0.36703,0.36709,0.38095,nan,nan,0.36551,0.36471,nan,0.38878,nan,nan,0.39575,0.39433,0.38443,0.39955,nan,0.38366,nan,0.40413000000000004,nan,0.4042,0.39678,0.39786,0.42681,0.43446,0.41507,0.40613,0.42754,0.43333,0.41547,0.42778,nan,0.4448,0.44225,0.43281000000000003,0.44783,0.46245,nan,nan,0.46463000000000004,0.46013999999999994,nan,0.48385,0.47095,0.46245,0.46216,nan,0.47872,0.4895,0.47239,0.4676,nan,0.47251000000000004,0.48223,0.47576999999999997,0.48306000000000004,0.49781000000000003,nan,0.48352,0.5029600000000001,nan,nan,0.4741,0.4887,0.48431,0.47731999999999997,0.49683999999999995,0.49361000000000005,0.50272,0.48506000000000005,0.48746999999999996,0.50853,0.5157,0.50571,0.49088000000000004,0.49471000000000004,nan,0.5040600000000001,0.49356000000000005,0.50498,nan,0.49091,0.48717,0.50605,0.51184,nan,nan,0.5081899999999999,0.50934,0.50353,0.50059,0.49446,0.51245,0.51261,0.5120899999999999,0.51188,nan,0.5189600000000001,0.49672,0.49541999999999997,0.5126,0.51331,0.50248,0.5124,0.5030399999999999,nan,0.50915,0.51189,0.51205,0.51232,0.5113300000000001,0.5151899999999999,0.50566,0.50763,0.51273,0.5140100000000001,nan,0.51241,0.51952,0.52503,0.52071,0.52709,nan,0.53089,0.53296,0.5504,0.55142,0.55843,0.56286,0.5665399999999999,0.59127,0.6007,0.6007100000000001,nan,0.61784,0.6353800000000001,nan,0.6425,0.6534,0.64773,0.65095,nan,0.68848,0.69482,0.70748,0.70673,0.6977899999999999,0.71462,0.71604,0.69823,0.7175,0.6944,nan,0.6572600000000001,0.64785,0.65086,nan,0.64933,0.64968,nan,nan,0.65262,0.6540600000000001,0.65875,0.6492399999999999,0.64957,0.6480100000000001,0.65577,0.63127,nan,0.6536,nan,0.6510699999999999,0.64,0.6460600000000001,0.65392,0.64659,nan,nan,0.64139,nan,0.63983,0.63789,0.64317,0.63861,0.66901,0.65582,0.6301,0.65067,0.63958,nan,0.6446,nan,nan,0.62955,nan,nan,0.6598,0.64082,0.65242,0.66689,nan,0.6417,0.6512100000000001,0.63705,0.6290100000000001,0.64044,nan,0.6048,0.6178100000000001,0.6019,nan,nan,0.60055,0.5978100000000001,nan,0.58645,0.5846399999999999,0.5937600000000001,0.58829,0.5807,nan,0.5612,nan,nan,0.5523899999999999,nan,0.54576,0.54469,0.54196,0.54206,0.56215
5.0,0.52908,0.43668,0.39471999999999996,0.44342,0.39662,nan,nan,0.38309,0.38622,0.40328,0.38286,0.37431,nan,0.4111,0.39265,0.38356999999999997,nan,0.40334000000000003,nan,0.38356999999999997,0.38486,0.38218,0.36894,0.35091999999999995,0.34046,0.34405,0.35496,nan,0.35717,0.35688000000000003,0.36024,0.35686999999999997,0.34756,0.34319,0.34348,0.33621,0.32524000000000003,0.33094,0.34431999999999996,nan,0.32955,0.33213000000000004,0.32193,nan,0.30819,0.32861999999999997,nan,0.30298,0.27610999999999997,0.27762,0.29968,nan,0.28839000000000004,0.2876,0.29359,0.28891,0.28784,0.29474,0.28799,nan,0.28315,0.28958,0.28038,nan,0.25949,0.2393,nan,0.26442,0.25898000000000004,0.23644,0.23751999999999998,0.24204,0.21903000000000003,0.20993,nan,0.25161,0.21503000000000003,0.19309,0.21116,0.22186,0.21158000000000002,0.20731,0.20855,0.21659,0.23617,0.23256,0.21045999999999998,0.21645,0.21982,0.19042,0.17693,0.18235,0.17245,nan,0.16889,0.16864,0.17015,0.16591,0.14620999999999998,0.13554000000000002,0.14198,0.13469,nan,0.11930999999999999,0.14992,nan,0.12197999999999999,nan,0.11964000000000001,0.11037000000000001,0.09059400000000001,0.082609,0.089157,nan,0.09813200000000001,0.082496,0.073692,0.07822899999999999,0.070203,nan,0.043938,0.047223,nan,0.047731,0.044925,0.034622,0.030811,0.033463,0.032741,0.037001,0.050331,0.050011,nan,nan,0.031143,0.029426,nan,0.028818,0.040825,0.027254,0.018463999999999998,0.031833,0.028529000000000002,0.007884799999999999,0.015252000000000002,0.038817000000000004,0.035802999999999995,0.020012000000000002,0.024888999999999998,0.043919,0.046183999999999996,0.026006,0.018632,0.026961000000000002,0.013668000000000001,0.0036584000000000005,0.031686,0.047514,nan,0.03829,0.047572,nan,0.034373,0.05280700000000001,0.049197000000000005,0.026993,nan,0.042758,0.060666,0.057788,0.047127999999999996,nan,0.051017,0.07077699999999999,0.08845800000000001,0.082477,0.0733,0.08793,0.10674000000000002,0.11327000000000001,nan,0.13121,0.12842,0.12536,nan,0.13962,0.14628,0.16323,nan,0.17772000000000002,0.16441,0.16677999999999998,0.17854,nan,0.19430999999999998,0.20724,0.20634,0.19575,0.20586,0.23468000000000003,0.23697,0.21303000000000002,0.21458000000000002,0.23487,0.23066,0.221,0.23431999999999997,0.25321,0.2731,0.30194,0.31799,nan,nan,0.35362,0.35725999999999997,0.35685,0.37761999999999996,0.38240999999999997,0.3581,0.35102,0.36544,0.35805,nan,0.26871,0.2359,0.21804,0.1994,0.18154,0.18555,0.20704,0.20781999999999998,nan,0.18771,0.20763,nan,0.19008,nan,0.21466999999999997,0.22916,0.23540999999999998,nan,0.23881,0.24948,0.2613,nan,0.26184,0.27176999999999996,0.27985,0.27535,0.26649,0.26078,0.26193,nan,0.25784,0.24924000000000002,0.2564,0.2702,0.27575,0.27654,0.27729000000000004,0.27547,0.26849,nan,0.23442,0.22284,0.22675,0.23618000000000003,0.24597,0.25513,0.24819000000000002,0.22824,nan,nan,0.21249,0.2078,0.20751,0.19258,0.16909000000000002,0.15283,0.14361,nan,0.14013,nan,0.11972999999999999,0.11397,0.11660999999999999,nan,0.09980900000000001,0.10211,0.094592,0.086263,nan,0.10059,0.083755,0.066024,0.055626,0.061847000000000006,0.07497000000000001,0.067674,nan,0.064432,nan,0.018086,nan,nan,0.016168000000000002,-0.0028324,-0.015921,nan,-0.05865,-0.061257000000000006,-0.062085,-0.062221000000000005,-0.06042,-0.08123,-0.11990999999999999,-0.13483,-0.12872999999999998,nan,nan,-0.15521,nan,-0.15827,-0.15415,nan,nan,-0.1666,nan,nan,-0.18905999999999998,-0.19799,-0.19487000000000002,-0.19748,-0.19615,-0.2048,-0.22873000000000002,nan,-0.25406,-0.24938000000000002,nan,-0.26879000000000003,-0.29546999999999995,-0.29525,-0.27648,-0.26316,-0.27104,-0.29583000000000004,-0.3041,-0.29241999999999996,nan,-0.30659000000000003,nan,-0.30927,-0.32087,-0.31988,-0.3201,nan,-0.34484000000000004,-0.34706,nan,-0.37475,-0.36074,-0.36204000000000003,nan,-0.35652,-0.34591,-0.36818,nan,-0.37108,nan,-0.37126,-0.37568,-0.3955,nan,-0.39537,nan,-0.37882,-0.37089,-0.38076,-0.40560999999999997,-0.41079,-0.39959,-0.40991000000000005,-0.43233,-0.43954,-0.4357,-0.41939,-0.4002,-0.4096,-0.43178,nan,-0.42045,-0.43131,-0.44001,nan,-0.42513999999999996,nan,-0.43108,-0.44367,-0.45335,-0.45028,-0.45742,-0.47878000000000004,-0.48472,-0.47881999999999997,-0.49186,-0.50962,-0.50011,-0.4932,-0.51953,-0.5353600000000001,-0.52267,-0.52461,-0.53752,nan,-0.53846,-0.5546300000000001,-0.57324,nan,-0.6024,-0.5908800000000001,nan,-0.59105,nan,nan,-0.61357,-0.6298600000000001,nan,-0.6391,-0.65804,nan,-0.61395,-0.6411399999999999,-0.66106,-0.67308,-0.6713899999999999,-0.64463,nan,-0.68279,-0.67599,-0.66883,-0.6834,-0.6744899999999999,nan,nan,-0.73611,nan,-0.73717,-0.74989,-0.74487,nan,-0.74603,-0.74926,-0.75137,-0.7693800000000001,-0.77894,-0.77932,-0.7893,-0.78299,-0.76586,-0.77155,-0.77852,-0.77947,-0.78918,-0.7842899999999999,-0.77949,-0.8053100000000001,-0.81908,-0.80602,-0.81001,-0.8195100000000001,-0.80596,-0.79787,nan,-0.8198,-0.81688,-0.8191,nan,-0.81448,-0.82606,-0.84626,-0.84075,-0.82181,-0.8198700000000001,-0.82865,-0.82985,-0.81929,-0.82015,nan,nan,nan,-0.8716700000000001,-0.88713,-0.86445,-0.86014,-0.8736299999999999,-0.86077,-0.8663,-0.90294,-0.9073700000000001,-0.8910799999999999,-0.90264,-0.92256,nan,nan,-0.90233,-0.89643,-0.9019799999999999,nan,-0.9308700000000001,nan,-0.91412,-0.91102,-0.91353,-0.91214,-0.91146,-0.9136700000000001,-0.91999,-0.9346700000000001,-0.94063,-0.92905,-0.92456,nan,-0.9164,-0.90815,-0.9142899999999999,-0.92258,-0.92899,-0.92584,nan,nan,nan,-0.9276399999999999,-0.92365,-0.92781,-0.9357,-0.9445899999999999,nan,-0.9164700000000001,nan,-0.92896,-0.9298,-0.9173,-0.9128299999999999,-0.9118799999999999,-0.91479,-0.92917,-0.9311200000000001,nan,-0.91596,-0.9378799999999999,-0.92955,-0.91186,-0.9295100000000001,-0.9547700000000001,-0.95178,-0.9314399999999999,-0.9197299999999999,-0.92953,-0.9404399999999999,-0.93191,-0.92765,-0.9466899999999999,-0.96145,-0.9507899999999999,-0.93904,-0.9469799999999999,nan,-0.95275,-0.95985,-0.96698,-0.9650799999999999,-0.9741,nan,-0.9498,nan,-0.9472700000000001,-0.96745,-0.9525,-0.93889,nan,nan,-0.96073,-0.98159,-0.96014,-0.93825,-0.95031,-0.9561299999999999,-0.9541,-0.9556899999999999,-0.9430799999999999,-0.9431299999999999,-0.96378,nan,-0.9525299999999999,nan,-0.95052,nan,-0.96829,-0.94965,-0.94178,-0.9632700000000001,-0.96409,-0.95132,-0.95335,-0.9532299999999999,-0.95573,nan,nan,-0.95306,-0.9638,-0.97131,-0.96245,-0.95457,-0.9547200000000001,-0.95142,-0.9416100000000001,-0.943,-0.95783,-0.9570299999999999,-0.94158,nan,-0.9421,nan,-0.94752,-0.9674,-0.9460299999999999,-0.92161,-0.9367,-0.94901,-0.93258,nan,-0.9375600000000001,-0.9365600000000001,-0.92689,-0.9346200000000001,-0.9372,-0.9161299999999999,-0.9064,-0.9139799999999999,-0.90391,-0.87964,nan,nan,-0.89315,nan,-0.8715700000000001,-0.88713,-0.87605,-0.8469399999999999,nan,-0.8557,-0.83505,-0.8286100000000001,-0.8302700000000001,-0.8198700000000001,-0.82368,-0.83278,-0.8208799999999999,nan,-0.82273,-0.83268,-0.8331299999999999,-0.83015,-0.83262,-0.83605,-0.82411,nan,-0.80245,-0.8037,-0.80521,-0.80825,nan,nan,nan,-0.82799,-0.8211799999999999,-0.7943,-0.79265,-0.80524,-0.8057,-0.80152,-0.7925300000000001,nan,-0.79872,-0.8063100000000001,-0.78388,-0.77871,-0.7800600000000001,nan,-0.75594,-0.77923,-0.76969,nan,nan,-0.75569,-0.72523,-0.73756,-0.75244,-0.74333,-0.73805,-0.73923,-0.72947,-0.72559,-0.74198,-0.75067,-0.73815,-0.71923,-0.70021,-0.69801,-0.71002,-0.7025399999999999,-0.69806,nan,-0.7168100000000001,-0.69775,-0.7049300000000001,nan,nan,-0.70685,nan,-0.6836,-0.68805,-0.70087,-0.69734,nan,-0.63598,-0.6457,-0.69993,-0.6977399999999999,-0.65617,-0.65261,-0.65209,-0.64389,-0.66194,nan,-0.64285,-0.6492,-0.65463,-0.62758,-0.6108399999999999,-0.62257,-0.62947,nan,-0.6140100000000001,-0.63146,-0.6447,-0.6289399999999999,-0.60141,nan,-0.6119899999999999,nan,nan,nan,-0.57489,-0.57082,nan,-0.6041300000000001,-0.5955600000000001,-0.5784600000000001,-0.57562,-0.57549,-0.56992,-0.56048,-0.55737,nan,-0.55911,-0.53652,-0.54195,-0.56313,-0.55506,nan,-0.55101,nan,-0.5334300000000001,nan,nan,-0.51456,-0.50718,-0.51549,-0.52573,nan,-0.5078,-0.50716,-0.50652,-0.49685,nan,-0.49533999999999995,-0.49471000000000004,nan,-0.49438000000000004,-0.48482,-0.47173000000000004,-0.46681000000000006,-0.46681999999999996,-0.46266999999999997,-0.45093,-0.44873,-0.4643,-0.46443999999999996,-0.44268,-0.44165,-0.45403999999999994,nan,-0.40996000000000005,-0.41641999999999996,-0.42771000000000003,-0.41744,-0.41417,-0.42523999999999995,-0.42163,-0.41205,-0.42161000000000004,-0.43711000000000005,-0.43743000000000004,-0.41883000000000004,-0.40310999999999997,-0.41853999999999997,-0.43046,-0.40667,-0.40231,-0.42503,-0.4149,-0.39766,nan,nan,-0.39651,-0.39821,-0.39457,-0.3834,-0.39413000000000004,-0.40831,-0.39194,-0.37249,nan,nan,-0.38873,-0.37704,-0.37055,-0.36995,nan,-0.39724,-0.37695,-0.36441999999999997,-0.35456,-0.34403,-0.36093000000000003,-0.37143000000000004,-0.34924,-0.34425,-0.36477,-0.37304,-0.37251,-0.37099,-0.36074,-0.36117,-0.37638,-0.36513,-0.33296,-0.33718000000000004,-0.35883000000000004,-0.34503,-0.32821,-0.33188,-0.31847,-0.30162,nan,nan,-0.32776,-0.31987,-0.31761,-0.31873,-0.31931,-0.31851,-0.31716,nan,-0.29912,nan,-0.30784,-0.2888,-0.29855,-0.31927,nan,-0.28963,-0.30416,-0.30085,-0.28781,-0.30287,-0.31458,nan,-0.27776,-0.28678000000000003,-0.28835,-0.27826999999999996,-0.28394,nan,-0.27931999999999996,-0.27266999999999997,-0.27936,-0.27852,-0.27446,-0.27869,-0.27849,-0.27352,-0.28163,-0.29181999999999997,nan,-0.27383,nan,-0.27971999999999997,nan,-0.26594,-0.26345999999999997,-0.26461999999999997,-0.2656,-0.26974000000000004,-0.28300000000000003,nan,-0.28389000000000003,-0.27141,-0.26587,-0.26347,-0.26627,-0.27767,-0.28812,nan,nan,-0.29989,nan,-0.29265,-0.27705,-0.28053,-0.292,-0.29248,-0.28756,-0.27851,-0.2714,nan,-0.30599,-0.29869,-0.28388,-0.2784,-0.27476,-0.28147,-0.29224,-0.28396,-0.27173,-0.27849,-0.28955,nan,nan,-0.27483,nan,nan,-0.30318,nan,-0.29184,-0.28146,-0.2721,-0.27884000000000003,-0.29865,-0.30513,-0.30619,nan,-0.31179,-0.29131999999999997,-0.29385,-0.31629,nan,-0.30583,nan,-0.32042,nan,-0.35893,-0.3737,-0.36293000000000003,nan,-0.35956,nan,-0.3451,-0.36094,-0.36357,-0.34947,-0.34626,nan,-0.35978000000000004,-0.35978000000000004,-0.36657,nan,-0.38595999999999997,-0.38391,-0.38855,-0.40105,-0.41018000000000004,-0.41395,-0.41301000000000004,-0.40260999999999997,nan,-0.41648999999999997,nan,nan,-0.41568999999999995,nan,-0.43088000000000004,-0.42946999999999996,-0.45961,-0.46087,-0.43809,nan,-0.47844,nan,nan,-0.48913999999999996,nan,-0.50378,nan,-0.53489,-0.51344,-0.50821,-0.54008,-0.54289,-0.51964,-0.54259,-0.58422,-0.581,-0.57727,-0.59945,-0.59209,-0.57447,-0.59404,-0.60873,-0.6017600000000001,-0.60965,-0.6203,-0.6130899999999999,-0.61052,-0.6316,-0.6619,-0.67145,-0.6553800000000001,-0.64154,-0.65041,-0.6679,-0.66699,nan,-0.66155,-0.67008,nan,-0.70368,-0.72705,-0.72459,nan,-0.7548699999999999,-0.7542399999999999,-0.7427699999999999,-0.75562,-0.77551,-0.77932,-0.7780699999999999,-0.7781,-0.7801,-0.79596,-0.81609,-0.81458,-0.80238,-0.8126,-0.83283,-0.82886,-0.8271799999999999,-0.8572799999999999,-0.8716299999999999,-0.8585799999999999,nan,-0.90609,-0.9117799999999999,-0.92396,-0.9429799999999999,-0.9312600000000001,-0.9167,-0.9327799999999999,-0.95235,-0.9546899999999999,-0.9542200000000001,-0.9637,nan,-0.9784200000000001,-0.9683700000000001,-0.9636299999999999,-0.9679200000000001,nan,nan,-0.97516,-0.97585,-1.0129,nan,-1.0338,-1.0493,-1.0619,-1.0496,-1.0576,-1.0788,-1.0761,-1.0768,nan,-1.0904,-1.0872,-1.1119,-1.1305,-1.1197,-1.1169,-1.1292,-1.1337,-1.1502,-1.1813,nan,-1.1812,-1.194,-1.2106,-1.2046,-1.1965,-1.2096,-1.2302,-1.2485,-1.27,-1.2747,nan,-1.2535,-1.2946,-1.3189,-1.3119,-1.3275,-1.3587,nan,-1.3598,-1.3721,-1.3734,-1.3705,nan,-1.3699,-1.3744,-1.3863,-1.3915,nan,-1.4263,nan,-1.4472,nan,-1.4733,nan,-1.4955,-1.4806,-1.4866,-1.5212,-1.5341,-1.5319,nan,-1.5332,-1.5336,-1.5356,nan,-1.5403,-1.5626,nan,-1.558,-1.5630000000000002,-1.5697,nan,-1.5907,-1.5975,nan,-1.6036,-1.5933,-1.585,nan,-1.5989,-1.5997,nan,-1.6187,-1.6336,-1.6313,nan,-1.6153,-1.6314,-1.6494,nan,-1.6449,-1.6384,-1.6481,nan,-1.6549,-1.655,-1.6574,-1.6536,nan,-1.6714,-1.6641,-1.6441,-1.6453,-1.6556,-1.6480000000000001,-1.6451,-1.6545,-1.6482,-1.6453,-1.6639,-1.6624,-1.6442,-1.6568,-1.6746,-1.6552,-1.6369,-1.6561,-1.6706,-1.6505,-1.6395,-1.6588,-1.6706,-1.6597,-1.6433,-1.6382,-1.6502,nan,-1.6453,-1.6416,nan,-1.6402,-1.6517,-1.6717,-1.6638,nan,-1.6296,-1.6195,-1.6069,nan,-1.6017,nan,-1.5886,-1.5694,-1.5485,-1.5503,-1.5696,-1.5742,nan,-1.5564,-1.5704,nan,nan,-1.5564,nan,-1.5253,-1.5189,-1.5215,-1.5028,-1.4768,-1.4674,-1.4661,nan,-1.4817,-1.4746,-1.4494,-1.4403,-1.4421,-1.4268,-1.4123,-1.4044,nan,-1.3721,-1.3742,-1.3578,nan,-1.3483,-1.3266,-1.3018,-1.3041,-1.2876,-1.2411,-1.2208,-1.2353,-1.2345,nan,-1.1834,-1.1844,-1.176,-1.1494,nan,nan,-1.0881,-1.0707,-1.0616,nan,-1.0746,-1.0572,-1.0183,-0.98903,-0.98083,-0.97624,-0.96178,-0.9435,-0.9337700000000001,nan,-0.87377,nan,-0.80635,-0.81929,nan,-0.77135,-0.7549100000000001,-0.7304,-0.70487,-0.69795,-0.6833199999999999,-0.64375,-0.60763,-0.59013,-0.56396,-0.50813,-0.45402,-0.4371,nan,-0.40962,-0.39511,nan,-0.31485,nan,-0.27257,-0.21773,-0.17463,-0.16126,-0.11337,-0.062649,nan,-0.0027706,nan,0.04048,0.091115,0.14093,0.1632,nan,nan,0.23183,0.28147,0.3526,0.39293,0.42756000000000005,0.4639,nan,0.51461,nan,0.59107,0.65922,0.7088899999999999,0.72064,0.73783,nan,0.83678,0.88076,0.9058,0.93375,nan,1.0386,nan,1.122,1.1534,1.2015,1.2685,1.2943,1.2999,1.3553,1.4219,1.4612,nan,1.546,1.571,1.6263,1.6931,1.7213,1.7449,1.8045,1.8561,1.8661,nan,1.9342,1.9864,2.0193,nan,2.0993,2.1203,2.1278,2.1311,2.1249,2.1401,nan,2.219,2.2351,2.2664,2.274,nan,2.2874,2.3094,2.3042,2.3157,2.3397,2.3444,nan,nan,2.3301,2.3525,2.351,nan,2.3202,2.3675,2.3723,2.3266,2.3256,nan,2.3522,2.3411,2.3443,2.3198,nan,2.2903,2.2763,2.2505,2.2361,2.2268,nan,2.1956,2.1731,2.1672,nan,nan,2.1347,2.1427,2.1495,2.1235,2.0868,2.0664,2.0507,2.0334,2.0237,nan,1.9915,1.9808,1.9755,1.9503,1.9245,1.9345,nan,1.9299,1.8921,1.8848,nan,1.8531,nan,nan,1.8399,1.8022,nan,1.8224,nan,1.7772,1.7819999999999998,1.7904,1.7819999999999998,1.7690000000000001,1.7619999999999998,nan,1.7466,1.7511,1.7538,1.739,1.7208,1.7117,1.7018,1.6947,1.7033,1.7139,1.7066,1.6879,1.6774,1.6839,1.6936,1.6941,nan,nan,1.6872,1.6829,1.6927,nan,1.681,1.6803,1.6871,1.6963,1.6985,1.6815,1.6679,1.6778,1.6863,1.6812,nan,1.6879,1.6961,1.6974,1.6838,1.6659,nan,1.6812,1.6964,1.6883,1.6724,1.6880000000000002,1.7096,nan,nan,1.6953,1.6783,nan,nan,1.679,1.683,1.6841,1.6731,1.6702,1.6897,nan,1.7107,1.7128,nan,1.6669,1.6786,1.6857,nan,nan,1.6801,1.6849,1.695,1.6873,1.6834,1.6939,1.6892,1.6824,1.6931,1.6878,1.6623,1.6635,nan,1.6783,1.6771,nan,1.7,1.6584,1.6683,1.7005,1.6879,1.6686,1.6692,1.6687,nan,nan,nan,1.6401,1.6619,nan,nan,1.6569,nan,1.6673,1.6717,1.6824,1.6703,1.6488,1.6415,1.635,1.6253,1.6164,1.6042,1.6021,nan,1.6117,nan,1.5867,1.5886,1.5851,1.5859999999999999,1.5876,1.5618,1.5336,1.5465,1.5621,nan,1.5094,nan,1.5193,nan,1.535,1.5339,nan,nan,1.4926,1.495,1.4891,1.4796,1.4731,nan,nan,1.4444,nan,nan,1.4025,1.4247,1.4401,1.4087,nan,1.4369999999999998,1.4365,1.4191,1.412,1.3924,1.3873,1.4098,1.4103,1.3905,1.3848,1.3794,nan,nan,1.3528,nan,1.3304,1.3430000000000002,1.339,1.3175,nan,1.3188,1.3169,1.3175,nan,1.3033,1.3009,1.3049,nan,1.2955,1.2876,1.2904,1.3024,1.2962,nan,1.2439,1.2593,nan,1.2342,1.2212,1.2352,1.2386,1.2337,1.2351,1.222,1.1971,1.1952,1.216,1.2233,nan,1.2036,1.2157,1.2082,1.1847,nan,nan,nan,1.1872,1.2095,1.2064,1.1816,nan,nan,1.1674,nan,nan,1.1478,1.1547,1.1447,1.1412,nan,1.1297,1.1311,1.1412,1.1267,1.1028,1.1014,nan,1.0934,1.0872,1.0897,1.0801,1.0735,nan,nan,nan,nan,1.0708,1.0725,1.0633,1.0583,1.0449,nan,1.0451,1.0614,1.0522,1.0445,nan,1.0385,1.0263,nan,1.0167,1.0277,1.0326,1.0222,nan,1.0181,0.9996200000000001,nan,1.0084,1.0122,0.99218,0.9958299999999999,nan,0.98524,0.96514,0.97836,0.9684299999999999,0.9509299999999999,0.9636899999999999,0.9537399999999999,nan,nan,0.9344,0.9394100000000001,0.93217,nan,0.91591,0.9404399999999999,0.91904,0.8974799999999999,0.91999,0.92274,0.9116,0.93285,0.9405399999999999,0.92199,0.9223299999999999,nan,nan,0.91445,0.90356,0.89722,nan,nan,0.8842399999999999,0.88523,0.88089,nan,nan,nan,0.8680200000000001,0.85757,0.8604299999999999,0.8550399999999999,0.85346,0.8728799999999999,0.8654200000000001,0.8428100000000001,0.86182,0.8673,0.83431,0.8347,0.8419,0.81981,0.8277899999999999,nan,0.8226,0.8153199999999999,nan,0.84401,0.83642,0.80779,nan,0.80898,0.81386,nan,0.80237,0.81879,0.80579,0.8035399999999999,nan,0.77846,0.77549,0.77231,0.75169,0.75375,0.76483,0.75245,nan,nan,0.76263,0.7608600000000001,0.74195,0.72249,0.73261,nan,0.75256,0.73527,nan,nan,0.7344,0.72038,0.73321,0.73654,0.71322,nan,0.72314,0.71659,0.70772,0.72878,0.73226,0.7107,0.71446,0.7223,0.71043,0.70844,0.7085,0.7078399999999999,0.72728,nan,nan,0.7180300000000001,0.6986600000000001,0.66889,0.67888,nan,0.69695,0.68384,0.68345,nan,nan,0.68819,0.68053,0.69653,0.6863199999999999,nan,0.65991,0.6691600000000001,0.65605,nan,0.6550699999999999,0.6421899999999999,0.63707,0.64703,0.65482,nan,0.65515,0.65505,0.6508,0.63344,nan,0.64642,0.65736,0.6421399999999999,nan,0.61031,0.6130899999999999,0.62046,0.60063,0.57357,0.58029,nan,nan,nan,0.56296,0.57258,0.59254,nan,0.5859
5.0,-0.28253,-0.5675,nan,-0.41613,-0.51835,-0.45052,-0.46295,-0.50616,nan,-0.52142,-0.5281899999999999,-0.53036,-0.5219,-0.51765,-0.52542,-0.53192,-0.52031,nan,nan,nan,-0.5400699999999999,-0.54142,-0.52905,-0.5283,-0.52372,-0.51826,-0.5342,-0.53966,-0.54256,nan,-0.53467,-0.5269199999999999,-0.54347,-0.5522,nan,nan,-0.54328,-0.56424,-0.54952,nan,-0.56812,-0.56852,-0.55692,-0.57081,nan,-0.57194,nan,-0.5795899999999999,-0.55397,-0.55753,-0.5716899999999999,-0.57618,-0.5773,nan,nan,-0.57592,-0.57594,nan,nan,-0.59162,-0.61226,-0.5975199999999999,-0.58503,-0.60336,-0.61226,-0.60802,-0.58863,-0.57677,-0.58646,-0.58068,-0.57565,-0.5896,-0.58811,-0.5907399999999999,-0.60211,-0.60173,nan,nan,-0.5826,nan,-0.59067,nan,-0.61212,-0.60275,-0.5924699999999999,-0.61237,-0.62359,-0.6028399999999999,-0.60275,-0.61675,-0.62642,-0.62803,-0.60518,-0.6039399999999999,-0.62661,nan,-0.65073,-0.65486,-0.6259100000000001,-0.61935,-0.63026,-0.63861,nan,-0.65764,-0.63141,nan,-0.6612600000000001,-0.64685,-0.65761,-0.67133,-0.65009,-0.65781,-0.67728,nan,-0.67128,-0.6761,-0.6875600000000001,nan,-0.65056,nan,-0.67701,-0.68498,-0.69453,-0.68683,nan,-0.70912,-0.6944,-0.67018,-0.69195,-0.70931,-0.69455,nan,-0.70538,-0.6954100000000001,-0.7124199999999999,nan,nan,nan,-0.7127600000000001,-0.69331,nan,-0.73153,-0.73078,-0.7239,-0.7085,-0.72324,-0.73769,-0.72358,nan,-0.7293,-0.72835,-0.73324,-0.74445,-0.73544,nan,nan,-0.7203,-0.7276699999999999,-0.72714,nan,-0.7286600000000001,-0.74254,nan,-0.73174,-0.7411399999999999,-0.7491800000000001,-0.75779,-0.7549600000000001,nan,-0.75105,-0.7508,-0.7447699999999999,-0.76231,-0.76418,-0.75273,-0.76905,nan,-0.77244,-0.76465,-0.75703,-0.7521899999999999,-0.7615,-0.7834899999999999,-0.79238,-0.77988,nan,-0.7772,-0.76759,-0.77989,-0.7914100000000001,-0.77705,-0.77494,-0.79001,-0.7831199999999999,-0.76813,-0.77328,nan,-0.8064,nan,nan,-0.7834899999999999,-0.81034,-0.81711,-0.79672,-0.78451,nan,nan,-0.8004,-0.8074399999999999,-0.81572,nan,nan,-0.8241799999999999,nan,-0.81421,nan,-0.8278399999999999,nan,-0.79913,-0.8225600000000001,-0.81557,nan,-0.79164,-0.81738,nan,-0.79259,-0.77787,-0.78603,-0.80725,nan,-0.7898,-0.7951600000000001,-0.80288,-0.79306,-0.78595,-0.79605,-0.80318,nan,nan,-0.79752,-0.80209,-0.77396,-0.75726,-0.77873,-0.80534,nan,nan,-0.78965,nan,nan,nan,-0.7823399999999999,-0.79237,-0.78145,nan,-0.77813,-0.7697,-0.76242,-0.77381,-0.77788,-0.77791,nan,-0.78199,-0.7669699999999999,-0.7761600000000001,-0.7814,-0.77299,-0.76795,nan,-0.7695,nan,nan,-0.7734800000000001,nan,-0.76055,-0.7570899999999999,-0.76359,-0.76977,-0.76298,-0.74529,-0.73803,-0.74974,-0.75498,nan,-0.76422,-0.7611899999999999,nan,-0.74029,-0.75746,nan,-0.7189399999999999,-0.71953,-0.71719,-0.72378,-0.73135,-0.71134,-0.7086600000000001,-0.72291,-0.72116,-0.7179800000000001,nan,-0.7186,-0.72138,-0.72018,-0.71446,-0.70473,-0.70778,-0.7189399999999999,-0.7127100000000001,-0.70798,nan,-0.69597,-0.69725,-0.69295,-0.68088,-0.70881,-0.71187,-0.68178,-0.68229,-0.67201,-0.65476,-0.66156,-0.65985,-0.66075,-0.65494,-0.64946,-0.65891,-0.65094,-0.65122,nan,-0.6569,nan,nan,nan,-0.63702,nan,-0.6481399999999999,-0.64747,-0.65176,-0.63505,-0.62643,nan,nan,-0.6199399999999999,-0.62575,nan,-0.62889,-0.61239,-0.58918,-0.60641,-0.60538,-0.58117,-0.58911,-0.59828,-0.5998399999999999,-0.59815,-0.58967,nan,nan,nan,nan,-0.57358,-0.57976,nan,-0.57775,-0.57331,-0.57315,-0.56409,-0.5545,-0.54319,-0.5401600000000001,-0.5544399999999999,-0.55552,-0.5414,nan,-0.55405,-0.5452199999999999,-0.52976,-0.52865,-0.54088,-0.55703,nan,-0.55996,-0.5424,-0.5311100000000001,nan,nan,-0.54175,nan,-0.51641,-0.52985,-0.52887,-0.52762,-0.52164,-0.50467,-0.5181100000000001,-0.55092,-0.5422,nan,-0.52282,nan,-0.52532,-0.5294399999999999,-0.5294399999999999,-0.52359,-0.53105,nan,-0.53271,-0.51795,nan,-0.50288,nan,-0.51522,-0.49035,-0.49218,-0.49045,-0.49676000000000003,nan,-0.49318,-0.49918,-0.50098,-0.49393000000000004,-0.5120899999999999,-0.5110100000000001,-0.48075,nan,-0.47598,-0.48663,-0.49365,-0.50554,nan,-0.4839,-0.4701,-0.49205,-0.48831,-0.47076,-0.46967,-0.46988,-0.46941000000000005,-0.46433,-0.45676000000000005,-0.45658000000000004,-0.46157,nan,-0.46813,-0.44546,-0.45968000000000003,-0.48594,-0.46908999999999995,-0.44397,-0.45579,-0.47193999999999997,-0.47093,-0.46026999999999996,-0.44887,-0.44403000000000004,nan,-0.44288999999999995,-0.44928,nan,-0.43656999999999996,-0.4225,-0.4456,-0.43931000000000003,-0.40032,-0.41101000000000004,-0.44461000000000006,-0.44401,-0.434,-0.42525,-0.41831,nan,nan,-0.43331000000000003,-0.4362,nan,-0.42536,-0.42041000000000006,-0.43592,-0.43428,nan,-0.43393000000000004,-0.43111000000000005,-0.43295,-0.44106999999999996,-0.44481000000000004,-0.44496,-0.44575,-0.43793999999999994,-0.42528,-0.42055,-0.42031999999999997,-0.42426,-0.43885,-0.44501,-0.42583000000000004,-0.40841,-0.41283000000000003,-0.435,-0.44614,-0.43486,-0.43455,-0.44643,-0.44314,-0.45106,nan,-0.43488999999999994,-0.42807,-0.43511000000000005,-0.43086,-0.43238999999999994,-0.44156000000000006,-0.44388,-0.44566999999999996,-0.44633,-0.43515,nan,-0.4474,-0.45645,-0.45314,-0.43415,-0.42123,nan,-0.4388,-0.44693,-0.44591000000000003,-0.42396000000000006,nan,-0.45408000000000004,nan,nan,-0.48265,nan,-0.4447,-0.47207,-0.473,-0.45643,nan,-0.48028999999999994,nan,-0.45993,nan,-0.48806000000000005,nan,-0.49281,-0.48312,nan,-0.46943999999999997,-0.4823,nan,-0.49066000000000004,-0.49438999999999994,nan,-0.49873,-0.48023999999999994,nan,-0.48231,nan,-0.47739,-0.47644,-0.46835,-0.49712,-0.49516000000000004,-0.48191000000000006,-0.51366,-0.50861,-0.48217,-0.49566000000000004,nan,nan,-0.50232,nan,-0.51517,-0.52533,-0.52095,-0.49313999999999997,nan,-0.48252,-0.49911000000000005,nan,-0.50083,-0.48741999999999996,-0.51256,-0.51964,-0.48802,-0.47951000000000005,-0.49523,-0.49428,nan,nan,-0.49208,-0.49173999999999995,-0.49513,nan,-0.48206000000000004,nan,-0.50331,-0.4832,-0.48208,-0.49199,-0.48225,-0.46336000000000005,-0.47098,-0.47467,-0.45405,-0.46525,-0.49368,nan,-0.45136000000000004,-0.47503,-0.47258,-0.45264,-0.4683,-0.47952,-0.46036000000000005,-0.45241000000000003,nan,-0.45715,nan,nan,-0.43881000000000003,-0.44756,nan,-0.46486000000000005,-0.45138,nan,-0.43515,nan,-0.45032,-0.44676000000000005,-0.42782,-0.44591000000000003,-0.43536,-0.40983,-0.44417,-0.44882,-0.41586999999999996,nan,nan,-0.42763999999999996,-0.43454,-0.44333999999999996,-0.44959,-0.43271000000000004,-0.42168,-0.43299,-0.41747,-0.41121,-0.43473,nan,-0.40881,-0.40963,-0.41092,-0.41565,nan,-0.41478000000000004,-0.39895,-0.39424000000000003,nan,nan,-0.4212,-0.41411000000000003,nan,-0.39655,-0.39692,-0.40434000000000003,-0.4087,nan,nan,-0.35875,-0.38550999999999996,-0.39719,nan,-0.37522,-0.38598000000000005,-0.3732,-0.36033000000000004,nan,-0.37200000000000005,-0.36339,-0.35706,-0.37028,nan,nan,-0.34758,-0.34796,-0.35143,nan,-0.34814,nan,-0.34118000000000004,-0.35136999999999996,nan,nan,nan,-0.33178,nan,-0.32628,-0.33686,-0.29673,-0.2905,-0.30201999999999996,-0.2909,-0.29616,-0.30466,-0.30021,nan,-0.29336,-0.28853,-0.30638000000000004,-0.30479,-0.27963000000000005,nan,nan,-0.28899,nan,-0.29211,nan,-0.28855,-0.28276999999999997,-0.27574,-0.27758,-0.26631,-0.27393,-0.27111,-0.25517,nan,nan,-0.26994,-0.27895,-0.2569,-0.26222,-0.27718000000000004,nan,nan,-0.293,-0.28326999999999997,-0.25665,-0.25096999999999997,nan,-0.26952,nan,nan,-0.23505,-0.25939,nan,-0.26028,-0.25554,-0.26758000000000004,-0.25681,-0.25561999999999996,nan,-0.26755999999999996,-0.26282,nan,-0.27421,-0.25615,-0.24156999999999998,-0.2424,-0.24043,-0.24194000000000002,-0.25837,-0.26688,nan,-0.24134,-0.25228,-0.24831999999999999,-0.24276,-0.25282,-0.25427,-0.25389,nan,-0.24268,-0.25105,nan,-0.25377,-0.23674,-0.26009,-0.26016999999999996,-0.24345,-0.25951,-0.26378,-0.25338,-0.27706,-0.27901,-0.24447,-0.24759,-0.27678,nan,-0.26546,-0.27997,nan,-0.2687,-0.26365,-0.26809,-0.27637,nan,-0.29685,-0.30179,nan,-0.28094,-0.29027,-0.29115,-0.30762,nan,nan,-0.2907,-0.30601,-0.32424000000000003,-0.34112,-0.35036,-0.34851,-0.34919,-0.34952,-0.35939,-0.38118,-0.37686,-0.36141999999999996,-0.37969,nan,-0.39035,-0.38588,-0.38603000000000004,nan,nan,nan,nan,-0.4238,-0.41366,nan,-0.44542,-0.4591,-0.43785,-0.43349,-0.44656999999999997,nan,nan,-0.49078999999999995,-0.51512,nan,-0.49486,-0.525,-0.52467,-0.51407,-0.531,-0.53927,-0.54619,-0.55287,-0.55352,-0.55338,-0.54694,-0.56058,-0.58986,-0.5899300000000001,-0.5844199999999999,nan,-0.60122,-0.61927,-0.62167,nan,-0.6127,nan,-0.60597,nan,-0.64566,-0.65669,-0.66262,-0.67419,-0.68156,-0.69621,-0.71157,nan,-0.70405,-0.72624,nan,-0.75664,-0.75505,-0.75348,-0.75647,-0.76935,-0.7763,-0.78087,-0.79583,nan,-0.8244100000000001,nan,-0.8264100000000001,nan,-0.8404299999999999,-0.85961,nan,-0.9071799999999999,-0.9176200000000001,-0.89817,-0.90225,-0.9307200000000001,-0.9325399999999999,-0.9390799999999999,-0.9601299999999999,-0.94973,-0.9445600000000001,nan,-0.98334,-0.9899899999999999,-0.99918,nan,-1.0077,-1.0028,nan,-1.0179,nan,-1.0259,-1.0318,-1.0457,-1.0654,-1.0649,-1.0682,nan,-1.0782,-1.0833,-1.0872,-1.0778,nan,-1.1056,-1.1128,-1.1152,-1.1232,-1.1255,-1.1246,-1.1275,-1.1304,-1.1502,-1.1594,nan,-1.123,-1.1325,nan,-1.1737,-1.1679,nan,-1.1506,-1.1611,nan,-1.1427,-1.1518,nan,nan,-1.1496,-1.1631,-1.1623,nan,-1.1631,-1.1752,-1.1681,-1.1404,-1.1419,nan,-1.1699,-1.146,-1.1537,-1.1741,nan,-1.1473,-1.1343,-1.1276,-1.1167,nan,-1.1005,-1.1006,nan,-1.0895,-1.0641,-1.0625,-1.0715,nan,-1.0427,-1.0518,-1.0472,-1.0391,nan,-1.0256,nan,-0.98906,-0.98308,-0.9817299999999999,-0.9753,-0.9680700000000001,-0.9498200000000001,-0.9267299999999999,nan,-0.9515399999999999,-0.89361,-0.8713799999999999,-0.8721899999999999,-0.8624700000000001,-0.86388,-0.8484799999999999,-0.83278,-0.8265,-0.78868,-0.7619199999999999,-0.77161,-0.76793,-0.73798,-0.72067,-0.7170000000000001,-0.69733,nan,nan,-0.64925,-0.61475,-0.61061,nan,-0.56818,nan,-0.56619,nan,-0.48896000000000006,-0.47431,-0.43613999999999997,-0.41456000000000004,-0.42108999999999996,-0.40354,-0.37659000000000004,-0.34464,-0.29975,-0.2783,-0.26761,-0.21881,nan,nan,-0.14589000000000002,-0.10835,nan,-0.024774,-0.00035937,0.031810000000000005,0.065961,0.079989,0.1208,nan,0.20556,0.24779,0.26209,0.27742,0.3421,0.38771,0.42012,0.46591000000000005,0.5001,0.54914,0.60011,0.63035,0.66695,nan,0.7253,0.77144,nan,0.88287,0.92527,0.9497399999999999,0.9913700000000001,1.0382,1.0818,1.1258,1.1614,1.2024,1.2448,1.2690000000000001,1.3105,1.3798,nan,1.443,nan,1.5523,1.574,1.626,1.6836,1.7143,1.7524,1.7987,nan,1.8908,1.9409999999999998,1.9593,1.9909999999999999,2.0557,2.1063,2.1468,2.2002,nan,nan,2.301,2.3689,2.4132,2.4296,nan,nan,2.5785,2.5908,2.6442,2.6974,nan,2.7478,2.8021,2.8389,nan,2.917,2.9298,2.9727,nan,3.0225,3.0503,3.0996,nan,3.1634,3.1725,3.1737,3.1926,nan,3.2167,3.2324,3.2305,nan,3.2369,3.2191,nan,3.2277,3.2166,3.2197,3.2027,3.1865,nan,nan,3.1579,3.1388,3.1332,3.1137,3.0957,3.0743,3.0460000000000003,nan,nan,3.0237,2.983,2.9537,2.9859,2.9751,2.9158,2.8982,nan,2.8541,2.862,2.8493,2.8072,2.7836,2.7783,nan,2.7593,2.75,2.7317,2.7103,2.7039999999999997,2.7058,2.6959,2.6703,2.6456,nan,nan,nan,2.6072,2.612,2.6134,2.5946,2.5814,2.5602,2.5377,2.5473,nan,nan,2.4981,2.4917,2.4598,2.4556,2.4373,2.4321,2.4441,nan,2.3977,2.3984,2.4104,2.4099,nan,nan,2.359,2.3498,2.3366,2.3107,2.286,2.2788,2.2647,2.2459,2.24,2.2316,2.2233,nan,nan,nan,2.2081,2.2035,2.1932,2.1764,2.1585,2.1402,2.1229,2.1183,nan,nan,2.0748,2.0827,2.0786,2.0604,nan,2.049,nan,2.0511,2.0456,nan,2.0018,2.0015,1.9907,1.9924,1.9838,1.9664,1.9752,1.9709,nan,nan,1.9407,1.9461,1.9369,1.9085,1.9103,1.9243,1.9169999999999998,1.9174,nan,1.8886,1.8566,1.8572,1.8573,nan,nan,1.8464,1.8408,nan,1.8343,1.834,1.8336,1.8148,nan,1.8348,1.8208,nan,nan,1.7791,1.7667,1.788,1.7665,1.7664,1.7758,nan,1.7719999999999998,1.7694,1.7367,1.7272,1.7298,1.7122,1.7045,nan,1.702,1.6708,1.6719,1.6911,nan,1.69,1.6918,1.6804,1.6543,nan,nan,1.618,1.6258,nan,1.5819999999999999,1.5838,1.5774,1.5708,1.5707,1.5530000000000002,1.5430000000000001,1.5536,1.5467,1.5197,1.5034,1.4999,1.4878,1.4623,1.4411,1.4446,1.4528,1.4447,nan,1.4404,1.4297,1.4140000000000001,nan,1.3792,1.3806,1.3725,1.3424,1.3343,1.3371,1.3041,1.2804,1.2861,1.2863,1.2837,1.2617,1.2373,1.2476,1.2473,1.235,1.2253,nan,1.2241,1.22,1.1909,1.1844,1.1606,nan,1.1646,1.1486,1.1204,1.1338,1.1243,1.0872,1.0932,1.1201,1.112,nan,nan,1.0804,1.0533,1.0385,1.035,1.0346,nan,1.0062,0.98034,0.9627399999999999,0.95924,0.9738100000000001,nan,0.9412200000000001,0.93535,0.9452200000000001,0.93632,0.9173600000000001,nan,0.90384,0.90228,0.8939600000000001,nan,0.87436,0.85249,0.83467,nan,0.81465,nan,0.81047,nan,0.7832399999999999,nan,0.76855,0.75115,nan,0.73728,0.7184,0.7075600000000001,0.69825,nan,0.7121,0.7084199999999999,0.69973,0.70075,0.6923600000000001,0.69328,0.6995399999999999,0.6814899999999999,0.6724,0.68025,0.66156,0.6327699999999999,0.63415,0.64246,0.6151399999999999,0.59242,0.6058600000000001,0.5976600000000001,0.56893,nan,nan,nan,nan,0.56175,0.55229,0.5446,0.53471,0.53274,nan,0.5327,0.52355,0.51464,nan,0.49563999999999997,nan,0.48291999999999996,0.46653,nan,0.4414,nan,0.44488,0.44864,0.4304,0.42891,0.42123,0.40131,0.41917,0.42773,0.41061000000000003,0.40246,0.38678,nan,0.39399,nan,0.37509000000000003,nan,0.36737,0.36878,0.35338,0.3393,0.32958000000000004,nan,0.32066,0.31508,0.29281,nan,0.28588,0.28242,0.28235,nan,0.2925,0.28126999999999996,0.28219,0.28820999999999997,nan,0.24104,nan,nan,nan,0.21084,0.2125,nan,0.20586999999999997,0.20926,0.18122,0.17401,0.17314000000000002,0.14937,0.14809,0.16125,nan,0.15012,0.13795,0.15047,0.14593,0.11584000000000001,nan,0.11435999999999999,0.10175,0.10268,nan,nan,0.07405199999999999,0.054835,0.07506399999999999,0.076507,0.053485000000000005,0.054371,0.063169,0.074823,0.06483,0.026537,nan,nan,0.042208999999999997,0.033454000000000005,0.031472,0.015054,0.007230199999999999,nan,0.021568,0.022265,0.020708,nan,-0.020874,-0.01099,-0.0037551000000000004,nan,-0.035621,-0.037953,-0.027692,nan,-0.041125999999999996,nan,-0.038592,-0.03511,-0.019645,-0.029807999999999998,nan,nan,-0.031271,nan,-0.033481,-0.052118,-0.064473,-0.064573,nan,-0.06995900000000001,nan,-0.07395299999999999,-0.089951,-0.10544,-0.093708,-0.074449,-0.091763,-0.092388,-0.07393200000000001,nan,-0.11631,-0.12349,nan,-0.1117,-0.11227999999999999,nan,nan,-0.13472,-0.11487,-0.098613,-0.12347999999999999,-0.11800000000000001,nan,-0.12976,nan,-0.12039000000000001,-0.12938,nan,-0.12262,-0.1319,-0.12782000000000002,nan,-0.13547,-0.1172,-0.11523,-0.13614,-0.12531,-0.11957999999999999,-0.12007000000000001,nan,-0.15278,-0.15714,-0.14167000000000002,-0.14815,-0.1488,-0.13901,nan,-0.13541,-0.14414000000000002,-0.14245,-0.13265,-0.1457,-0.15472,-0.12835,-0.12598,-0.14695999999999998,-0.13488,-0.14332999999999999,nan,-0.12741,-0.12208,nan,-0.13462000000000002,-0.1425,-0.15134,-0.14017000000000002,-0.13563,-0.14304,nan,-0.14154,-0.13584000000000002,nan,-0.16827,-0.16727999999999998,-0.16011,nan,-0.17386,-0.16629000000000002,-0.15907000000000002,-0.16774,nan,-0.15962,-0.16935999999999998,-0.16818,-0.17413,-0.18204,-0.1634,nan,-0.14751,-0.17365,-0.18875999999999998,nan,-0.15857000000000002,-0.19575,-0.17318,-0.1846,-0.20565,-0.17188,-0.17776,nan,-0.19963,-0.18329,-0.18772,nan,-0.20613,nan,-0.19033,-0.19677999999999998,-0.19293,-0.19095,-0.22298,-0.24456999999999998,-0.21348000000000003,-0.19125999999999999,-0.21168,-0.21120999999999998,-0.19507,-0.20289000000000001,-0.20681999999999998,nan,-0.21899999999999997,-0.21663000000000002,-0.2225,-0.22899,-0.21908000000000002,-0.22196,-0.23763,-0.24191,-0.24283000000000002,nan,-0.22246999999999997,nan,-0.2545,-0.23955,-0.22433000000000003,-0.23162,-0.24018,-0.24516,-0.23568000000000003,nan,-0.27545,nan,-0.23731999999999998,-0.25614000000000003,-0.25771,-0.25125,nan,nan,-0.27833,-0.28076,-0.29147,-0.30163,-0.32039,-0.31818,-0.29908,-0.31140999999999996,-0.32811999999999997,-0.31303000000000003,-0.30259,nan,-0.3417,-0.3515,-0.34945,-0.34718000000000004,-0.35917,-0.35667,-0.35102,-0.368,-0.37104000000000004,-0.35581,-0.35099,-0.3477,-0.35436,-0.36332,-0.37338000000000005,-0.38481,-0.37412,-0.36045,nan,-0.37556999999999996,-0.36651999999999996,-0.36051,-0.35136999999999996,-0.34588,nan,-0.36275,-0.35336,nan,-0.36204000000000003,-0.38653000000000004,-0.37601999999999997,-0.36944,-0.37125,nan,-0.36622,nan,nan,-0.36341,nan,-0.36688000000000004,-0.37339,-0.37399,-0.37085999999999997,nan,-0.38606,-0.37593000000000004,-0.36349000000000004,nan,-0.39423,-0.35566,-0.34134000000000003,-0.35514,nan,-0.36336,-0.35151,nan,nan,nan,-0.36351999999999995,-0.36099000000000003,-0.36321,-0.36132,-0.36057,-0.36151,-0.36305,-0.36088000000000003,-0.36134,-0.36044,-0.35148,-0.34460999999999997,-0.35841999999999996,-0.37435999999999997,-0.36516,-0.3484,-0.35341999999999996,-0.36268,nan,-0.36694,-0.37367,-0.37327,-0.36505,-0.35053,-0.35195,-0.36309,nan,-0.34105,-0.33499,-0.33871,nan,nan,-0.31671,nan,-0.34999,nan,-0.33155999999999997,nan,-0.31053000000000003,nan,nan,-0.30476,-0.32111999999999996,-0.33261999999999997,nan,-0.30961,-0.31183,-0.29946,-0.32861,-0.34106,nan,nan,-0.3155,-0.31354,nan,-0.31167,-0.30341999999999997,nan,-0.30257,-0.30004000000000003,-0.2914,-0.28562,-0.29553,-0.3014,nan,-0.28726,-0.28751,-0.27541,-0.2665,nan,nan,-0.25527,-0.27153,-0.28454,-0.26844,nan,-0.27944,-0.26449,-0.27418000000000003,-0.2912,-0.25198000000000004,-0.24686,nan,-0.28026,-0.25527,-0.25445999999999996,-0.25306,-0.25405,-0.2631,-0.26291,nan,-0.26337,-0.27439,-0.2514,-0.24425,-0.26505,-0.25382,-0.2387,-0.25658000000000003,-0.25759,-0.24778000000000003,-0.25828,-0.25504,nan,-0.2308,-0.22308000000000003,nan,-0.19024000000000002,nan,-0.19319,-0.19504000000000002,nan,nan,-0.17928,-0.18022,-0.20184000000000002,nan,nan,-0.22103000000000003,-0.18832000000000002,nan,-0.17184000000000002,-0.16504000000000002,nan
7.0,-0.21,-0.4456,-0.47662,-0.32606,nan,-0.43832,-0.38065,-0.42368999999999996,nan,-0.38413,-0.41398999999999997,nan,-0.41188,-0.4089,-0.41883000000000004,-0.39874,nan,nan,-0.40399,-0.43603000000000003,-0.45427,-0.4336,-0.42911000000000005,-0.42578,-0.42077,-0.44513,nan,-0.44247,-0.45076000000000005,-0.45551,-0.43775,-0.44123999999999997,-0.46324,-0.46223000000000003,-0.45633999999999997,-0.46495,-0.46093,-0.45653,nan,-0.48333000000000004,-0.49658,-0.51562,-0.5009600000000001,-0.49322,-0.51484,-0.51608,nan,-0.52964,-0.5241600000000001,-0.54014,nan,-0.5565100000000001,-0.55171,-0.56681,-0.56586,-0.5593,-0.56645,-0.57677,-0.5837100000000001,nan,nan,nan,-0.60874,-0.6118100000000001,-0.60861,-0.62615,-0.63552,-0.6159600000000001,-0.60511,nan,-0.63752,-0.64925,-0.6421100000000001,nan,-0.64778,nan,-0.6389600000000001,-0.6655800000000001,-0.68061,-0.66667,nan,-0.66798,-0.6727,-0.67456,-0.66551,-0.6549699999999999,-0.67779,-0.70892,nan,-0.67197,-0.69257,-0.70224,nan,-0.70928,-0.7156899999999999,-0.69944,-0.68675,nan,-0.70745,-0.7229899999999999,-0.72224,-0.7177399999999999,-0.72233,-0.7228600000000001,-0.71202,-0.70927,-0.7114699999999999,-0.70603,-0.71643,-0.73536,-0.7270399999999999,-0.7134199999999999,nan,-0.73388,-0.72865,-0.73719,-0.74717,-0.73459,nan,-0.75943,-0.7529600000000001,-0.73961,-0.74773,-0.74061,-0.72151,-0.7406,-0.7688,-0.75531,-0.74574,-0.75846,-0.75507,-0.76488,nan,-0.76456,-0.75937,-0.78513,-0.7859,-0.77188,-0.7689699999999999,-0.76853,nan,-0.7973399999999999,-0.7854800000000001,nan,-0.76445,-0.78357,nan,-0.77085,-0.79883,-0.80143,-0.77162,-0.7747,-0.80425,-0.8025100000000001,-0.79005,-0.7952600000000001,-0.7942,-0.79319,-0.79514,-0.7763800000000001,-0.76385,-0.78789,-0.80724,-0.79557,-0.7969,-0.80797,-0.7900699999999999,-0.77941,-0.78355,-0.77585,nan,-0.80656,-0.7763,-0.76648,-0.76755,-0.75629,nan,-0.79159,-0.77123,-0.78238,-0.7901699999999999,nan,-0.7564,nan,-0.78099,-0.7690100000000001,nan,nan,nan,-0.75129,-0.74475,-0.74729,-0.74228,-0.7502300000000001,-0.7597,-0.74798,-0.74674,-0.76036,-0.75965,-0.75525,-0.7581600000000001,-0.7494,nan,-0.71748,-0.72226,-0.72307,-0.71617,-0.72328,nan,nan,-0.70072,-0.72034,-0.71097,nan,nan,-0.6906100000000001,-0.6955100000000001,-0.73505,-0.71111,nan,-0.71195,-0.70125,-0.6984899999999999,nan,-0.70916,-0.71917,-0.71262,-0.6764100000000001,-0.67224,-0.69187,nan,-0.6994,-0.6867,-0.67252,-0.67237,nan,-0.67678,-0.69647,-0.6914100000000001,-0.68287,-0.6865,-0.68194,-0.69021,-0.6986600000000001,nan,nan,-0.6866300000000001,nan,nan,-0.6695399999999999,-0.6874,nan,nan,nan,-0.65385,-0.6531100000000001,-0.67479,nan,nan,-0.66045,nan,-0.6479199999999999,-0.64655,-0.63795,nan,-0.64707,-0.6387,-0.64255,nan,-0.6354,-0.62211,nan,-0.65132,-0.64203,-0.61731,-0.61275,-0.6249600000000001,-0.62044,-0.60127,-0.59007,-0.59429,nan,-0.5994,-0.58705,-0.5991,-0.6131300000000001,-0.6037399999999999,-0.59616,-0.6026,-0.60277,-0.5918399999999999,-0.5835,-0.5770000000000001,-0.56605,nan,-0.56575,-0.5747399999999999,-0.5727899999999999,-0.55883,-0.55294,-0.55512,nan,-0.54174,nan,-0.5472600000000001,-0.54155,-0.5505399999999999,-0.54389,-0.5261100000000001,-0.5443,-0.5715399999999999,-0.5504399999999999,-0.5082800000000001,-0.50241,-0.52368,-0.52961,-0.5179699999999999,-0.51068,-0.50425,nan,-0.5112399999999999,-0.51384,-0.49608,nan,-0.49691,-0.5058199999999999,-0.49528,-0.48971000000000003,-0.49355,nan,-0.49123999999999995,-0.49206000000000005,-0.4825,-0.47478000000000004,-0.4817,-0.48198,nan,-0.46803999999999996,-0.46912,nan,-0.45705,nan,nan,-0.44375,-0.46973000000000004,-0.45886000000000005,nan,-0.45427,-0.44566000000000006,-0.44151,nan,nan,nan,-0.44643999999999995,-0.43143000000000004,-0.43083999999999995,-0.42517,-0.41848,-0.41931,nan,-0.43836,-0.43613,-0.38905,-0.39461999999999997,-0.43313,-0.41433000000000003,-0.40929,-0.43371000000000004,-0.42288000000000003,-0.42018,-0.43151999999999996,-0.41155,nan,-0.41091000000000005,nan,nan,-0.41518999999999995,-0.42088000000000003,nan,-0.39885,-0.3841,-0.40248,-0.40594,-0.40998999999999997,nan,-0.42022,-0.40031,-0.40761,-0.40829,-0.40543,-0.42162,-0.43218999999999996,-0.42105,-0.40373000000000003,-0.39543,-0.39843,-0.4099,-0.41931,-0.41873999999999995,nan,-0.40833,-0.3998,nan,-0.43203,-0.41996999999999995,-0.42321000000000003,-0.4311,nan,-0.42281,nan,-0.42123999999999995,nan,-0.42053999999999997,nan,-0.41675,-0.41966000000000003,-0.41906000000000004,-0.41706000000000004,-0.42468,-0.43137,-0.42186999999999997,-0.41256000000000004,nan,nan,-0.428,-0.43443999999999994,-0.43171000000000004,-0.41536999999999996,-0.43443000000000004,-0.45576000000000005,nan,-0.42973,nan,nan,-0.4551,-0.45078,nan,nan,-0.45493,-0.45608000000000004,-0.45592,nan,nan,nan,-0.46371,-0.43772,-0.45243,-0.47047,-0.45979,-0.46905,-0.49268,-0.4752,-0.45571999999999996,-0.47457,nan,-0.45187,-0.46316,-0.47745,-0.47908,-0.48102,-0.47116,nan,-0.46879,nan,-0.46998999999999996,-0.48136999999999996,-0.48049,-0.48017,-0.49688999999999994,-0.50583,nan,-0.49193000000000003,-0.49377,-0.48026,-0.48426,-0.50674,nan,-0.49946999999999997,nan,nan,nan,nan,nan,-0.5040600000000001,-0.5082300000000001,-0.5172800000000001,-0.50322,-0.5110600000000001,-0.51477,-0.48381,-0.48673999999999995,-0.50562,nan,-0.50047,-0.5181600000000001,-0.51646,-0.52349,-0.52258,nan,-0.50864,-0.51795,nan,nan,-0.50955,-0.50413,nan,-0.51832,nan,nan,-0.5192100000000001,-0.5071,-0.5063300000000001,-0.52265,-0.5273800000000001,-0.52933,-0.53092,-0.51442,-0.52112,-0.54156,-0.51735,-0.50458,-0.52876,-0.5224300000000001,-0.51288,nan,-0.53838,-0.54176,-0.53803,-0.5187,-0.51276,-0.51472,-0.5153800000000001,-0.5253800000000001,nan,-0.50616,nan,-0.5172800000000001,-0.51648,-0.52381,-0.52712,nan,-0.5113300000000001,-0.53414,-0.53589,-0.51779,-0.5130399999999999,-0.51385,-0.51737,-0.53382,-0.53654,-0.51252,-0.50143,-0.51189,-0.51468,-0.51483,-0.51907,-0.50888,-0.50493,-0.52272,-0.52117,-0.50535,-0.51112,-0.51261,-0.5041899999999999,nan,-0.51781,-0.51345,nan,-0.49783999999999995,-0.51239,-0.52957,-0.5049100000000001,-0.48521000000000003,nan,-0.5273100000000001,nan,-0.51543,nan,-0.51264,-0.51799,-0.5285,nan,-0.51139,-0.5173,-0.5179199999999999,-0.5082800000000001,-0.50552,-0.51202,-0.52076,-0.5290100000000001,-0.52046,-0.49546,-0.49528999999999995,-0.5156,-0.51646,-0.51466,-0.51688,-0.50513,-0.50938,-0.53077,-0.5231100000000001,nan,-0.49316000000000004,-0.49446,nan,-0.48341999999999996,-0.49355,-0.48591999999999996,-0.50217,-0.5038600000000001,-0.46147,nan,-0.47991000000000006,-0.45826999999999996,nan,nan,nan,-0.44797,-0.4566,nan,-0.46185,-0.46586000000000005,-0.45465,-0.45111999999999997,-0.46102,-0.4681,-0.46802,-0.46147,-0.45016999999999996,nan,-0.44895,-0.45761,-0.46901000000000004,-0.47071999999999997,-0.45753,-0.45688999999999996,-0.46763999999999994,-0.45469,-0.44338,-0.45398999999999995,-0.44928999999999997,-0.44292,-0.45535,-0.45173,-0.43308,-0.41998,-0.42203999999999997,-0.44401,-0.44032,-0.40953,-0.41468,-0.43323,-0.42196000000000006,-0.4147,-0.41816000000000003,nan,-0.40164,nan,-0.42043,-0.41972,-0.41329,-0.40554,-0.40510999999999997,-0.40895,-0.40288,-0.39623,-0.3966,nan,-0.39685,-0.4158,-0.41034,nan,-0.40395,-0.39881,-0.38045999999999996,-0.39064,-0.4075,-0.40134000000000003,-0.38552,-0.37246999999999997,-0.36883,-0.37229,-0.37783,-0.38626,-0.38206,nan,-0.37261,-0.3661,-0.33935,-0.32758000000000004,-0.33881999999999995,-0.34804,-0.35266,-0.36095,-0.35886,-0.33285,nan,nan,-0.34805,-0.3316,-0.32383,nan,-0.33923000000000003,-0.31233,nan,-0.34568000000000004,-0.33789,-0.32274,-0.32173,-0.31681,-0.30988000000000004,-0.31972,-0.3178,-0.2863,-0.28383,-0.31685,-0.31215,-0.28812,-0.30014,nan,nan,-0.32955,-0.32955,-0.30494,-0.30641999999999997,-0.32176,nan,-0.3111,-0.31579,-0.32454,-0.3236,-0.31288,nan,nan,nan,-0.28649,nan,-0.31172,-0.29508,-0.28358,-0.28762,nan,-0.2891,-0.29898,-0.29017,-0.28383,-0.3024,-0.32119000000000003,-0.31375,-0.28965,-0.27492,-0.28375,-0.3036,-0.29957,-0.28218000000000004,-0.29705,-0.31067,-0.29751,-0.30694,-0.3235,-0.31235,-0.31246999999999997,-0.3233,-0.31240999999999997,-0.31001999999999996,-0.32992,-0.32376,nan,-0.28712,-0.29939,-0.30514,-0.32343,-0.33454,-0.32384,-0.32645,-0.33579000000000003,-0.33571999999999996,-0.34184000000000003,-0.34707,-0.34865999999999997,-0.34954,-0.33676999999999996,-0.33823000000000003,-0.37344,-0.39085,-0.37932,nan,-0.38792,nan,-0.37154,-0.39278,nan,nan,-0.39411,-0.40189,-0.42346000000000006,-0.44117,nan,-0.4227,nan,-0.40028,-0.4323,-0.44548000000000004,-0.42407,-0.41894,-0.43335,nan,-0.43163,-0.44766999999999996,nan,-0.44683,nan,-0.45453999999999994,-0.4638,-0.46656000000000003,-0.4689,-0.47392,-0.48486999999999997,-0.49356000000000005,nan,-0.50831,-0.50047,-0.49104,-0.50959,nan,-0.52985,-0.52855,nan,-0.55335,-0.53756,-0.55093,-0.5644100000000001,-0.56045,-0.58287,-0.6018100000000001,-0.5902,-0.59763,-0.61623,-0.6139100000000001,-0.60998,nan,-0.6138399999999999,nan,-0.6218899999999999,-0.6278100000000001,-0.6543800000000001,-0.6667,-0.65522,-0.6499199999999999,-0.6499,-0.6471600000000001,-0.6621100000000001,-0.6882,nan,-0.71254,-0.72243,-0.70694,-0.69917,-0.7272,-0.74538,nan,-0.75797,nan,-0.7528,-0.77205,-0.80357,-0.7924899999999999,-0.76859,-0.78446,nan,-0.81905,-0.82862,-0.8361299999999999,nan,-0.8663299999999999,-0.8766700000000001,nan,-0.8667299999999999,-0.85544,-0.85516,-0.86934,nan,-0.89812,-0.9038700000000001,-0.9138799999999999,nan,-0.9415899999999999,-0.95286,-0.9551200000000001,-0.94289,-0.95529,-0.98426,-0.97724,nan,-1.0179,-1.0163,-0.9949899999999999,nan,nan,nan,-1.0376,-1.045,-1.048,-1.0484,-1.0454,nan,nan,nan,-1.0773,-1.1024,-1.11,-1.1078,nan,-1.1107,-1.1191,-1.1128,nan,-1.1,-1.1337,-1.1613,-1.1598,nan,nan,-1.1464,-1.1399,-1.1519,-1.1713,-1.1624,nan,-1.1603,-1.17,-1.1604,nan,-1.1688,-1.1711,-1.166,-1.1711,-1.1718,-1.161,-1.1585,-1.1669,nan,-1.1551,-1.1554,-1.1629,nan,-1.1711,nan,nan,-1.1715,-1.1735,-1.1587,nan,-1.1697,nan,nan,-1.1292,-1.1438,-1.139,nan,-1.1052,-1.0857,-1.0859999999999999,-1.0968,-1.0819,-1.0579,-1.0496,-1.0393,nan,-1.0274,-1.0007,-1.0063,nan,-0.99103,-0.9686899999999999,-0.98992,-0.9775,-0.9378200000000001,-0.92694,-0.9283899999999999,-0.91404,-0.8982899999999999,-0.8922899999999999,-0.88335,-0.87287,nan,nan,-0.80792,-0.79532,-0.79824,nan,-0.74103,nan,-0.7216100000000001,-0.70349,-0.6884100000000001,-0.6600699999999999,-0.64154,nan,-0.58665,nan,nan,-0.54384,-0.49006000000000005,nan,-0.45656,-0.44422,-0.4195,-0.38645,nan,-0.33721,-0.30899,nan,-0.24969,-0.21829,-0.17257,nan,-0.1282,-0.06550299999999999,-0.021476,nan,0.026118000000000002,0.052601,nan,0.17561,0.19932,0.24295999999999998,0.28878000000000004,0.3185,0.38095999999999997,0.42335,0.43437,0.49651000000000006,nan,0.5717300000000001,0.62379,0.69698,0.74632,0.7975800000000001,0.84351,0.86775,0.9002100000000001,0.9628700000000001,1.0284,1.0544,1.0678,1.1303,1.2147,1.2551,1.2759,1.3321,1.3866,1.4108,nan,1.5211,1.5464,1.6091,1.7052,1.7469,1.7778,1.8325,1.8658,1.9091,1.9745,nan,2.05,2.1,nan,2.2179,nan,nan,2.3493,2.3926,2.4128,2.4604,nan,2.5607,2.5839999999999996,2.6206,nan,2.719,2.7710000000000004,nan,2.8465,2.8787,2.9141,nan,2.9881,nan,3.0552,3.0789,3.1317,3.1668,3.1713,3.1866,nan,nan,3.2422,3.2699,3.2668,3.2653,3.2767,nan,nan,nan,nan,3.2938,3.2733,3.2681,nan,3.2495,3.2401,3.2284,3.2098,nan,nan,3.1624,3.156,3.1543,3.1238,nan,nan,3.0728,3.0623,3.0618,3.0455,3.0111,2.978,2.9621,nan,2.9402,2.9193,2.8938,nan,2.8841,2.8645,2.8349,2.8396,2.8238,2.7774,2.7761,2.7822,2.75,2.7461,2.7715,2.7587,2.722,2.7016,2.6853,2.6672,2.6553,2.6313,nan,2.6088,nan,2.5916,2.5832,2.5992,nan,2.559,nan,2.5508,2.515,2.4896,2.4791,nan,nan,2.4419,nan,2.4028,2.3925,2.3846,2.3912,2.4112,2.4044,2.3681,2.3496,2.3481,2.3284,2.2988,2.285,nan,2.2865,2.2574,2.2261,2.2256,nan,2.2233,2.1959999999999997,nan,2.1764,2.1461,2.1039,2.0995,2.1213,2.1242,nan,2.105,2.0716,2.0308,2.0266,2.0358,2.0151,1.9932,1.9986,1.9967,1.9737,nan,1.9572,1.935,1.9269,1.9383,1.9244,1.8923,1.8686,1.8483,1.8413,nan,1.825,1.8125,1.818,1.8272,nan,1.8088,nan,1.7645,1.7695,1.7584,1.7479,1.7414,1.7188,nan,1.6821,1.6847,nan,1.6857,1.6829,1.6737,1.6611,nan,1.6354,nan,1.62,1.6001,1.6130000000000002,1.5926,1.5605,1.5805,1.5943,1.5652,1.5509,1.5668,1.5796,nan,1.5541,1.5227,1.5024,1.5028,1.5022,nan,nan,1.4771,1.459,nan,1.446,1.4357,1.4176,1.4256,1.4319,1.4155,1.4065,1.4011,1.375,1.3665,1.3916,1.3886,1.3696,1.3872,1.3924,1.3685,1.3606,1.3484,1.3328,1.3351,1.3232,1.307,1.3090000000000002,nan,nan,1.2859,1.2594,1.2516,1.275,nan,1.2624,1.2628,1.265,1.2402,1.2241,1.2359,1.236,nan,nan,nan,1.2084,1.1993,1.1929,1.1794,1.1605,1.1521,1.1538,nan,1.1414,1.1282,nan,1.092,1.1006,nan,nan,1.0813,nan,1.0644,1.0647,1.0877,1.0882,1.0566,1.0415,1.0472,1.0417,1.0252,nan,1.0206,nan,nan,nan,1.0076,0.9958299999999999,0.9788100000000001,0.98272,0.98493,0.94924,0.9221600000000001,0.9396899999999999,0.95196,0.94545,0.9466600000000001,0.93891,0.91555,0.89896,0.89149,nan,nan,0.86395,0.8665299999999999,0.8749399999999999,0.86805,0.85262,0.85159,0.8610200000000001,0.86415,nan,0.8619899999999999,0.85629,0.8471700000000001,0.8496100000000001,0.8539200000000001,0.8429200000000001,0.8378399999999999,0.8407399999999999,0.82132,0.79788,0.80035,0.79691,0.76417,0.74053,0.74826,0.75708,0.75227,0.74526,0.7327199999999999,0.71415,nan,nan,0.70443,0.70417,0.7087,nan,nan,nan,0.68594,nan,nan,0.6509,0.64415,0.64554,0.63336,0.6190100000000001,0.6299,0.63478,0.60716,0.59546,0.6177600000000001,0.61307,0.5797100000000001,nan,nan,0.57711,0.55953,0.5714899999999999,0.56794,nan,nan,nan,nan,0.52173,0.53287,0.5344,0.52622,0.52405,0.52418,0.5140399999999999,0.50144,nan,0.51089,0.51374,0.51048,0.49762,0.48702,nan,0.49825,0.48041999999999996,nan,0.47893,0.4767,0.46821999999999997,0.46163000000000004,nan,0.44745,nan,nan,nan,0.43733,0.439,0.43788999999999995,0.44805,0.44941000000000003,0.42787,0.41518999999999995,0.42098,0.4386,0.45418000000000003,0.44131000000000004,0.42565,0.43598000000000003,0.439,0.42228000000000004,0.41496000000000005,0.41748999999999997,0.41476999999999997,0.41435,nan,0.41122,nan,0.41072,0.42362,0.42611000000000004,0.41911000000000004,nan,0.38661999999999996,0.37809,0.38322,nan,0.40226,0.38133,0.35893,nan,nan,0.38335,0.36436,0.36543000000000003,nan,0.3479,0.34042,nan,0.36543000000000003,0.34106,0.32368,0.31656,0.32001999999999997,0.34608,nan,0.34838,nan,0.33537,nan,0.29446,0.29385,nan,nan,0.29822,0.31361,0.30411,0.29555,nan,0.2955,nan,0.28002,0.26835,0.27995,0.28889000000000004,nan,0.25701999999999997,nan,0.25474,nan,0.23621,0.22530999999999998,0.22278,0.23221999999999998,0.22925,nan,0.23199,0.23596,0.19967000000000001,nan,0.21586,0.2165,nan,0.19627999999999998,nan,0.18285,0.184,0.18659,0.18667,0.18382,nan,nan,0.17489000000000002,0.18706,0.17275,0.14245,0.13435999999999998,0.1508,nan,0.1023,0.09183999999999999,0.11441,0.12330999999999999,0.11635999999999999,0.1117,0.09754,0.086876,0.10074,0.095572,0.066009,nan,0.078855,0.063387,0.054002999999999995,0.051986000000000004,0.038205,nan,0.026108999999999997,0.012562,0.01172,nan,0.023171999999999998,nan,nan,0.014284,nan,-0.0043808,0.0059257,-0.009664399999999998,-0.00675,-0.018078,-0.033412,-0.021908,-0.027922000000000002,-0.049043,-0.056399,-0.07031799999999999,-0.083924,-0.082277,-0.092849,-0.11621,-0.11559000000000001,-0.1036,-0.11134000000000001,-0.11549000000000001,-0.10533,-0.11375,-0.13589,-0.14286,-0.14023,-0.14103,-0.14292,-0.14794000000000002,-0.15834,-0.1667,nan,-0.18116,-0.17328,nan,-0.17252,-0.17784,-0.19068,-0.21135,-0.20514000000000002,-0.20355,nan,nan,-0.22634,nan,-0.22898000000000002,nan,-0.2602,-0.26369000000000004,-0.26306,nan,-0.26505,nan,-0.27585,-0.27402,nan,-0.28752,-0.28615,-0.29675999999999997,nan,-0.30064,-0.28194,-0.29617,-0.32455,-0.33349,-0.33355,-0.33576,-0.34288,-0.35594000000000003,-0.35583000000000004,-0.34731999999999996,-0.35825,nan,-0.37232,-0.36822,-0.37059000000000003,nan,-0.37761,nan,-0.39611,-0.39515,-0.39855,nan,-0.40847,-0.40099,-0.41215,-0.42066000000000003,nan,nan,-0.43341,nan,-0.41103999999999996,-0.42268999999999995,-0.43188000000000004,-0.42741999999999997,-0.43467,-0.44461000000000006,-0.44042,-0.44956999999999997,-0.46901000000000004,-0.46126000000000006,-0.4478,-0.4577,-0.46747,-0.46001000000000003,nan,-0.45491000000000004,-0.45811999999999997,-0.47148999999999996,nan,-0.45046,-0.46579,nan,-0.45721000000000006,nan,-0.47989,-0.45863999999999994,-0.46101000000000003,-0.48257,-0.47076999999999997,-0.46121,-0.46908,-0.46886000000000005,nan,-0.46598,nan,-0.46868000000000004,-0.46153999999999995,-0.47141000000000005,-0.49112,-0.48027,-0.46438999999999997,nan,-0.49051000000000006,-0.49033000000000004,-0.4937,nan,-0.47195,nan,-0.49477,nan,-0.46943,nan,-0.48181,-0.46296000000000004,-0.47858999999999996,-0.48683999999999994,-0.46929,-0.46913999999999995,-0.48658999999999997,-0.4892,nan,-0.48577,nan,-0.50093,-0.4827,-0.47444,-0.48293,nan,-0.48662,nan,-0.46912,-0.48525,-0.49448000000000003,-0.49171000000000004,-0.49096000000000006,-0.49533999999999995,-0.5082399999999999,-0.51669,-0.5068,-0.5039600000000001,-0.50608,-0.49962,-0.51163,-0.51558,-0.50151,-0.5154,-0.5099600000000001,-0.4793,-0.50481,-0.52695,-0.49591,nan,nan,nan,nan,-0.48732,-0.48066000000000003,-0.49704,-0.50949,-0.50168,-0.49343000000000004,-0.48863999999999996,-0.49381,nan,nan,-0.48403,-0.49333999999999995,nan,-0.4873,nan,-0.49545,nan,nan,-0.51626,nan,-0.49654,-0.48131,-0.48998,-0.51341,-0.50366,-0.47096000000000005,-0.47235,nan,-0.49515,-0.48244,nan,-0.46955,-0.46156,-0.47226,nan,-0.46989,-0.46537,-0.46817,-0.46567,-0.46934,nan,-0.45397,-0.46753,-0.48067,-0.48011000000000004,-0.48928,-0.48388000000000003,-0.45621000000000006,-0.44788999999999995,-0.46405,-0.4825,-0.49207,-0.48433000000000004,nan,-0.49123999999999995,nan,nan,-0.44478,-0.45053999999999994,-0.45435,-0.45643999999999996,-0.46298999999999996,-0.46878000000000003,-0.46675,-0.45702,-0.45407,-0.4728,-0.47242,nan,-0.43842,-0.46826,-0.45381000000000005,-0.4386,-0.44478,nan,nan,-0.42116000000000003,-0.42081,-0.41498,-0.42033999999999994,-0.4205,-0.41525,nan,-0.42072,nan,-0.41075,-0.41972,-0.40876999999999997,-0.40564,-0.40457,nan,nan,nan,-0.37306999999999996,-0.35977,-0.35811,-0.37256999999999996,-0.37751999999999997,-0.35153,-0.33539,-0.34593,-0.3363,nan,nan,-0.33361,-0.31424,-0.31087,-0.31282,nan,-0.29913,-0.30755,-0.30382,-0.28317,-0.27283,-0.28031,-0.28631999999999996,-0.27707,-0.26828,-0.25661999999999996,-0.2626,-0.27529000000000003,-0.24253000000000002,-0.26791,-0.26805,-0.15957000000000002,-0.28028000000000003,-0.29393
1.0,0.6076,0.50774,0.6301,0.5572600000000001,0.5867399999999999,nan,0.5622,0.54789,nan,0.5429,0.55225,0.56739,0.5635,0.5627800000000001,0.5623600000000001,0.58235,0.5574399999999999,0.53146,nan,0.5867,0.5806,0.56038,nan,0.56075,0.55415,0.53289,0.5614899999999999,0.55184,0.5191100000000001,0.54491,0.54377,0.50512,0.49791,0.5041800000000001,0.49391999999999997,0.47476,nan,0.46036000000000005,0.46074,nan,0.44125,nan,0.45361999999999997,0.4543,nan,0.43609,0.38006,0.38909,0.40291,nan,0.43141999999999997,0.4022,0.37889,0.39611,0.37956999999999996,0.36098,0.35070999999999997,0.37695,nan,0.30484,0.31799,0.31266,0.29574,0.29456,0.29862,0.28588,0.27119,0.27729000000000004,0.27159,0.2516,0.23365999999999998,0.22814,0.24964,0.24666,nan,nan,nan,0.23087,0.25286,nan,0.22343000000000002,nan,nan,nan,nan,0.19066,0.18986,0.20935,0.21409,nan,nan,0.16303,nan,0.16856,0.19593,nan,nan,0.18269000000000002,0.13981,0.15150999999999998,nan,nan,0.1296,0.1067,0.14328,nan,0.058158,0.09958,0.10830999999999999,0.10849,0.10745999999999999,0.12734,0.11064,0.075476,nan,0.043723000000000005,0.045709,0.045489999999999996,nan,0.0080681,nan,-0.006852199999999999,-0.0072957,0.0022879000000000003,-0.039244,-0.038138,-0.035857,nan,-0.015740999999999998,-0.053939,nan,-0.039727,-0.056223,-0.054061,-0.078043,-0.053775,nan,-0.08254500000000001,-0.057607000000000005,-0.10138,-0.05393099999999999,-0.049563,-0.098666,-0.066675,-0.05815599999999999,-0.087228,-0.10161,-0.12132000000000001,-0.11975999999999999,-0.11825999999999999,nan,-0.11362,-0.12924000000000002,-0.13679000000000002,-0.14072,-0.16227,-0.18166,-0.20055,-0.19941,-0.21331,-0.22316999999999998,nan,-0.24816999999999997,nan,-0.2429,-0.22061999999999998,-0.24095999999999998,-0.22413000000000002,-0.23755,-0.27084,-0.29054,-0.30272,nan,-0.27795,-0.30064,nan,-0.31854,nan,-0.31056999999999996,-0.32385,-0.30648000000000003,-0.31527,nan,-0.38429,nan,-0.35753,nan,-0.38705,-0.3881,-0.38731,-0.38672,-0.38386,nan,-0.40808,-0.40465,nan,-0.40743,nan,-0.41813,-0.44088,nan,-0.41445,nan,-0.42896999999999996,nan,-0.4425,-0.45433999999999997,nan,-0.42741,-0.42505,-0.46025,-0.48796000000000006,nan,nan,-0.45146000000000003,-0.44637,-0.4437,-0.45668000000000003,-0.46493999999999996,-0.42776000000000003,nan,-0.44987,-0.4485,-0.43473,-0.43041,-0.45121000000000006,-0.44883999999999996,nan,nan,-0.43538000000000004,-0.42663,-0.48778999999999995,nan,-0.48316000000000003,nan,-0.45015,-0.48633999999999994,-0.48685,nan,nan,-0.46757,-0.5111600000000001,-0.48793000000000003,nan,nan,-0.50237,nan,-0.4807,-0.49043000000000003,-0.48675,-0.48967,-0.51076,-0.5333399999999999,-0.4963,-0.49466000000000004,-0.51486,-0.50453,-0.51147,nan,-0.51077,-0.51252,-0.4904,-0.49663999999999997,-0.51974,-0.53364,nan,-0.53399,-0.53382,-0.48718,-0.53473,-0.54608,-0.5239,-0.52662,-0.5078699999999999,-0.53413,nan,-0.52715,-0.5374,-0.5020600000000001,-0.48848,-0.5202600000000001,-0.5303899999999999,-0.53196,nan,-0.5294,-0.53314,-0.51639,nan,-0.50835,-0.5106,nan,-0.50913,-0.51585,nan,-0.5194,nan,-0.4687,-0.51675,-0.50985,-0.50953,-0.50963,-0.5112800000000001,nan,-0.49877,-0.5363399999999999,-0.50021,-0.49083999999999994,-0.5121,-0.47431,-0.48827,nan,-0.49815,-0.51804,-0.5018199999999999,nan,-0.55105,-0.50481,-0.48762,-0.5234800000000001,-0.49101000000000006,-0.49462,-0.5099199999999999,nan,-0.53005,nan,-0.50205,nan,-0.49706999999999996,-0.48883999999999994,-0.48708999999999997,nan,nan,-0.51593,-0.50613,-0.5068199999999999,-0.5132899999999999,-0.50049,-0.4921,-0.51159,-0.46996000000000004,-0.50243,nan,-0.47886999999999996,-0.5158699999999999,nan,-0.5320600000000001,nan,-0.5263399999999999,-0.51145,-0.44633,-0.47452,-0.5141100000000001,-0.47698,-0.47268999999999994,-0.49018999999999996,-0.47003,nan,-0.48758999999999997,-0.49033000000000004,-0.47853,-0.47418000000000005,-0.51203,-0.49161000000000005,-0.48402,-0.4949,-0.46266999999999997,nan,-0.4839,nan,-0.44864,nan,-0.44217,-0.49287,nan,-0.4469,-0.45247,-0.44445,-0.45109,nan,-0.46393999999999996,-0.49166000000000004,-0.45151,-0.42777,-0.44763000000000003,-0.4264,-0.47303999999999996,-0.47562,-0.42744,nan,-0.47647,-0.45771999999999996,-0.44546,nan,nan,nan,-0.4402,nan,-0.46326000000000006,-0.43176000000000003,-0.43306000000000006,nan,-0.40714,-0.42033999999999994,-0.46651000000000004,-0.45533,-0.44993999999999995,-0.48311000000000004,-0.48052,-0.44478,-0.44996,-0.46974,-0.45408000000000004,nan,nan,-0.43772,nan,-0.45164,-0.45011,-0.44478,-0.46968000000000004,-0.44325,nan,-0.46341000000000004,-0.46381000000000006,-0.4485,nan,-0.4463,-0.4656,nan,-0.44127,-0.4543,-0.47273999999999994,-0.46786000000000005,-0.44947,-0.46708,-0.45725,-0.43938,-0.45963999999999994,-0.46921,nan,-0.46953999999999996,nan,-0.44464,-0.46563000000000004,-0.45941000000000004,nan,-0.45327,-0.44185,-0.42899,-0.44882,-0.44618,-0.46579,-0.44911,-0.41578000000000004,-0.43498000000000003,-0.45101,-0.47173000000000004,-0.47234,-0.43465,-0.42922,-0.4743,nan,-0.43633,-0.46903,-0.4268,-0.44445,-0.45728,-0.42276,-0.44355,-0.43635,-0.43118999999999996,-0.4476,-0.42843000000000003,-0.46403,-0.49118,-0.47291000000000005,-0.46665,-0.46985,-0.46488,-0.44576000000000005,-0.45019,-0.46942,-0.45547,-0.43021000000000004,-0.43051999999999996,-0.462,-0.46313999999999994,-0.44943,-0.47113999999999995,-0.47078000000000003,-0.45703999999999995,nan,-0.44933999999999996,nan,-0.44575,-0.44696,-0.42871000000000004,nan,-0.46153999999999995,-0.42458,-0.4372,nan,-0.44725,nan,-0.4293,-0.42158999999999996,-0.46416,-0.44688,nan,nan,-0.43213999999999997,-0.41023000000000004,-0.46948999999999996,nan,-0.44068999999999997,-0.45521000000000006,-0.42776000000000003,-0.39709,nan,-0.42733999999999994,-0.42695,-0.46631000000000006,-0.44393,-0.4136,-0.44264,-0.44091,-0.42673,nan,nan,-0.40919,-0.41785,-0.42956000000000005,-0.42455,-0.42611000000000004,-0.42807,nan,-0.4265,-0.44846,-0.43012,-0.43738999999999995,-0.44209,-0.42339,nan,-0.40669,-0.42478999999999995,nan,-0.43653000000000003,-0.41643,-0.43845,-0.4065,-0.39633,-0.47218999999999994,-0.45246000000000003,-0.44643,-0.43466000000000005,-0.42526,-0.41725,-0.40819,-0.42862,nan,nan,nan,-0.40981000000000006,-0.43775,-0.41093,-0.41096000000000005,-0.42733999999999994,-0.40736999999999995,-0.40387,-0.4243,-0.41698,-0.39501,-0.41949,-0.42007,-0.40831999999999996,nan,nan,-0.42196000000000006,nan,-0.40784000000000004,-0.43377,nan,-0.42978999999999995,-0.42907,-0.40668000000000004,-0.41986,-0.43018999999999996,-0.4229,-0.42527,-0.39713000000000004,nan,nan,-0.41031999999999996,-0.41888000000000003,-0.4185,nan,-0.43351999999999996,-0.391,nan,-0.44932,-0.41268,-0.41434,-0.43367,-0.42088000000000003,-0.42644,-0.39835,nan,nan,-0.40248,-0.44228,nan,-0.38109,-0.41185,-0.37767,nan,nan,nan,-0.38195,-0.39409,nan,-0.42085,-0.40660999999999997,-0.42927,-0.42846000000000006,-0.42822,-0.41121,-0.41076,-0.43422,-0.41736999999999996,-0.40731,-0.42936,-0.43033000000000005,-0.39471,nan,nan,-0.39871,-0.38542,-0.4122,-0.42846999999999996,-0.42663999999999996,-0.4314,-0.40660999999999997,-0.41831,-0.4151,nan,nan,nan,-0.40786,nan,-0.43723999999999996,-0.40342,-0.42485,-0.4421,nan,-0.40768000000000004,-0.38825,-0.41365,-0.43487,-0.4186,-0.43263999999999997,-0.41912,nan,-0.42855,-0.42801999999999996,-0.43856000000000006,-0.45799999999999996,-0.41722,nan,nan,-0.45433999999999997,-0.45103999999999994,-0.40585,-0.43773999999999996,nan,-0.42616000000000004,-0.4578,nan,nan,-0.46965,nan,-0.40931,-0.42376,-0.46075,-0.43163,-0.43412,nan,nan,-0.46733,nan,nan,-0.44991000000000003,nan,-0.46635,-0.42563999999999996,-0.42725,-0.42755,-0.43877,-0.45198,-0.44311000000000006,-0.45336000000000004,-0.47116,nan,-0.42578999999999995,-0.46616,-0.45278,-0.45798999999999995,-0.46261,-0.44806,-0.47293999999999997,-0.47031000000000006,-0.47031999999999996,nan,-0.48438000000000003,-0.47751000000000005,-0.46751000000000004,-0.46603,-0.47408999999999996,-0.48927,-0.46874,-0.50427,-0.48588000000000003,-0.46731999999999996,-0.49721000000000004,-0.48147,-0.4924,-0.48928,-0.46797,-0.50185,nan,-0.51718,nan,-0.53251,-0.55399,-0.53208,-0.52595,nan,nan,-0.5551699999999999,-0.56094,nan,-0.5553,-0.5535100000000001,-0.56993,-0.57417,-0.58043,-0.5913,-0.55543,-0.55911,-0.59523,-0.59375,nan,-0.59386,-0.579,nan,-0.60633,-0.60614,-0.59487,-0.63477,-0.6348600000000001,-0.64752,-0.65638,-0.65885,-0.68155,-0.6989,-0.69355,-0.65784,-0.63888,-0.62263,-0.67433,-0.69334,-0.7088,-0.73488,-0.6947,-0.71595,-0.71906,nan,-0.7124199999999999,-0.72693,-0.73161,-0.71845,nan,-0.75977,-0.75171,nan,-0.74054,-0.79409,-0.8391799999999999,-0.79009,-0.80252,-0.8218799999999999,nan,nan,-0.8257899999999999,nan,-0.84157,-0.83842,-0.8408,-0.85713,-0.8976200000000001,-0.8897200000000001,nan,-0.90665,-0.8648100000000001,-0.89674,-0.96555,nan,-0.95189,-0.9674799999999999,-0.96319,-0.95183,-0.94919,-0.98836,-0.98688,-1.0208,-1.0289,-1.0207,-1.0239,-1.033,-1.0759,-1.0353,-1.008,nan,nan,nan,-1.0828,nan,-1.1103,-1.1072,-1.1092,-1.1245,-1.1368,-1.1013,-1.1392,-1.1684,-1.1491,nan,-1.1521,nan,-1.1903,-1.1896,-1.1904,-1.194,-1.2169,-1.2337,-1.2337,nan,-1.2715,-1.2705,-1.2822,-1.2905,-1.2697,-1.2770000000000001,-1.2769,-1.2685,-1.3071,nan,-1.301,nan,-1.3243,-1.2947,nan,-1.3302,-1.3628,-1.3804,-1.3688,nan,-1.3998,-1.4208,nan,-1.3951,-1.4240000000000002,-1.4429,-1.4354,-1.4380000000000002,-1.4414,-1.4604,-1.4595,nan,-1.4541,nan,-1.4786,-1.482,-1.5032,-1.5019999999999998,-1.5001,-1.5153,-1.5354,-1.5485,-1.5724,-1.5767,-1.537,-1.5455,nan,-1.5793,nan,-1.6308,-1.6147,nan,-1.6077,nan,-1.6389,-1.6827,-1.6684,-1.676,-1.6728,-1.6409,-1.6697,-1.6884,-1.7235,-1.7144,-1.7095,-1.7357,nan,-1.7161,-1.7755,-1.7719,nan,-1.7828,nan,-1.81,-1.8241,-1.81,-1.8312,-1.8112,-1.8267,-1.8174,-1.8084,nan,-1.8709,nan,-1.8335,-1.8727,-1.874,nan,nan,-1.8733,-1.8661,-1.8788,nan,-1.8730000000000002,-1.9086,-1.8863,-1.871,-1.9078,-1.9093,nan,-1.9138,-1.9136,-1.9122,-1.9214,-1.9428,-1.9093,-1.8932,-1.8894,-1.8979,-1.9551,-1.9193,-1.9231,-1.923,nan,-1.9317,-1.9113,-1.9363,-1.9181,-1.891,-1.9049,-1.9199,-1.9388,-1.9233,-1.9151,-1.9357,-1.9155,nan,-1.9088,-1.9226,-1.9277,-1.9075,-1.9140000000000001,-1.9148,-1.9132,-1.9106,-1.9142,-1.8984,-1.8959,-1.9146,-1.9124,nan,nan,-1.9269999999999998,-1.936,-1.9216,-1.909,-1.9461,-1.9504,-1.9146,-1.9342,-1.9122,-1.9306,-1.9021,-1.8748,-1.9151,-1.8671,-1.8728,-1.8971,nan,-1.8433,-1.8603,-1.8707,-1.841,-1.8332,-1.8534,-1.8312,-1.8344,nan,-1.7969,-1.7983,-1.7654,-1.7686,-1.7298,-1.7266,-1.6996,-1.6771,nan,-1.6832,-1.6866,-1.6880000000000002,nan,-1.6685,-1.6629,-1.6562,nan,-1.6273,-1.6463,-1.6239,-1.5853,-1.5697,-1.5357,-1.5716,nan,-1.5167,nan,-1.5216,nan,-1.4843,-1.4741,nan,-1.4711,-1.4495,-1.4395,-1.4407,nan,nan,-1.3489,-1.3781,-1.3419999999999999,-1.2887,-1.3162,-1.2756,-1.2702,-1.2949,-1.2788,nan,-1.2356,-1.2031,-1.1899,-1.1517,-1.1104,-1.0953,-1.0681,-1.0713,-1.0490000000000002,-1.0251,nan,-0.98787,nan,-0.9640799999999999,-0.93111,-0.87249,-0.8535,-0.83329,-0.84285,-0.84198,-0.7842600000000001,-0.76455,-0.72532,-0.72565,-0.72419,nan,-0.65676,-0.63744,nan,nan,-0.52167,nan,-0.46913,-0.46197,nan,-0.44856,-0.42055,-0.35445,-0.34181,-0.33119,-0.24553000000000003,-0.20178,-0.22271,-0.18402000000000002,nan,-0.09148300000000001,-0.06377999999999999,-0.034738,-0.013730000000000001,-0.008440000000000001,0.048091,0.065092,0.11292,0.1548,0.14712999999999998,nan,0.25603000000000004,0.22981,0.27696,0.31464000000000003,0.31951999999999997,0.41167,0.45364,nan,0.53298,0.5455800000000001,0.56301,0.57613,0.6655300000000001,0.69912,0.68319,0.7368899999999999,0.78127,0.84509,0.8925,nan,0.91427,0.9596399999999999,0.9517,1.0119,1.0655,1.057,1.0787,nan,1.162,1.2316,nan,1.256,1.2926,1.3073,nan,1.3259999999999998,1.3493,1.4184,nan,1.4573,nan,1.5178,nan,1.506,1.5481,1.5488,nan,1.5955,1.5681,1.5752,1.5737,nan,1.5919,1.5944,1.5982,1.587,1.5746,1.5963,nan,1.5929,nan,1.5911,nan,1.5849,1.5766,1.5945,1.5745,1.5714,1.5855,1.6146,1.5999,nan,nan,nan,1.5741,1.5552,1.5538,1.5412,1.5385,1.5543,1.5254,1.4891,1.4702,1.4707,1.4674,1.4828,1.4932,1.4898,nan,1.4295,nan,1.4895,1.4953,1.4713,1.4409,1.4543,1.4455,1.4493,1.4884,1.4922,1.4936,1.4803,1.4687,1.4713,1.4980000000000002,1.5113,1.4373,1.4246,1.4315,1.4446,1.4821,1.4582,1.4292,1.4694,1.4798,1.4088,nan,1.4864,1.4340000000000002,nan,1.4448,1.4478,1.4728,1.4461,nan,1.5088,1.4478,nan,1.4675,nan,1.4682,nan,nan,nan,1.4756,1.4638,1.4496,1.4694,1.4523,nan,1.48,1.4547,nan,1.5005,1.5114,1.5112,1.5164,nan,nan,1.4986,1.4652,1.5014,1.5104,1.4908,nan,1.5167,1.501,1.4863,1.4994,1.5114,1.4896,1.4894,1.5089,1.5165,1.5004,1.4886,nan,1.5163,1.5105,nan,1.526,1.5356,1.5422,1.5521,1.5243,1.5114,nan,1.531,1.5365,nan,nan,nan,1.5194,nan,1.5321,1.51,1.5435,1.5597,1.5399,1.5339,nan,1.5345,1.5328,1.5294,1.5688,1.5542,1.5226,nan,1.5497,nan,1.5327,1.5516,1.5403,1.5279,nan,1.554,1.5509,1.53,1.5319999999999998,1.5728,1.5455,1.5281,1.5404,1.5653,1.5671,1.5314,1.5331,1.5296,nan,1.5555,1.5248,1.5406,1.558,1.5725,1.5349,nan,1.5802,1.5448,1.5411,1.5499,1.5327,1.5538,1.5527,nan,1.5848,1.5499,1.5752,1.5912,1.5732,1.5718,1.5505,nan,1.5969,1.5585,1.5916,1.5886,nan,1.5734,1.5738,nan,1.5878,1.5991,nan,1.5988,1.5902,1.5734,nan,nan,1.5977,1.5877,1.6149,1.6299,1.5901,nan,1.6117,1.6515,nan,nan,1.6252,nan,1.5969,nan,1.6144,nan,1.6237,1.6199,1.6456,1.659,1.653,1.6344,1.636,1.6286,1.6664,nan,nan,1.6802,1.6772,1.6771,1.6391,1.6449,1.6735,1.6797,1.6704,1.6558,1.6799,1.6776,1.6553,1.6722,1.6784,1.6792,nan,1.6564,1.6786,1.6579,1.6307,1.6693,nan,1.6514,1.6582,1.6555,1.6556,1.6553,1.6587,nan,1.6453,1.6591,1.6589,1.6814,1.6752,1.6559,1.6709,1.6856,1.6580000000000001,nan,1.6718,nan,1.6772,nan,1.6382,1.6288,nan,1.6711,1.6188,1.6216,nan,1.676,nan,1.6322,1.6602,nan,1.6203,1.6196,nan,1.618,1.6115,1.6323,1.6272,1.6123,1.618,1.6146,1.6155,nan,1.6253,1.5951,1.6078,1.6113,1.5935,1.6205,1.6153,1.5583,1.5464,1.5689,1.575,1.5742,1.5698,1.5262,1.5113,1.5516,1.5230000000000001,1.5179,nan,1.5271,1.5401,1.5517,1.5335,nan,nan,1.4966,nan,1.5208,1.4869,nan,1.4709999999999999,1.4484,1.4638,1.4752,1.4605,1.446,1.4509999999999998,1.4472,1.43,1.4289,1.4408,1.46,1.421,1.3814,nan,1.3872,1.3879,1.3701,1.357,1.3213,1.3077,1.3338,1.3213,nan,nan,1.3069,1.2924,1.2786,1.2957,1.304,1.2786,nan,1.2651,1.2637,1.2693,1.2527,1.2437,1.2428,1.2471,nan,1.2283,1.2,1.208,1.1876,nan,1.1723,1.1378,1.1397,nan,1.1179,1.1197,1.1236,1.1029,nan,1.0403,1.0573,nan,nan,nan,1.0069,0.9857600000000001,0.9804,0.9951399999999999,0.9540000000000001,nan,0.9737299999999999,nan,0.9309,0.91719,0.9356200000000001,nan,0.91284,0.9368700000000001,0.8884299999999999,nan,0.8790100000000001,0.86749,0.87835,0.8922100000000001,0.85236,0.81194,0.8147,nan,0.79325,0.78063,nan,0.7883100000000001,0.74854,0.74485,0.7397199999999999,0.71946,0.74474,0.7386199999999999,0.69993,nan,0.6854399999999999,0.68739,0.67348,0.6605,nan,0.62624,0.6085,nan,0.62697,0.60661,0.59026,0.57457,nan,0.54811,0.56342,0.54072,0.54113,0.54381,0.54322,nan,0.51054,0.49745,0.47616,0.45936000000000005,0.47858,0.48518,0.46792,0.44993,0.43521000000000004,0.44397,nan,0.3755,0.37271,0.40156,0.36738000000000004,0.36496999999999996,0.37855,0.34736999999999996,0.33415,0.31292,0.31059000000000003,0.32482,0.26995,0.26026,nan,0.24794000000000002,0.25531,nan,0.26094,0.21145,0.24615,0.23349,nan,0.25551999999999997,nan,0.23099,nan,0.20334000000000002,0.21243,0.17185999999999998,0.18093,0.19225,0.19218,nan,0.15584,0.13252,0.12573,nan,nan,0.089227,0.10955,nan,nan,0.10369,0.11818,0.089464,0.064987,0.06663200000000001,0.067726,0.068462,0.012784,nan,0.024822,-0.0085467,-0.012015999999999999,0.013586,0.024701,-0.014058000000000001,-0.016527,nan,-0.041651,-0.033871,-0.06749400000000001,-0.042549000000000003,-0.018427000000000002,-0.075938,-0.043952,-0.044608999999999996,-0.054939999999999996,-0.06531100000000001,nan,-0.035098000000000004,-0.056968,-0.054451,-0.091474,-0.075196,-0.042408,-0.066733,-0.07736599999999999,-0.07521599999999999,-0.07825399999999999,nan,-0.094416,-0.11387,-0.11389,nan,nan,-0.057695,-0.12094,-0.12207,-0.11603,-0.11694,nan,-0.132,nan,nan,-0.12007999999999999,-0.11414,-0.15329,-0.14919000000000002,nan,nan,-0.14645,-0.1576,-0.13921,nan,-0.10732,-0.099288,-0.13712,-0.12712,-0.12104000000000001,nan,-0.1391,nan,-0.13505999999999999,-0.15,-0.15461,-0.12465,-0.12129000000000001,-0.13982999999999998,-0.13945,-0.12142,-0.11499000000000001,nan,-0.13567,-0.10082999999999999,-0.075075,-0.10117000000000001,-0.10055,nan,-0.053942,-0.052142999999999995,-0.05935700000000001,-0.04388,-0.042429,-0.078029,-0.057645,nan,-0.052695000000000006,-0.061536,-0.031402,nan,nan,-0.075848,-0.07584500000000001,-0.080163,nan,-0.051797,-0.056567,nan,-0.05769199999999999,-0.05545800000000001,-0.053117,nan,-0.041785,-0.055934000000000005,-0.072263,-0.054821,nan,-0.077813,nan,-0.068396,-0.04194,-0.075579,-0.060173000000000004,-0.030911,-0.038173,-0.037341,-0.019119,0.017903,0.036308,nan,0.0095803,-0.00014151,-0.014622,0.004706800000000001,0.0059873999999999995,0.007090300000000001,0.0030870999999999997,0.020367,nan,0.036519,0.067905,0.044825,0.060757000000000005,0.089446,nan,0.062515,0.07786699999999999,0.08688799999999999,0.064983,0.086149,0.12688,0.11595,0.10699000000000002,0.11722,0.13963,0.14951,0.15074,0.16938,nan,0.18821,0.18349000000000001,nan,0.20793000000000003,0.20818000000000003,0.19146,0.2109,0.22951999999999997,nan,0.21871999999999997,0.22071,0.23278000000000001,0.20754,0.21463000000000002,0.23141,0.22846,0.25259000000000004,0.24064000000000002,nan,0.22630999999999998,0.2425,0.2722,nan,0.23747,0.19377,0.23142,0.23969000000000001,0.2232,0.27884000000000003,0.2513,nan,0.24273000000000003,nan,0.31316,0.30349,nan,0.31566,nan,0.29822,0.27269,0.29355,0.28870999999999997,0.32332,0.35495,0.30848000000000003,0.31367,0.29836,0.29086,0.30239,0.27793,nan,0.26245,0.25743,0.25113,nan,0.31577
5.0,0.22737,0.10767,0.082787,nan,nan,nan,0.18413,nan,0.13931,nan,0.16495,0.15479,0.15403,0.16594,0.18070999999999998,0.17705,0.16514,0.16552999999999998,0.16551,0.15173,0.14683,0.16897,0.19533,0.19968,nan,0.19504000000000002,0.20723000000000003,0.2113,nan,0.20969000000000002,nan,0.20870999999999998,0.20110999999999998,nan,nan,0.21878000000000003,0.22432,0.20776,0.20538,nan,0.20745,nan,0.20461,0.20808000000000001,0.18773,0.17923,0.17969000000000002,0.16959000000000002,0.16743,0.16441,0.14470999999999998,0.14063,0.15367,0.14683,0.12942,0.12322000000000001,0.10885,nan,nan,0.061117,0.076093,0.0645,0.044282,nan,0.039481999999999996,0.038475,0.048391,0.052405999999999994,nan,nan,0.03858,nan,0.00134,-0.0035609,-0.0029978,nan,-0.0052682,nan,-0.066694,-0.073167,-0.068886,-0.09033,-0.1008,-0.086674,-0.099064,-0.1169,-0.10352,-0.11195,-0.15005,-0.15982000000000002,-0.1566,-0.17808,nan,-0.198,-0.20243,-0.22250999999999999,-0.23564000000000002,-0.22553,-0.21370999999999998,-0.2209,nan,nan,-0.23383,-0.24515,-0.2443,-0.24436999999999998,-0.26056,-0.27054,-0.27192,nan,nan,-0.28065,-0.27282,-0.29564,-0.297,-0.28331,-0.29435,-0.31137,-0.31376,-0.31340999999999997,-0.31866,-0.33048,-0.34065,-0.34175,-0.34171999999999997,-0.3421,-0.33976,-0.34346,nan,-0.35836999999999997,-0.35543,nan,-0.38545,-0.37758,-0.35691999999999996,-0.36801999999999996,-0.38632,-0.38411,-0.38954,-0.39912,nan,-0.41042,-0.43211000000000005,-0.43973999999999996,-0.44205,-0.43651,-0.42727,nan,-0.4394,-0.43833,-0.46201000000000003,-0.48855,-0.48538000000000003,-0.48533999999999994,-0.49973999999999996,-0.48858999999999997,-0.46405,-0.47886000000000006,-0.52082,nan,-0.51988,-0.5231600000000001,nan,-0.53433,-0.52473,-0.54775,-0.57128,-0.55804,-0.54978,-0.5797899999999999,-0.59788,-0.58349,-0.58526,nan,-0.59134,nan,-0.62467,-0.60738,nan,-0.61045,-0.61035,-0.61505,-0.63752,-0.64044,nan,-0.6399199999999999,-0.62639,-0.62758,-0.6519,-0.65745,-0.6479600000000001,-0.64013,-0.6329100000000001,-0.64553,-0.6673,-0.66859,-0.66651,-0.66856,-0.66345,-0.67365,-0.69512,-0.69015,-0.6735899999999999,-0.6802600000000001,-0.6996600000000001,-0.71316,nan,-0.73423,-0.73773,-0.73925,nan,nan,-0.7526,-0.75144,-0.7472,nan,-0.7497199999999999,-0.77551,-0.76822,nan,-0.72765,-0.75222,-0.75358,-0.74971,nan,-0.74164,-0.73837,nan,-0.75358,nan,nan,nan,-0.7487699999999999,nan,-0.76008,-0.76788,-0.76727,nan,-0.76852,-0.76715,-0.75874,nan,-0.7814,-0.75376,-0.7593300000000001,nan,-0.76822,-0.77217,-0.79638,-0.7853100000000001,-0.7827,-0.80988,nan,-0.8004899999999999,-0.79572,-0.78328,-0.78017,-0.7968,-0.80577,-0.80924,-0.8243,-0.8279799999999999,-0.81011,-0.80977,-0.8235100000000001,-0.80882,-0.79619,-0.81519,nan,-0.8087300000000001,-0.81818,-0.81731,-0.80897,-0.82644,-0.84149,-0.8370200000000001,-0.82749,-0.81028,-0.8103600000000001,-0.8409700000000001,-0.84895,-0.8200200000000001,-0.80418,nan,-0.82311,nan,-0.80053,-0.8106,-0.82321,-0.81237,nan,-0.82189,-0.8103199999999999,-0.7952199999999999,nan,-0.82888,nan,-0.8094100000000001,-0.8042699999999999,nan,-0.82949,-0.8385600000000001,-0.81898,nan,-0.8220000000000001,nan,-0.82531,-0.8204899999999999,-0.82196,nan,-0.80666,-0.8074899999999999,-0.80357,-0.82237,-0.8366899999999999,-0.81465,-0.8017,nan,-0.8072199999999999,-0.81263,-0.8230799999999999,-0.81214,nan,-0.80955,-0.8094899999999999,-0.8036800000000001,-0.8095,-0.81005,-0.80118,-0.81207,-0.8333200000000001,-0.83621,-0.8381,-0.8404,-0.8159,nan,-0.80232,-0.8131,-0.8057300000000001,-0.80509,-0.81205,-0.8046300000000001,-0.79398,-0.80165,-0.80705,-0.79625,nan,-0.80917,nan,nan,nan,nan,nan,-0.79055,-0.7694300000000001,-0.7649100000000001,-0.78617,-0.7965,-0.78391,-0.78089,-0.78246,-0.7684,nan,nan,-0.77669,nan,nan,-0.7549100000000001,-0.75768,-0.7823100000000001,-0.74864,-0.72282,-0.74821,-0.7411399999999999,-0.7218100000000001,-0.7458100000000001,-0.75875,nan,nan,nan,-0.7331,-0.7249800000000001,nan,nan,-0.6957300000000001,-0.69476,nan,-0.68257,-0.6765,-0.68179,-0.6818,nan,-0.6814,-0.67206,nan,-0.64079,-0.65341,-0.64295,-0.63969,-0.65278,-0.64566,-0.63648,-0.63958,-0.6240100000000001,-0.6068399999999999,-0.62116,-0.63894,-0.6335,-0.62484,nan,-0.61985,-0.61187,-0.61258,-0.60444,nan,-0.5844699999999999,-0.6010300000000001,-0.5986199999999999,nan,-0.6025,-0.61236,nan,-0.57449,nan,-0.57163,-0.59018,-0.6108,-0.61256,-0.60819,-0.59882,-0.5818399999999999,-0.58599,-0.59755,-0.58567,nan,-0.5969,-0.5965199999999999,-0.5955600000000001,-0.5847,-0.5617800000000001,-0.57998,-0.59844,-0.56406,-0.55982,-0.58329,-0.54838,-0.51835,nan,nan,-0.5551,-0.54266,-0.50137,-0.50685,-0.54086,-0.52266,-0.51,-0.52666,nan,-0.49532,-0.5260600000000001,-0.53552,-0.5118699999999999,-0.49796999999999997,-0.49509,-0.49793000000000004,nan,-0.52408,-0.5211600000000001,-0.51247,-0.50257,-0.48768,-0.48495,-0.5029100000000001,-0.50989,nan,-0.50033,-0.52031,-0.52676,-0.50783,-0.48523999999999995,-0.48505,-0.49563,-0.49033999999999994,nan,nan,-0.5102899999999999,nan,-0.46281000000000005,-0.48162,-0.49773999999999996,-0.48623,nan,-0.48418,-0.46197,-0.45283999999999996,-0.47108,-0.4742,-0.45966,-0.45585,-0.46403999999999995,nan,-0.45388,-0.42867,-0.43346999999999997,-0.45679,-0.45903999999999995,-0.44391,-0.42682,-0.42103,-0.43711000000000005,nan,-0.40797,-0.39482,-0.41528000000000004,-0.41791999999999996,-0.40465999999999996,nan,-0.42927,-0.41344,-0.39889,nan,-0.43145,-0.40998999999999997,-0.39226,-0.41613,-0.44206000000000006,nan,nan,-0.41248,-0.40145,-0.3946,-0.39945,-0.39966,-0.39194,-0.38316999999999996,-0.38040999999999997,nan,nan,nan,-0.3832,nan,-0.40415999999999996,-0.38348000000000004,-0.38716999999999996,-0.41018000000000004,-0.40225,-0.38261,-0.39233,-0.39696,nan,-0.33929000000000004,nan,-0.37091999999999997,-0.3503,nan,nan,-0.32799999999999996,nan,-0.32879,-0.33848,-0.34195,-0.32189,-0.29928,-0.31165,-0.32838,-0.31761999999999996,-0.3116,-0.31383,-0.30268,-0.29686,-0.30016,-0.29879,-0.30575,-0.31527,-0.31376,-0.31943,-0.3278,-0.31815,nan,-0.29786,-0.28744000000000003,-0.28219,-0.28684,-0.29655,-0.30528,-0.29485,-0.27314,-0.27429000000000003,-0.28735,-0.28625,-0.28453,-0.2839,-0.27287,-0.27209,-0.29031,nan,-0.2881,-0.26442,-0.25456,-0.2705,-0.28799,nan,-0.28341,nan,nan,nan,-0.27515,-0.28585,-0.27668000000000004,-0.27079000000000003,nan,-0.28481,nan,nan,-0.2744,-0.28465,-0.27259,-0.27471,nan,-0.27466,-0.26679,-0.29583000000000004,-0.30472,-0.26746,nan,-0.29543,nan,-0.298,-0.30071,-0.28594,-0.26539,-0.26921,-0.28017,-0.28645,-0.28676999999999997,-0.27591,-0.26913000000000004,-0.27088,nan,-0.28994000000000003,-0.28874,nan,-0.26005,-0.28394,nan,nan,-0.27016,nan,-0.26765,-0.2704,-0.27516,-0.26446,-0.25656,-0.26573,nan,-0.27036,-0.28857,-0.30013,-0.28747,-0.28109,nan,-0.28605,-0.29119,-0.30308,-0.3015,nan,-0.28348,-0.28592,-0.28549,nan,-0.29905,-0.31504,-0.3059,-0.2868,-0.2905,-0.30282,-0.30107,-0.29753,-0.29995,-0.30075999999999997,-0.29952,-0.29812,-0.30044,-0.30853,nan,-0.32765,-0.34047,nan,-0.31582,-0.3162,nan,-0.34291,-0.33921999999999997,-0.34503,-0.35715,-0.35838000000000003,-0.35251,nan,nan,-0.38744,-0.38509,-0.37294,nan,nan,nan,-0.41505,nan,-0.41134,-0.41031000000000006,nan,nan,-0.40908,-0.42846000000000006,-0.41831999999999997,-0.41236999999999996,-0.44206000000000006,-0.46071999999999996,nan,-0.44197,-0.46878000000000003,-0.45276000000000005,-0.4283,nan,nan,-0.47039,-0.48728,-0.4963,nan,-0.49004,-0.49611000000000005,-0.48413,-0.48735,nan,-0.49666000000000005,-0.4817,-0.48913,nan,-0.4934,-0.50329,-0.5119,nan,-0.52374,nan,-0.52659,-0.53328,-0.55652,-0.56108,nan,-0.59702,-0.58119,nan,-0.61137,nan,-0.58933,nan,nan,-0.5613100000000001,-0.6028,-0.63637,-0.63125,-0.62493,-0.6407,-0.6694399999999999,-0.6813,-0.68534,-0.71613,-0.73933,-0.71817,-0.70382,-0.72865,-0.74927,nan,-0.7531800000000001,-0.7626,nan,-0.78372,-0.80297,nan,-0.8083199999999999,-0.80818,-0.80361,-0.81104,-0.83973,nan,nan,-0.88051,-0.8731200000000001,-0.88223,-0.90297,-0.9084899999999999,-0.9083700000000001,nan,-0.89738,-0.8956,-0.9245399999999999,nan,-0.9318299999999999,-0.9281,nan,-0.9623,-0.93886,-0.94014,-0.96931,-0.9698700000000001,nan,-0.953,-0.9734299999999999,-0.98535,-0.99308,-0.9936,nan,-0.9809,nan,nan,-1.048,-1.0558,-1.0825,nan,-1.0659,-1.068,-1.0974,-1.0967,-1.0789,-1.1004,-1.1405,nan,-1.1805,nan,-1.1809,-1.1989,-1.2409999999999999,-1.2424,-1.2317,-1.2545,-1.2684,-1.2568,-1.2571,-1.2796,nan,-1.3307,-1.3259999999999998,-1.3141,-1.3153,-1.3253,-1.3329,-1.3417,-1.3603,nan,-1.3746,-1.3762,-1.3929,nan,-1.3981,-1.4034,-1.4146,-1.4165,-1.4142,-1.4152,nan,nan,-1.4437,nan,-1.4625,-1.4721,nan,-1.4731,nan,-1.4957,-1.5011,-1.5015,-1.5053,-1.5201,-1.5292,-1.526,-1.5296,-1.5306,-1.5171,nan,-1.5283,nan,-1.5490000000000002,-1.5591,-1.5490000000000002,-1.5683,-1.5994,-1.5893,nan,nan,-1.6194,nan,-1.67,-1.6623,-1.6572,-1.6836,nan,-1.6814,-1.6858,-1.6783,-1.6647,-1.6702,nan,-1.7023,-1.7012,-1.6991,-1.7234,-1.7427,-1.7294,nan,-1.7557,nan,-1.7502,-1.7563,nan,nan,-1.7575,nan,-1.7717,-1.771,nan,-1.754,-1.7572,-1.767,-1.7947,-1.8003,-1.7719,-1.7741,-1.7991,nan,-1.8016,-1.8142,-1.786,nan,-1.7702,-1.7881,-1.8034,-1.8142,nan,-1.7932,-1.7997,nan,-1.7937,nan,nan,-1.8109,nan,nan,-1.8229,nan,nan,-1.7938,nan,nan,-1.8292,-1.8269,nan,nan,-1.8141,-1.8114,-1.8107,-1.814,-1.8115,-1.8105,-1.814,-1.8119999999999998,nan,nan,-1.8138,-1.8047,-1.7993,-1.8049,-1.8183,-1.8267,-1.8103,-1.7781,-1.7709,-1.7903,-1.7953,-1.7841,-1.7893,-1.8005,-1.7821,-1.756,-1.7586,-1.7553,-1.7219,-1.7059,-1.7139,-1.7046,-1.6931,-1.7012,-1.6937,-1.6695,-1.673,-1.6784,-1.6456,-1.6304,-1.6525,-1.6393,-1.5961,nan,-1.5586,nan,-1.5437,-1.531,-1.5154,-1.5159,nan,-1.5033,-1.5241,-1.5178,-1.4824,-1.4619,-1.4485,-1.4276,-1.4154,nan,-1.4156,-1.4054,-1.3915,-1.3886,-1.3806,-1.3523,nan,-1.3205,nan,-1.2859,-1.2684,-1.2385,-1.2171,-1.2176,-1.2139,-1.203,-1.2025,-1.2027,-1.1847,-1.1465,-1.1024,-1.0729,-1.0629,-1.0587,-1.0435,-1.0143,-0.9889700000000001,nan,nan,-0.93073,-0.9199299999999999,-0.9211799999999999,nan,-0.88655,-0.85785,-0.83494,-0.81904,-0.8099,nan,-0.75325,-0.70344,-0.68038,-0.6600600000000001,-0.62019,-0.59278,-0.57615,-0.53706,-0.49738000000000004,nan,-0.44171000000000005,-0.37682,-0.33403,-0.31861999999999996,-0.29305,-0.26381,-0.24728000000000003,nan,-0.18944,nan,-0.10844000000000001,-0.060580999999999996,-0.022813,0.0055521,0.035828,0.073724,0.11277999999999999,0.15106,0.1989,0.24661,0.27163000000000004,0.2879,nan,0.37974,0.40602,0.41497,0.45143999999999995,0.51054,0.55871,0.60833,nan,0.7040000000000001,0.72524,0.7549,0.7904,0.83349,0.88139,0.91395,nan,0.99141,1.0521,nan,1.1363,1.1716,nan,1.2622,1.3034,nan,1.3876,1.4552,nan,nan,1.5548,nan,1.6467,1.6732,1.7112,1.7715,1.8173,1.8463,nan,1.9294,1.9561,1.973,2.0043,2.053,nan,2.0972,2.1094,2.13,nan,2.173,2.2128,2.2308,2.2295,2.2427,2.2667,2.2725,2.2599,2.2611,2.2832,2.2875,2.2722,nan,2.3008,2.2926,nan,2.3007,2.2901,2.263,nan,2.3001,2.2905,2.2599,nan,2.3011,nan,2.2706,2.2555,2.2591,nan,2.238,2.2304,2.2161,nan,2.1739,nan,2.1469,nan,nan,2.0991,2.0753,2.0882,nan,2.0463,2.0456,2.0351,1.9896,1.9702,1.9811,nan,1.9547,nan,1.9480000000000002,1.9519,1.9367,1.905,1.8809,1.8762,1.8768,1.8678,1.8588,1.8626,1.8593,1.8342,1.8205,1.8321,1.8295,nan,1.7923,1.7942,1.7928,1.7989,nan,1.8045,1.7815,1.7807,1.7774,1.7619,1.7769,1.7928,1.7796,1.7862,nan,1.7671,nan,1.7925,1.7613,1.7502,nan,1.784,nan,1.7951,1.8002,nan,1.7634,1.7644,1.7593,1.7488,1.7556,nan,1.7938,nan,1.7890000000000001,1.7765,nan,1.7721,1.7957,1.7992,1.7803,1.7802,1.7934,1.7848,1.7793,1.7918,1.7864,1.7789,1.7915,1.7836,1.7621,nan,1.7859,1.7758,1.7644,1.7677,1.781,nan,1.7918,1.7943,nan,1.8029,1.7906,1.7808,1.7753,1.78,1.7819999999999998,1.7668,1.7666,1.7886,1.7947,1.7935,1.796,1.7775,1.7638,1.7765,1.7698,1.746,nan,1.7769,1.7555,1.7147,1.7021,1.7084,1.6986,1.6799,1.6807,1.6918,1.6929,1.6938,1.6949,1.6842,1.6786,nan,1.6701,1.6661,1.6679,1.6538,1.6542,1.6672,1.6446,1.6185,1.6219999999999999,1.611,1.5919999999999999,1.6048,1.6121,1.5864,1.5769,1.5959999999999999,nan,1.5457,nan,1.5255,1.5355,nan,1.5288,1.4877,1.4746,1.4835,1.4713,1.4582,1.4742,nan,1.4688,nan,1.4832,nan,1.4338,1.4377,1.4287,1.4035,1.3963,1.3927,1.375,nan,1.3502,nan,1.3567,1.3358,1.324,1.3257,nan,1.3119,1.3129,1.3038,nan,1.2987,1.2830000000000001,1.2645,1.2677,1.2732,nan,1.2552,1.2525,1.2566,1.2555,nan,1.2194,1.2,1.1859,1.1874,1.1863,1.1661,1.1543,nan,nan,nan,1.1711,nan,1.1219,nan,1.139,nan,nan,nan,1.1024,nan,1.1064,nan,1.0996,1.0904,1.0852,1.0854,1.0684,1.0543,1.0572,1.058,1.0595,1.0579,1.0394,1.0236,1.0144,nan,nan,1.0014,nan,0.9758700000000001,0.98645,nan,0.95675,nan,nan,nan,0.95714,0.9724299999999999,nan,0.9574299999999999,0.9573,0.9565799999999999,0.9443600000000001,nan,0.95295,0.95735,0.9474100000000001,0.9462700000000001,0.94425,0.9320799999999999,0.9354899999999999,0.9443299999999999,0.92712,0.91225,0.93053,0.94704,nan,0.9448200000000001,0.9532299999999999,0.92719,0.90069,0.9104899999999999,0.9172399999999999,0.91574,0.9289299999999999,0.92343,0.90023,nan,nan,nan,0.9215,0.93368,nan,0.89954,0.9089200000000001,0.9154100000000001,0.90653,0.8985299999999999,0.90146,nan,0.899,0.90179,nan,0.9177200000000001,nan,0.90774,0.89228,0.88895,0.9089700000000001,nan,0.8987700000000001,nan,nan,0.90064,0.89092,0.89075,0.9025799999999999,0.91312,nan,0.91402,nan,0.8842,0.88925,0.8987,nan,0.9001299999999999,0.89738,nan,0.93084,0.9218200000000001,0.90845,nan,0.8901899999999999,0.8914799999999999,0.90271,0.90425,0.8953200000000001,0.8874200000000001,0.8872399999999999,0.89086,nan,0.8857799999999999,0.8971899999999999,0.90045,0.89059,0.88879,0.8870399999999999,nan,0.8779899999999999,0.8894700000000001,0.8803700000000001,0.86551,0.8779600000000001,0.8917299999999999,0.8694299999999999,0.84155,0.84244,0.8476799999999999,0.84483,0.8548399999999999,0.8665799999999999,0.8553299999999999,0.83462,0.82709,nan,0.84231,0.84949,nan,0.82219,0.8124,0.8201799999999999,0.82995,0.8272299999999999,0.8142699999999999,nan,0.80257,0.8031,0.80307,0.80337,nan,0.80285,0.80403,0.80189,0.79193,0.7791600000000001,0.77364,0.7741100000000001,nan,nan,0.77571,nan,0.74255,0.74341,0.7579600000000001,0.76057,0.7598699999999999,nan,0.75598,0.73443,0.7357100000000001,nan,0.73759,0.71177,0.70568,0.7158100000000001,0.72021,nan,nan,nan,0.6734399999999999,0.6857300000000001,nan,0.68185,0.6719,0.70448,0.71473,0.68086,0.66781,0.67933,0.67687,0.67291,0.6775399999999999,0.6764399999999999,0.66873,nan,0.64878,0.64295,nan,0.61812,0.63455,nan,0.64981,0.63312,0.61245,0.6038100000000001,0.61482,0.61835,0.60585,0.60211,0.6066,0.60509,nan,nan,0.5886600000000001,0.59755,nan,0.54998,0.5446,0.55111,0.5604899999999999,0.58302,nan,0.5646399999999999,0.5557300000000001,nan,nan,nan,0.55586,0.57608,0.56638,0.53918,0.54572,0.56787,0.55216,nan,0.54672,nan,nan,0.52875,0.53259,0.52051,0.52386,nan,0.49138999999999994,nan,0.5231600000000001,0.50647,0.5035,0.5062800000000001,0.49191,nan,0.47828000000000004,0.49051000000000006,0.50238,0.47516,0.44916999999999996,0.46911,nan,0.44961,0.44623999999999997,0.4517,nan,0.46002,nan,0.44927,nan,0.43025,0.42013999999999996,0.42975,0.43696999999999997,0.42008,nan,0.41405,0.42013999999999996,0.41301000000000004,0.40643,nan,0.40152,0.38581,0.37819,0.37975,0.38059,0.39321999999999996,0.40293,0.37539,nan,0.36069,0.36024,0.33551,0.33348,nan,0.32095999999999997,0.31631,0.33364,0.3356,nan,0.28158,0.28036,0.28492,0.27503,nan,0.29822,0.27686,nan,0.27005,0.28536999999999996,0.26325,0.24214000000000002,0.23440999999999998,0.23739000000000002,0.25032,0.24829,0.23588,0.23643000000000003,0.23789000000000002,0.23658,0.23176999999999998,0.21163,0.21120999999999998,0.24374,0.25179,0.23538,0.2359,0.23755,0.23724,0.24155,0.22389,0.20926999999999998,0.22221,nan,0.20936999999999997,0.22203,0.2196,0.20959,0.22983,0.24018,0.22075999999999998,0.21020999999999998,0.21047,0.20928000000000002,0.21040999999999999,0.20834,nan,0.22205,0.22528,0.22409,0.22610999999999998,0.21703000000000003,0.2096,0.22105999999999998,nan,0.20667,nan,nan,nan,0.21170999999999998,0.2131,0.2262,nan,0.21849000000000002,nan,0.24865,nan,0.25225,0.25472,nan,0.22334,0.23395,0.23938,nan,0.24871,0.25429,0.25122,nan,0.24925999999999998,0.25475,0.27613000000000004,0.28435,0.28033,nan,nan,0.3105,0.33008000000000004,0.35558,0.36534,0.36427,0.36991,nan,nan,0.39951,0.41152,0.42061000000000004,0.4199,nan,0.43427,0.43198000000000003,0.41736999999999996,nan,0.40299,nan,0.36907,0.35213,0.3523,nan,0.36532,0.36528,0.36580999999999997,0.35501,0.35226,0.37409000000000003,0.38748,0.37383,0.36408,0.36791,0.3612,0.35047,0.35184,nan,0.33726999999999996,0.34274,nan,0.3619,nan,0.37454,0.34265,0.31663,0.30465,nan,0.25525,nan,nan,0.23109000000000002,0.23958000000000002,0.23769,0.23481,0.23876999999999998,0.22737,0.20565,0.22068000000000002,0.25024,0.23781999999999998,0.22448,0.2481,0.25328,nan,nan,0.26153000000000004,nan,0.23885,nan,nan,0.26798,0.23321,0.20218,0.20738,0.21731,0.20243,0.1937,0.21324,0.22801999999999997,0.22421999999999997,0.21698,nan,nan,0.23108,0.2357,0.22386,0.22630999999999998,0.21933000000000002,0.20873000000000003,0.22166999999999998,0.22044,0.20868,nan,nan,nan,nan,0.21352,0.2093,nan,0.21168,0.20915999999999998,0.2025,0.18953,0.18001,0.18263,nan,nan,0.13975,0.13827,0.13769,0.14012,nan,0.15164,0.15302000000000002,0.094028,0.10745,0.14448,nan,nan
7.0,-0.12005,-0.35631999999999997,-0.40379,nan,-0.35197,-0.33207,-0.30391999999999997,-0.3327,-0.28563,-0.29115,-0.32811999999999997,-0.30501,-0.2902,-0.29619,-0.29224,-0.28179,-0.28008,-0.27971,-0.27089,-0.26354,-0.2724,-0.28210999999999997,-0.27952,-0.28159,nan,nan,nan,-0.28235,-0.27343,nan,-0.25842,nan,-0.26771999999999996,nan,-0.28221,-0.28381999999999996,nan,-0.26971999999999996,-0.27657,nan,-0.29458,-0.29431,-0.29278000000000004,-0.31219,nan,-0.31464000000000003,nan,nan,-0.28879,-0.30664,-0.34683,-0.36467,-0.35891,-0.35023000000000004,-0.34245,-0.34360999999999997,-0.35695,-0.36596999999999996,-0.36317,-0.36728,-0.37892,nan,-0.35570999999999997,nan,-0.39716999999999997,-0.39637,-0.38902,-0.39969,-0.39805,-0.38361999999999996,-0.39021,-0.40771999999999997,-0.41058,-0.40118000000000004,-0.39744,-0.40576,-0.41471,nan,-0.43277,-0.43772,-0.43823999999999996,nan,-0.4535,-0.46285,-0.46299999999999997,-0.4526,-0.43758,-0.44208000000000003,nan,-0.45692,-0.4379,-0.45338999999999996,-0.47775,-0.46473000000000003,nan,-0.47317,-0.48749,-0.47973999999999994,-0.50156,-0.52274,-0.50393,nan,nan,-0.4981,-0.50508,-0.5066,-0.49956999999999996,nan,-0.5051899999999999,-0.49978999999999996,nan,-0.5003,nan,-0.49387,-0.50481,-0.51058,-0.51146,-0.49746,-0.5048,nan,-0.53188,-0.50984,-0.51143,-0.52027,nan,-0.52357,nan,-0.53384,-0.53377,-0.5352100000000001,-0.53098,-0.53876,-0.55934,nan,nan,nan,-0.57075,-0.55512,-0.54832,-0.56797,-0.56396,-0.55806,-0.58141,-0.58778,-0.57602,-0.58434,-0.59441,-0.58799,-0.5826399999999999,-0.58211,-0.58286,-0.60013,nan,nan,-0.5705100000000001,-0.59482,nan,nan,-0.6063,-0.58523,-0.5866899999999999,-0.6090399999999999,-0.60817,nan,-0.60707,-0.60715,-0.6027,-0.60655,-0.60751,-0.6025699999999999,-0.60783,-0.6058899999999999,-0.60017,-0.62034,-0.6287699999999999,-0.60845,-0.60869,-0.61879,-0.61837,-0.63272,-0.6422,-0.63217,-0.6349600000000001,-0.64693,-0.64218,nan,-0.63157,-0.64695,-0.65635,-0.64482,-0.6454,nan,-0.66457,-0.64423,-0.64484,-0.66091,-0.66428,-0.6541,-0.65264,-0.6582,-0.6513100000000001,-0.64264,-0.65866,-0.68633,-0.68124,nan,-0.6801699999999999,-0.70501,-0.6935399999999999,nan,-0.70477,-0.7028399999999999,-0.7095199999999999,-0.71041,-0.68265,-0.67965,nan,-0.74106,-0.71335,-0.69875,-0.71754,-0.7198899999999999,-0.70053,-0.70773,-0.72618,-0.7215699999999999,-0.73434,-0.76269,-0.7502,-0.73606,-0.7649699999999999,-0.77981,-0.76027,-0.75278,nan,-0.75697,-0.75103,-0.76052,-0.7698699999999999,-0.7768,nan,-0.78925,-0.78171,-0.77612,-0.76576,-0.75741,-0.76483,-0.76602,-0.74947,-0.75647,-0.7754,-0.7639,-0.76853,-0.8004899999999999,-0.8026,-0.79698,-0.80066,-0.78919,-0.78869,nan,-0.8002600000000001,-0.80199,-0.81287,-0.81261,-0.80243,-0.79661,-0.8015100000000001,-0.8082199999999999,-0.80687,nan,-0.80501,-0.81912,-0.82262,nan,-0.82624,-0.81621,nan,nan,-0.82783,nan,-0.81801,nan,-0.8351299999999999,-0.81629,-0.80252,-0.81581,nan,-0.83081,nan,nan,-0.83519,-0.8263799999999999,-0.81187,-0.82358,nan,-0.8446899999999999,nan,-0.8074100000000001,-0.8300700000000001,nan,-0.8157800000000001,nan,nan,-0.83916,-0.8298,-0.83783,-0.84665,-0.8450700000000001,-0.84936,-0.8502200000000001,-0.83619,-0.8378,-0.8487,-0.8438899999999999,-0.8532,-0.86203,-0.83911,nan,-0.8623700000000001,-0.8519,-0.84934,-0.8769600000000001,-0.86787,-0.8359700000000001,-0.86366,nan,-0.8581700000000001,-0.82668,-0.8504700000000001,-0.8608299999999999,-0.8569899999999999,-0.8612200000000001,nan,-0.8606600000000001,-0.85664,nan,-0.83549,-0.8540700000000001,-0.86185,nan,nan,-0.8608,-0.84767,-0.85169,-0.86062,-0.8502799999999999,-0.8478899999999999,nan,-0.86313,-0.8464299999999999,nan,-0.8620200000000001,-0.8501,-0.8486,-0.8619700000000001,-0.8532799999999999,-0.8393700000000001,nan,nan,-0.84455,-0.83406,nan,-0.85098,-0.8432,nan,-0.85203,-0.83449,-0.8237899999999999,nan,-0.83552,-0.8368899999999999,-0.85646,-0.86315,-0.8338200000000001,-0.82326,nan,nan,-0.8364299999999999,-0.8403,nan,-0.8468399999999999,nan,-0.8260299999999999,-0.82386,-0.83488,nan,-0.83483,nan,-0.82547,nan,nan,-0.8467100000000001,-0.84077,-0.8181,-0.80661,nan,-0.86265,-0.8407100000000001,-0.81685,nan,-0.83742,-0.82186,nan,-0.84964,-0.8399,-0.8298,nan,-0.8368700000000001,-0.83196,-0.8364799999999999,-0.8372700000000001,-0.82576,nan,-0.8376,-0.84055,-0.82311,-0.8263,-0.84601,-0.83675,-0.82109,-0.83301,-0.83891,-0.83326,-0.8481299999999999,-0.84901,-0.81758,-0.82686,-0.8685299999999999,-0.8475600000000001,-0.8085600000000001,-0.836,-0.8609899999999999,nan,-0.82394,-0.8236399999999999,-0.82026,-0.82457,nan,-0.8348,-0.8367600000000001,-0.8357,nan,-0.83716,-0.83839,-0.81876,-0.8105600000000001,-0.82326,-0.81763,-0.80571,-0.8127,-0.81342,nan,-0.80094,-0.8078,-0.81182,-0.8092600000000001,-0.8012199999999999,-0.8,-0.8156899999999999,-0.8139,nan,-0.79694,-0.8250200000000001,-0.80178,-0.7733300000000001,-0.79288,-0.81976,-0.81953,-0.8069,-0.80033,-0.79952,nan,nan,-0.78384,-0.79023,-0.80161,-0.80771,-0.8115,-0.81048,nan,-0.80912,-0.7926300000000001,-0.78599,-0.8107,-0.8208200000000001,nan,-0.80114,-0.8129,nan,-0.7501899999999999,-0.76342,nan,-0.7722100000000001,-0.78896,-0.7756,-0.74105,-0.75854,-0.77278,-0.74052,-0.7370899999999999,-0.76508,nan,-0.74057,-0.74148,nan,-0.75364,-0.7419,-0.7367600000000001,-0.7290300000000001,nan,-0.73268,nan,-0.7004600000000001,-0.7197399999999999,-0.73874,-0.70953,-0.70262,-0.71515,-0.70494,-0.71214,-0.7296600000000001,-0.7169,-0.7013699999999999,nan,-0.70426,nan,nan,-0.7017100000000001,-0.6837300000000001,-0.66595,-0.66818,-0.67872,-0.67903,-0.67537,nan,nan,-0.67335,nan,-0.6590600000000001,-0.65489,nan,nan,-0.64172,-0.6444300000000001,-0.6449600000000001,-0.63043,-0.63342,-0.64448,nan,nan,-0.63058,-0.61244,-0.59601,-0.6109399999999999,-0.6202,-0.60551,nan,-0.61984,-0.60064,-0.59435,-0.60741,nan,-0.59365,-0.60836,-0.6082,-0.59778,-0.59254,-0.58431,nan,-0.58524,-0.59605,-0.5951,nan,-0.59595,-0.58845,-0.5665399999999999,-0.55755,-0.55887,-0.54852,-0.54788,-0.5582699999999999,-0.55045,-0.54442,-0.5482600000000001,-0.54387,-0.54997,-0.54448,-0.50669,-0.4971,-0.52957,nan,-0.5109600000000001,-0.49458,-0.49896,nan,-0.49373,nan,-0.48346000000000006,-0.48544,nan,nan,-0.46485,nan,-0.47818999999999995,-0.45602,-0.44595,-0.43946,-0.43551999999999996,-0.43772,-0.43895,-0.43688999999999995,-0.43696999999999997,-0.4382,nan,-0.43278999999999995,-0.42100000000000004,nan,-0.41347,-0.41005,-0.41441000000000006,-0.42516000000000004,-0.41418,-0.38869000000000004,-0.38516999999999996,-0.3935,nan,-0.37759000000000004,-0.38132,-0.3919,-0.3917,-0.37424,nan,-0.35422,-0.35989,-0.36715,-0.36449000000000004,nan,-0.35444000000000003,-0.36777,-0.36788000000000004,-0.34886999999999996,-0.34026999999999996,-0.35283000000000003,-0.35124,-0.32943,nan,-0.3505,-0.34248,-0.32946,-0.3466,-0.35418,-0.33601,nan,-0.35102,-0.32691,-0.30578,-0.31518,-0.30696999999999997,nan,-0.31209000000000003,-0.30684,-0.2762,-0.26809,-0.26749,-0.26944,nan,nan,-0.28151,-0.30606,-0.27259,-0.24670999999999998,nan,-0.25736,nan,-0.27092,-0.27016,-0.26577,nan,-0.25884,-0.24355,nan,nan,-0.25726,nan,-0.24329,nan,nan,-0.25339,nan,nan,-0.26371999999999995,nan,-0.22724,-0.22041999999999998,-0.23456,-0.23446999999999998,-0.22713000000000003,-0.21936999999999998,-0.2174,-0.23021999999999998,-0.22869,-0.21013,-0.21156999999999998,-0.22243000000000002,-0.22191999999999998,-0.22009,-0.21561,-0.2089,-0.21527,-0.22361,nan,-0.2191,-0.21928000000000003,-0.19991,nan,-0.2217,-0.22931999999999997,-0.20970999999999998,-0.21149,-0.22516,-0.22015,-0.21793,-0.22008000000000003,-0.20210999999999998,-0.18444000000000002,-0.19994,-0.22696,-0.22316,-0.20590999999999998,-0.2116,-0.20889000000000002,nan,-0.19505999999999998,nan,-0.21478000000000003,-0.19495,-0.19712000000000002,-0.19741,nan,nan,-0.22115,-0.21600000000000003,-0.19846,-0.19746,-0.21324,-0.22254000000000002,-0.20332,-0.18406,nan,nan,-0.19328,-0.22728,-0.24159,-0.2103,nan,nan,-0.22032,-0.20119,-0.18863,-0.19985,-0.21839,-0.22025999999999998,-0.22079000000000001,-0.22209,nan,-0.21145,-0.23451999999999998,-0.24436999999999998,-0.23406,-0.20501,nan,-0.26919,-0.30359,-0.25495999999999996,nan,nan,-0.25664000000000003,nan,-0.26887,-0.27005,-0.27615,-0.28276,-0.28081999999999996,-0.27981999999999996,-0.28126999999999996,-0.28058,-0.2905,-0.31018,-0.31433,-0.30589,nan,-0.33957,nan,-0.32842,-0.33376999999999996,nan,-0.34912,-0.35875,-0.34736999999999996,-0.36924,nan,-0.42908,-0.36691,-0.38284,-0.40405,-0.38984,-0.39889,nan,-0.36422,nan,-0.4084,-0.39844,nan,-0.44297,-0.42700000000000005,nan,-0.45308999999999994,-0.45941000000000004,-0.45023,-0.45721999999999996,-0.46273000000000003,nan,-0.48126,-0.49963,-0.49317,-0.49783999999999995,nan,-0.56517,-0.5461199999999999,nan,-0.53223,-0.54765,-0.5447,-0.5602199999999999,nan,nan,-0.59222,-0.5947100000000001,-0.59622,nan,-0.59332,nan,-0.60113,-0.6139600000000001,-0.63459,-0.6436,-0.63723,-0.649,-0.6771,-0.68225,-0.67456,nan,-0.68707,nan,-0.7056,-0.7126600000000001,-0.71639,-0.73065,-0.74016,-0.72917,-0.72893,-0.7508,-0.7608699999999999,-0.76273,-0.77709,nan,-0.78147,nan,-0.78136,-0.80373,-0.8274100000000001,-0.82647,-0.8086,nan,-0.8481,nan,nan,-0.8257399999999999,-0.8510700000000001,nan,-0.8731200000000001,-0.88195,-0.88274,-0.88465,-0.89545,-0.89707,-0.89369,nan,-0.89595,-0.89494,-0.9118799999999999,-0.94375,-0.97221,-0.97969,-0.9703,-0.95881,-0.9559,-0.9667100000000001,-0.98388,-0.9917299999999999,-0.98185,-0.98061,-1.0053,-1.0026,-0.9786100000000001,nan,-1.002,-0.98077,-1.0005,-1.0354,-1.0305,-1.0294,nan,-1.0416,-1.0270000000000001,-1.0335,nan,-1.0665,-1.0582,-1.0711,-1.0897,nan,-1.0465,-1.054,-1.0543,-1.0495,-1.0547,-1.0604,-1.0711,-1.0761,-1.0668,-1.0631,-1.0644,nan,-1.072,-1.0737,-1.0672,-1.0632,-1.0639,nan,-1.0735,nan,nan,nan,-1.0427,-1.0189,-1.0152,nan,-1.0317,-1.0063,-1.0068,-1.0190000000000001,-1.002,-0.9889600000000001,-0.9989899999999999,-0.9853200000000001,nan,-0.9851200000000001,-0.9840899999999999,nan,-0.9442,-0.95868,-0.93129,-0.8974799999999999,-0.8971899999999999,-0.89456,-0.8833700000000001,-0.8864700000000001,-0.8773799999999999,-0.85141,nan,nan,-0.81253,-0.81904,-0.81506,-0.7863100000000001,-0.77335,-0.7729600000000001,-0.7589899999999999,-0.74187,nan,-0.72147,-0.69611,nan,-0.6530699999999999,-0.657,nan,-0.59969,-0.59673,-0.60719,-0.58726,-0.54977,nan,-0.53246,-0.50836,-0.45618000000000003,-0.42046999999999995,-0.43496,-0.43866000000000005,nan,nan,-0.37843000000000004,-0.35533000000000003,-0.30637,-0.27379000000000003,-0.24927,-0.2212,-0.19962,nan,nan,nan,-0.076324,-0.053617,-0.0093961,0.024526,nan,0.089712,0.12525999999999998,0.14819000000000002,0.19501,nan,0.2608,0.28870999999999997,0.34021,0.38486,0.41836,0.45707,nan,0.54098,0.58912,0.64199,0.69021,0.72878,0.7581,nan,0.8622700000000001,0.88725,0.9046299999999999,0.963,1.0318,nan,1.1132,1.1346,1.1724,1.2435,1.3063,1.3352,nan,nan,1.4788,1.5101,nan,1.5923,nan,1.6996,1.757,1.8176,1.8533,1.8603,1.9131,1.9904,2.0316,nan,2.1390000000000002,2.1693,2.2176,2.2622,2.2928,2.3644,2.4323,nan,nan,2.544,2.5839,2.6481,2.6710000000000003,2.6977,nan,2.8109,2.8480000000000003,2.9101,2.9387,2.9698,3.0247,nan,3.082,3.1395,3.1659,3.18,3.2323,3.2839,3.3017,nan,3.3376,3.3379,3.3701,3.3984,nan,3.3864,nan,3.4171,3.3953,3.4010000000000002,3.4088,3.4069,3.3874,3.3619,nan,nan,3.3587,3.3294,3.3227,3.3073,3.2713,3.2554,3.2494,3.2209,3.1962,3.1903,3.1689,nan,3.1309,nan,3.0663,3.0222,3.0101,nan,nan,nan,2.9314,2.9023,2.9066,2.8908,2.8415,2.833,2.8408,2.806,2.7775,2.7659,2.7301,2.6963,nan,2.6632,2.6505,2.6483,2.6362,2.6185,2.6067,nan,2.5476,2.5358,2.5398,2.502,nan,2.4542,nan,2.435,2.4197,2.4324,2.4169,2.3988,2.3771,2.3331,2.313,nan,2.3006,2.302,2.2919,2.2641,nan,2.2427,2.2124,2.1941,2.1839,2.1626,nan,nan,2.1452,2.1095,2.0974,2.0883,2.0579,2.0363,2.0381,nan,2.0415,nan,1.9971,1.9992,1.9871,1.9682,1.9629,1.9513,1.9236,1.901,nan,nan,1.867,1.8779,1.868,1.8502,nan,1.8243,1.7945,1.7811,nan,nan,1.7552,1.7357,nan,1.7312,nan,1.6963,1.6799,1.6721,1.682,1.6821,nan,1.6414,nan,nan,nan,1.6109,1.6119,1.5951,1.5615,nan,nan,1.5486,1.5412,1.5528,1.5471,1.5337,1.5269,nan,nan,1.4993,1.4716,1.4559,1.4565,nan,1.4548,nan,1.4425,1.431,1.4397,1.4427,1.4240000000000002,1.4152,1.422,1.4205,1.4069999999999998,1.3893,1.3831,1.3939,nan,1.368,1.3496,nan,nan,1.3472,1.3437,1.3098,1.2969,1.3377,nan,1.2986,1.3023,nan,1.2969,1.296,nan,1.296,1.2869,1.295,1.3003,1.288,1.2755,1.2798,1.2869,1.2736,1.2479,nan,1.2321,1.2132,nan,1.2398,nan,1.1835,1.19,1.1955,1.1867,1.1771,nan,1.1291,1.1340000000000001,1.1526,1.1469,1.1238,nan,1.1332,1.1471,1.1298,1.0994,1.0973,1.1053,nan,1.0766,1.0855,nan,1.0847,1.0637,1.0673,1.0947,1.0789,1.0325,1.0277,nan,1.0313,1.0134,1.0064,1.0111,1.0015,nan,0.98145,0.9968299999999999,0.97385,0.96073,0.9734799999999999,0.9601299999999999,0.9375100000000001,0.9394399999999999,0.9484799999999999,0.9437200000000001,nan,0.8996799999999999,0.91361,0.90595,0.88766,0.90576,0.9135,0.8994700000000001,0.9009299999999999,0.8960600000000001,0.88874,nan,0.89265,0.8739,0.88561,0.8980899999999999,0.8771100000000001,0.8642200000000001,0.88997,0.90612,0.8846700000000001,nan,0.89054,0.8824,0.84565,0.8343200000000001,0.8440700000000001,0.84049,0.8321700000000001,0.82919,0.8284100000000001,nan,0.80793,0.8056,nan,0.80733,nan,0.78174,0.77418,0.7670399999999999,0.75629,0.7430100000000001,0.7541899999999999,0.7680100000000001,0.7518699999999999,0.74016,nan,0.7357899999999999,0.73335,0.74933,nan,0.72543,0.7228,0.71978,0.70034,0.70255,0.72112,0.71429,0.7035100000000001,0.71009,nan,0.70084,0.69528,0.69521,0.69196,0.67684,0.6715300000000001,0.6773600000000001,0.66059,0.6477,0.66709,nan,0.65515,0.64713,0.64994,0.6468,0.64666,nan,0.64407,0.6341600000000001,0.62865,0.61759,0.6119600000000001,0.62174,0.62756,nan,0.61359,0.59751,0.58427,0.58601,nan,0.58313,0.57505,nan,0.57719,0.57575,0.57596,nan,0.5765100000000001,0.57584,nan,0.55918,0.55027,nan,0.5501199999999999,0.53669,0.5277,0.53386,0.5402100000000001,0.5484600000000001,nan,nan,0.51549,0.52812,0.5433100000000001,0.52627,0.51478,0.52167,0.5281899999999999,0.52966,0.51964,0.49772,nan,0.50158,0.49993000000000004,0.47865,0.47343999999999997,0.48808999999999997,0.50308,0.50748,nan,0.47644,0.47706000000000004,0.48136,0.47745,0.4772,0.48703,nan,nan,0.47238,0.49015,0.48846999999999996,0.46834,0.47953999999999997,0.4898,0.47018999999999994,0.47531999999999996,0.49541,nan,0.46497,0.47397,0.47734,0.47042,nan,0.46668999999999994,0.46671,0.47107,0.46399999999999997,0.44493999999999995,0.4451,0.4607,0.45571999999999996,0.43721000000000004,0.42813,nan,nan,0.43151999999999996,0.42626000000000003,0.3973,0.40845,0.4348,0.42267,0.40844,0.40542,nan,0.36716,nan,0.38,0.35334,nan,0.36025999999999997,0.3601,nan,0.34133,nan,0.35262,0.35596,0.33311,0.32632,0.31317,nan,0.29965,0.29155,0.28686,0.28969,nan,nan,0.25916999999999996,0.26952,0.25793,0.24865,0.23335,0.22205,0.22526999999999997,nan,0.20859,0.21873,nan,0.20143,0.16921,nan,0.19309,0.18149,0.16471,0.16739,0.15925999999999998,0.13838,0.13869,0.14412,0.12088,0.10447000000000001,0.11320999999999999,nan,nan,0.085754,0.091652,0.06589500000000001,0.064427,nan,0.081678,0.08339099999999999,nan,0.040426,0.042988,0.05032,0.040583999999999995,0.031305,0.033961,0.030292000000000003,0.01859,0.01841,0.025485,0.016741,-0.00093102,-0.0041362,-0.0030703,-0.014969999999999999,-0.025148,nan,-0.040754000000000005,nan,-0.060823,-0.050470999999999995,nan,nan,-0.06501599999999999,nan,-0.059417,nan,-0.07708999999999999,-0.072435,-0.08314099999999999,-0.10096000000000001,-0.092627,-0.08388,-0.089568,-0.08882899999999999,-0.08959500000000001,-0.10357999999999999,-0.11249,-0.10464000000000001,-0.095704,-0.10047,-0.11478,nan,-0.13747,-0.13534000000000002,-0.13923,-0.1499,-0.1585,-0.1613,-0.15772,-0.15954000000000002,-0.17447000000000001,nan,-0.18615,-0.17490999999999998,-0.16847,nan,-0.19038,-0.1994,-0.19376,-0.19414,-0.20038,nan,-0.18444000000000002,-0.20886,nan,-0.20915,-0.21322,-0.22664,-0.23449,nan,-0.23925,nan,-0.24158000000000002,-0.25388,-0.25447,nan,-0.27123,-0.28359,-0.2678,-0.24347,-0.25301999999999997,nan,-0.2599,-0.25087,-0.25809,-0.25788,-0.25161,-0.26156,-0.28218000000000004,nan,-0.29412,nan,-0.31675,nan,nan,-0.32388,nan,-0.33662,-0.31932,-0.31056,-0.3238,-0.34321,-0.34358,-0.33716,-0.3436,-0.35170999999999997,-0.35022,-0.354,-0.35467,nan,-0.36111,-0.37884,-0.35846999999999996,-0.35379,-0.3664,-0.36116,-0.37738,nan,-0.35773,-0.36089,-0.3967,-0.38366,-0.35577,-0.3774,-0.40214,-0.38452,-0.37719,-0.40396,-0.40857,-0.37924,-0.36528,-0.38353000000000004,-0.40078,nan,-0.40018000000000004,-0.40667,-0.38919000000000004,-0.37887,-0.39566999999999997,-0.39361999999999997,-0.37732,-0.38476,-0.39104,-0.39028,-0.39971999999999996,-0.39586,nan,-0.40041,-0.405,-0.39337,-0.39132,-0.40505,-0.41536999999999996,-0.39731,-0.37621,-0.38869000000000004,-0.40024,-0.38149,-0.37006999999999995,-0.38064000000000003,-0.37936,nan,-0.36994,-0.39187,nan,-0.37904,-0.37948000000000004,-0.39685,nan,-0.38351999999999997,-0.37667,-0.39078,-0.40252,-0.40233,-0.39955,-0.39944,-0.40204,-0.40168000000000004,nan,-0.40368000000000004,-0.41384,-0.40328,-0.40271,-0.41398,-0.40346,-0.40239,-0.41481,-0.41048,nan,-0.42501000000000005,nan,-0.40415999999999996,nan,-0.40148,-0.41147,-0.42688000000000004,-0.41543,nan,-0.41198,-0.40174,-0.39587,-0.40709,-0.41378000000000004,-0.41241000000000005,-0.41348999999999997,-0.41167,-0.4121,nan,-0.42065,nan,-0.39632,-0.40226999999999996,-0.40164,nan,-0.40747,nan,-0.43988999999999995,nan,-0.41216,-0.42439,nan,-0.42051000000000005,-0.41478000000000004,nan,nan,nan,-0.40948,-0.42133000000000004,-0.42375,-0.41303,nan,nan,-0.40287,-0.40423000000000003,-0.41518999999999995,nan,-0.41993,-0.42513999999999996,-0.41138,-0.39957,-0.40581999999999996,-0.41412,-0.4141,-0.40676,-0.3965,-0.40087,-0.41273000000000004,-0.4059,-0.40256,-0.42018,nan,-0.39846,nan,-0.40329,-0.39962,-0.4106,-0.42099,nan,nan,-0.41365,nan,-0.41328000000000004,-0.41053999999999996,nan,-0.39914,-0.40687,nan,-0.4348,-0.41633000000000003,-0.40194,-0.39769,-0.39132,-0.39844,-0.42756000000000005,-0.42346999999999996,-0.39829000000000003,-0.41902,-0.43733999999999995,nan,nan,-0.44185,-0.43914,-0.44783999999999996,nan,-0.4512,-0.44111000000000006,-0.46281000000000005,-0.45823,-0.4273,-0.43817,-0.46429,nan,-0.4152,nan,-0.41463,-0.40984,nan,nan,nan,nan,-0.41203999999999996,-0.40265,-0.39733,-0.40113000000000004,-0.39275,-0.39035,-0.41118000000000005,nan,-0.43391,-0.39668000000000003,nan,-0.44776000000000005,-0.33183,nan,-0.48698
2.0,0.38311,0.25952,0.19991,0.30256,0.25937,0.24475,0.28809,0.25929,0.24834,0.26742,nan,0.25013,0.24739,0.24768,0.252,0.24441,0.23534000000000002,nan,0.25035999999999997,0.23576999999999998,0.22343000000000002,0.2296,0.23544,0.22321,nan,0.19925,0.20263,0.19762000000000002,0.18719,0.17989000000000002,nan,0.17432,nan,0.17168,0.16219,0.16378,nan,0.15125999999999998,0.14465999999999998,0.13543,0.12619,0.12757000000000002,0.12553,0.11413,0.10695999999999999,0.10122,0.09056399999999999,0.082077,nan,0.077539,0.07924099999999999,0.079098,0.077639,0.078639,0.079831,nan,0.071714,0.064385,0.064897,0.069038,0.063221,0.053284000000000005,nan,0.039347,0.029798,0.018375,-0.0047147,-0.019436000000000002,nan,nan,nan,-0.038041000000000005,-0.015733,0.015642,0.014422999999999998,nan,-0.0058456,-0.021668,-0.032,-0.031309,nan,-0.057649,-0.055764999999999995,-0.052248,-0.055462,nan,-0.079243,-0.07347000000000001,-0.066738,-0.088639,-0.10769000000000001,-0.10513,-0.10957,-0.11452999999999999,-0.10567,-0.10647000000000001,-0.11964000000000001,nan,-0.13485,-0.14084000000000002,nan,-0.14561,nan,-0.15375999999999998,-0.15438,-0.16974,nan,-0.16627,-0.16585999999999998,-0.18674000000000002,-0.20069,-0.19871,-0.20073,-0.20951,nan,nan,nan,-0.23905,-0.23790999999999998,-0.24188,-0.25153000000000003,-0.25065,nan,-0.2657,-0.27385,-0.27055999999999997,nan,-0.29577,nan,nan,-0.33338,-0.34171999999999997,-0.3469,-0.34702,-0.35083000000000003,-0.36180999999999996,-0.36096,-0.35245,-0.36522,-0.38235,-0.38038,-0.38587,nan,nan,-0.36780999999999997,-0.38036,-0.39226,-0.39471,-0.39561,-0.39323,-0.39663000000000004,-0.40671,nan,-0.40704,-0.41676,-0.42503,-0.41017,nan,-0.38373,-0.39854,-0.39719,-0.38911,-0.39902,-0.40794,nan,nan,-0.4191,nan,-0.42344,-0.44225,-0.44228999999999996,-0.44601,-0.4566,-0.44236000000000003,-0.42976000000000003,-0.45033,nan,nan,-0.5042800000000001,-0.50285,-0.50597,nan,-0.51746,nan,-0.52559,-0.53717,-0.53892,-0.53001,-0.5242399999999999,-0.53003,-0.5391600000000001,-0.5424100000000001,-0.5383,-0.53859,-0.55037,-0.54864,-0.52223,nan,-0.52198,-0.53856,nan,-0.53935,-0.54804,-0.57457,-0.5895600000000001,-0.57911,-0.57324,-0.57605,-0.5675,-0.56424,-0.5822,-0.59972,-0.5986,nan,-0.57544,-0.58701,-0.60497,-0.6127600000000001,nan,-0.6110800000000001,-0.60148,-0.60937,-0.62867,nan,-0.61474,nan,-0.62335,-0.6259600000000001,-0.62397,-0.6237,-0.63043,-0.6384,-0.63769,-0.6393399999999999,-0.65349,nan,-0.65918,nan,-0.68191,-0.6897399999999999,-0.68375,-0.68312,nan,-0.6975100000000001,nan,-0.70755,-0.70786,-0.68815,-0.69189,-0.7147600000000001,nan,nan,-0.7136100000000001,-0.72229,-0.72216,-0.72342,-0.72325,-0.72163,-0.7235699999999999,-0.72343,-0.72092,-0.72445,-0.7320800000000001,nan,-0.73345,-0.73236,-0.74021,-0.74747,nan,-0.7467600000000001,-0.74611,-0.74444,-0.7541100000000001,-0.75835,nan,-0.7500100000000001,nan,nan,-0.76357,-0.77208,-0.76205,-0.7580600000000001,-0.77552,-0.7834399999999999,nan,-0.78518,-0.79394,-0.79568,-0.81275,-0.83854,-0.84485,-0.8446,-0.8531700000000001,-0.8564700000000001,-0.857,-0.86511,-0.8703299999999999,-0.8683200000000001,-0.86769,-0.8652799999999999,nan,nan,-0.86974,-0.88125,-0.8702700000000001,-0.87036,nan,-0.88139,-0.8823799999999999,-0.8942100000000001,-0.89407,-0.8855,-0.8807200000000001,-0.87887,-0.88544,-0.89317,-0.8917200000000001,-0.8921899999999999,-0.89175,-0.88202,-0.88231,-0.8941,-0.8936799999999999,-0.8884700000000001,-0.8936799999999999,-0.8940600000000001,-0.8844200000000001,nan,-0.88875,-0.89339,-0.8923200000000001,-0.89066,-0.8927200000000001,-0.8920299999999999,nan,-0.87776,nan,-0.8819,-0.8772200000000001,nan,-0.89094,-0.8874799999999999,-0.8810100000000001,-0.8795799999999999,-0.88035,-0.8817799999999999,-0.8808799999999999,-0.8784700000000001,nan,-0.8896700000000001,-0.89151,-0.8932,-0.89313,nan,-0.88165,nan,-0.87729,-0.8831399999999999,-0.8920899999999999,-0.88459,nan,nan,-0.88136,-0.8693799999999999,-0.88392,-0.8958,nan,nan,-0.89038,-0.8936700000000001,-0.8952600000000001,-0.8793700000000001,-0.86977,nan,-0.89245,nan,-0.87677,-0.88381,-0.88118,-0.87669,-0.8874299999999999,-0.89269,-0.8815799999999999,-0.88335,-0.89345,-0.8848,nan,-0.8825200000000001,-0.88175,-0.87836,-0.8823700000000001,nan,nan,-0.88249,-0.8826299999999999,-0.8741399999999999,-0.86956,-0.8684799999999999,nan,-0.87046,-0.8795700000000001,-0.87534,-0.86964,-0.86971,nan,nan,-0.86685,-0.86208,-0.8576799999999999,nan,nan,-0.8447,-0.8519700000000001,-0.85205,-0.84496,nan,-0.84952,nan,-0.8284100000000001,-0.82888,-0.8209,-0.81218,-0.79473,-0.77203,-0.76662,nan,nan,nan,-0.7567,nan,-0.75972,nan,-0.76079,-0.76178,-0.75121,-0.74832,nan,-0.7548,-0.7481,-0.7537,nan,-0.7477699999999999,nan,-0.7500600000000001,-0.74787,-0.7340300000000001,nan,-0.74829,-0.73949,-0.72935,nan,-0.73739,nan,-0.72472,nan,nan,-0.7359,-0.73635,nan,-0.71217,-0.71517,-0.72665,nan,-0.7189,-0.72604,-0.7246600000000001,-0.7094,-0.71783,-0.74845,-0.76617,-0.7729,-0.77327,-0.76167,-0.75747,nan,-0.75122,-0.7426,-0.74829,nan,-0.7598199999999999,-0.76081,-0.75131,-0.74061,nan,-0.7330399999999999,-0.73345,-0.7358399999999999,-0.73441,-0.73072,-0.72477,-0.72021,-0.72419,-0.72477,-0.71406,-0.7064,-0.7,-0.6876899999999999,-0.6846300000000001,-0.68734,-0.67796,-0.66943,-0.67453,-0.68179,-0.6861,-0.68733,-0.67909,-0.66645,-0.66343,nan,-0.67123,-0.66389,nan,-0.66261,-0.66367,-0.65625,-0.63952,-0.6161,-0.60055,nan,-0.6028600000000001,nan,-0.58601,-0.58977,-0.59585,-0.60285,-0.60292,-0.59245,nan,-0.57818,-0.5715399999999999,-0.58112,-0.59011,-0.58503,-0.59387,-0.60293,nan,-0.57536,nan,-0.5905,-0.58733,-0.59002,-0.58641,-0.5920300000000001,-0.60233,-0.5937600000000001,-0.5865600000000001,-0.58995,-0.58243,-0.57139,-0.56665,-0.56248,nan,-0.57725,nan,-0.56133,-0.5655,-0.56924,nan,-0.54209,nan,-0.55634,-0.55487,-0.54206,-0.53988,-0.54155,-0.53768,-0.54308,-0.55338,-0.54785,-0.5342399999999999,-0.52878,-0.53317,-0.54293,-0.5423600000000001,-0.52988,-0.52782,-0.5293,-0.52396,-0.53118,-0.53084,-0.5077,-0.50746,-0.51815,-0.50473,-0.5082899999999999,-0.50897,-0.45663000000000004,-0.42786,-0.45405,-0.44965,-0.42228999999999994,-0.42937,nan,-0.42368,-0.41833000000000004,-0.42783000000000004,-0.4284,nan,nan,nan,-0.40851,-0.41144,-0.41913999999999996,-0.41003999999999996,nan,-0.41175,-0.41961000000000004,-0.41113999999999995,nan,-0.40815999999999997,-0.40134000000000003,-0.39157,-0.39408000000000004,-0.40381999999999996,-0.40569,-0.39688,-0.39200999999999997,-0.39485,-0.38582,-0.36946999999999997,nan,-0.38303000000000004,-0.3751,-0.36959000000000003,-0.38094,nan,-0.37819,-0.37089,-0.37034,-0.3677,nan,-0.36078000000000005,nan,-0.38279,-0.38121,-0.38293,-0.38351999999999997,-0.37988,-0.38394,nan,-0.37232,-0.37151999999999996,-0.38211,-0.37778,-0.36711,-0.36918,-0.37293000000000004,-0.36680999999999997,-0.35974,-0.35865,-0.35786999999999997,nan,-0.36186,-0.35473000000000005,-0.34612,-0.35528000000000004,-0.35541999999999996,-0.33659,-0.33666,-0.34770999999999996,-0.33769,-0.32394,-0.32064000000000004,-0.3208,-0.32909,nan,nan,-0.30324,-0.31378,nan,-0.29355,nan,-0.29591,nan,-0.29549000000000003,-0.28726,nan,-0.28698,-0.28754,-0.27603,-0.27426,-0.28447,-0.28185,-0.27016,nan,-0.28156,-0.28465,nan,nan,-0.27453,-0.27460999999999997,-0.26894,-0.27612,-0.28565,-0.27918000000000004,-0.27213000000000004,-0.27331,-0.26800999999999997,-0.25856,-0.25883,-0.26788,-0.27305,-0.26399,-0.25442,-0.26456999999999997,-0.2744,-0.26071,-0.2483,-0.25722,-0.26542,nan,-0.24935,nan,-0.26127,-0.25325,-0.23967,-0.23731999999999998,-0.23772,-0.23442,nan,-0.24839,-0.24615,-0.23406,nan,-0.22421,-0.22443000000000002,-0.22365,-0.22981,-0.23800000000000002,-0.22943000000000002,-0.21279,nan,-0.22401,-0.21966999999999998,-0.21056,-0.20315,-0.19635,-0.20403,-0.21314,-0.20363,-0.20296,nan,-0.20054,-0.18782000000000001,-0.1896,-0.17959,-0.17858,nan,-0.19741,-0.18792,-0.18932000000000002,nan,-0.17811,-0.19672,-0.19959000000000002,-0.18641,-0.17842,-0.16788,-0.16483,-0.17440999999999998,-0.17223,nan,-0.16262000000000001,nan,-0.16434,-0.16479000000000002,-0.15733,-0.15311,-0.16099000000000002,-0.16261,-0.15049,nan,-0.16305999999999998,-0.16085,-0.1263,-0.10085,-0.10630999999999999,-0.10767,-0.093559,-0.09350499999999999,-0.10330999999999999,-0.098259,-0.091959,-0.099775,-0.10969000000000001,-0.11664000000000001,-0.11731,-0.10715,nan,-0.12190999999999999,-0.13145,nan,-0.12594,nan,-0.12761,-0.12568,-0.13277,-0.14142000000000002,-0.14068,nan,-0.14090999999999998,-0.14007,nan,-0.14034000000000002,-0.13145,nan,-0.13052,-0.14793,nan,-0.13817000000000002,-0.12629,-0.13348,-0.14069,-0.13146,-0.12118,-0.11499000000000001,nan,-0.12558,-0.14163,-0.13295,nan,-0.13005999999999998,-0.13926,-0.13601,-0.12736,-0.12479000000000001,-0.13130999999999998,-0.12665,-0.10789000000000001,-0.10195,-0.10478,-0.10228,nan,-0.11584000000000001,-0.10615,-0.10540999999999999,-0.11677,-0.10969000000000001,-0.097248,-0.10655999999999999,-0.11609000000000001,-0.10855999999999999,-0.10507999999999999,-0.10620999999999998,-0.095729,-0.09334400000000001,nan,-0.11433,-0.10400999999999999,-0.10222,nan,-0.091383,-0.08744400000000001,nan,-0.10505999999999999,-0.10307000000000001,-0.10507000000000001,-0.10438,nan,-0.09024,-0.092521,nan,-0.096037,-0.10517,-0.096303,-0.08719099999999999,-0.093203,-0.09386699999999999,-0.087352,nan,-0.10334000000000002,-0.09891,nan,-0.092205,-0.08607000000000001,-0.080203,-0.08678999999999999,nan,-0.09253099999999999,-0.091413,-0.08794400000000001,-0.07973,nan,-0.08330499999999999,-0.093132,nan,nan,nan,nan,-0.095277,-0.092146,-0.08,-0.081374,-0.09323,-0.09401699999999999,-0.086006,-0.08011499999999999,-0.077164,nan,-0.093183,-0.094181,-0.085538,nan,nan,nan,-0.08064299999999999,-0.08826200000000001,nan,nan,nan,-0.085832,-0.09275499999999999,-0.082242,-0.077453,-0.080467,-0.078166,-0.080118,-0.08028099999999999,-0.06888899999999999,-0.066397,nan,nan,nan,-0.080907,-0.085034,-0.0703,-0.068201,-0.076581,-0.076343,nan,-0.06432,nan,-0.06809,-0.06528400000000001,-0.06717200000000001,-0.06812,-0.065246,-0.067646,-0.068125,-0.057333,-0.053904999999999995,nan,-0.078802,-0.074755,-0.068177,-0.06586,nan,-0.068132,-0.07482899999999999,-0.078555,-0.068252,-0.060485000000000004,-0.0742,nan,-0.067353,nan,nan,-0.070185,-0.06621,-0.068209,-0.055097,-0.059694000000000004,-0.08029299999999999,-0.074224,-0.062064999999999995,-0.067883,-0.06851900000000001,-0.064571,nan,-0.067672,nan,-0.067905,-0.068262,-0.06372699999999999,-0.067663,-0.07751,-0.075098,-0.06801900000000001,nan,-0.080247,nan,-0.08039600000000001,-0.07426,-0.06791799999999999,-0.074759,-0.077239,-0.068212,-0.07121,-0.082567,-0.080731,-0.075465,nan,nan,-0.086186,nan,-0.07951799999999999,-0.087934,-0.06179,-0.020906,-0.017331,-0.037876,-0.032995,nan,-0.023377000000000002,-0.032035,-0.020725,-0.01983,-0.031335,-0.030125,-0.034023000000000005,-0.054105999999999994,-0.059570000000000005,-0.049091,-0.054072,-0.07270700000000001,-0.07783,-0.068453,-0.064275,nan,nan,-0.066626,-0.065357,-0.067199,-0.075404,-0.077339,-0.068327,-0.069399,-0.085293,-0.092782,-0.084646,-0.07476100000000001,nan,nan,-0.06904500000000001,-0.079296,-0.081974,nan,-0.067817,nan,-0.082107,-0.080914,-0.07459,-0.082652,-0.081652,-0.064677,-0.073541,-0.09215599999999999,-0.082754,-0.081316,-0.092638,-0.076661,nan,-0.08961799999999999,nan,-0.084838,-0.079479,-0.086217,-0.092805,-0.092805,-0.089186,-0.093973,-0.10392,-0.10574000000000001,-0.10209,-0.1039,nan,-0.11404,nan,-0.10074,-0.10545,-0.10545,nan,-0.10712999999999999,-0.1156,-0.11423,nan,nan,nan,-0.11947,-0.12880999999999998,-0.11777,-0.11827,-0.13865,-0.13832,-0.12242,-0.12602,-0.13901,-0.13685,-0.12852,-0.13266,nan,-0.14132,nan,nan,-0.14060999999999998,-0.14387,-0.15672,-0.16439,-0.15800999999999998,-0.15008,nan,nan,-0.16377,-0.16399999999999998,-0.16465,-0.16187,-0.16263,-0.17344,-0.1733,-0.16397,-0.1751,-0.19157000000000002,-0.18992,-0.18731,nan,-0.1879,-0.1969,-0.19915,-0.18955999999999998,-0.19392,nan,-0.1907,-0.19013,nan,-0.2034,-0.19522,-0.20511,nan,-0.20351,-0.20303,nan,-0.23405,-0.23721,-0.23761,-0.23568000000000003,-0.23764000000000002,-0.23789000000000002,-0.23809,-0.25506,-0.25586,-0.21311,nan,-0.19808,-0.20357999999999998,-0.2011,-0.21048000000000003,-0.21339,-0.21261999999999998,-0.22246999999999997,nan,nan,nan,-0.2311,-0.23867,nan,-0.25751999999999997,-0.25994,-0.25898000000000004,-0.27296,-0.28761,-0.2861,-0.28917,-0.30002,-0.29927,-0.29564,-0.29865,-0.29858,nan,-0.2997,-0.31601999999999997,-0.33554,-0.32918000000000003,-0.31053000000000003,-0.32495,-0.35012,-0.33965,-0.32402,-0.33987,nan,-0.35773,-0.35996,-0.36079,-0.34949,-0.34823000000000004,nan,-0.37484,-0.36791,-0.3674,-0.37846,-0.3821,-0.38077,-0.39013000000000003,-0.39399,-0.3837,-0.38574,nan,nan,nan,-0.39438,nan,-0.40601,-0.42018,-0.41841999999999996,nan,-0.43199,-0.43013999999999997,-0.43959,-0.45918000000000003,nan,-0.45053999999999994,-0.45857,-0.46658,-0.46505,-0.46871,-0.47741999999999996,-0.48008,-0.47989,-0.48752,-0.5007,-0.50372,-0.49433,-0.48588000000000003,-0.47748999999999997,-0.4677,-0.46725,nan,-0.45598999999999995,-0.46278,-0.48272,-0.48248,nan,-0.48295,nan,-0.50663,-0.50371,-0.50226,-0.50955,nan,-0.52441,-0.53498,nan,-0.53877,-0.54592,nan,-0.55153,nan,-0.56598,-0.5634100000000001,-0.5743199999999999,nan,-0.58095,-0.57305,-0.5936,nan,-0.58392,-0.56363,nan,-0.5663600000000001,-0.56526,-0.56388,-0.56782,-0.57882,-0.58733,-0.58722,-0.5906899999999999,nan,-0.6227,nan,-0.6149399999999999,-0.61431,nan,-0.63615,-0.63574,-0.63872,-0.64594,-0.65484,-0.66374,nan,nan,-0.65033,-0.6571199999999999,-0.6663399999999999,-0.66133,nan,-0.67494,-0.68619,-0.67467,-0.67471,nan,-0.63643,-0.61473,-0.6278100000000001,-0.6364,-0.6360100000000001,-0.63813,nan,-0.63973,nan,-0.66566,nan,nan,-0.7055,-0.72045,nan,-0.7340399999999999,-0.73673,-0.74848,-0.74741,-0.74698,-0.76189,-0.7711899999999999,nan,nan,-0.75678,nan,-0.77335,nan,-0.7641399999999999,-0.76022,-0.76676,nan,-0.7720100000000001,nan,-0.7761,-0.78384,-0.77545,-0.76635,nan,-0.78103,-0.7829999999999999,-0.79803,nan,-0.79448,nan,-0.8002600000000001,nan,nan,-0.7922100000000001,nan,-0.7964899999999999,-0.8026399999999999,-0.8094600000000001,-0.8084600000000001,-0.80542,-0.81016,-0.82209,-0.82939,-0.8294600000000001,-0.8329,-0.84034,-0.8416299999999999,-0.8314299999999999,-0.81347,-0.79915,-0.7965899999999999,nan,-0.80918,-0.8086300000000001,-0.80497,nan,nan,nan,-0.8166100000000001,-0.82183,-0.8287,-0.8298700000000001,-0.8328700000000001,-0.8399200000000001,-0.8416399999999999,-0.8320299999999999,-0.82611,-0.83726,-0.84503,nan,-0.84829,-0.8575,-0.84716,-0.84075,-0.84519,-0.8424,-0.8458899999999999,-0.8578399999999999,-0.85706,-0.85369,nan,-0.8562,-0.8541200000000001,-0.8577,-0.8564799999999999,-0.85331,-0.85783,-0.8647100000000001,-0.86836,-0.87011,-0.8685700000000001,nan,-0.8703200000000001,-0.8836700000000001,-0.89665,-0.90636,-0.9138200000000001,-0.91419,-0.9061100000000001,-0.90122,-0.90574,-0.9062100000000001,-0.9016299999999999,-0.90622,nan,-0.8933200000000001,-0.8917299999999999,-0.89385,-0.8878,-0.8980600000000001,-0.9063200000000001,-0.89165,-0.8986700000000001,nan,-0.9027799999999999,-0.8851899999999999,-0.89379,-0.9000299999999999,-0.9083200000000001,-0.91869,-0.90974,-0.8987700000000001,-0.89389,-0.8877700000000001,-0.8973200000000001,-0.90628,-0.8943,-0.89184,-0.89391,-0.88026,nan,-0.90607,-0.8919600000000001,-0.87382,-0.88223,-0.8848799999999999,-0.87397,-0.8700600000000001,-0.86935,-0.8638299999999999,-0.8577600000000001,-0.85493,-0.85359,-0.84562,-0.8282,-0.81191,-0.80885,nan,-0.83305,-0.8223,nan,nan,-0.79801,-0.75365,-0.72406,-0.72432,-0.72282,-0.7226100000000001,-0.72465,-0.71416,-0.70862,nan,-0.70903,-0.7116399999999999,-0.7125199999999999,-0.69409,-0.68052,-0.67528,-0.65775,-0.6443,-0.6390899999999999,-0.62732,-0.6240399999999999,-0.62637,-0.61648,-0.61264,nan,-0.60496,nan,nan,nan,-0.58635,-0.5899,-0.58331,-0.57017,nan,-0.56647,-0.55995,-0.54302,nan,-0.52849,-0.5295300000000001,-0.51936,-0.51579,-0.51812,-0.50481,nan,-0.46847,-0.46693,-0.46305,-0.44646,-0.42536,nan,nan,-0.39974,-0.39059,-0.38408000000000003,-0.37595,nan,nan,-0.33718000000000004,-0.33086,-0.32361,-0.30906,nan,-0.27471,-0.27269,nan,nan,nan,-0.23434000000000002,-0.21631,-0.1906,-0.19178,-0.20231,-0.1826,-0.15438,-0.15225,-0.15750999999999998,-0.14527,-0.12944,-0.12737,nan,-0.09689,-0.064682,-0.050564,-0.044954,-0.035066,nan,nan,-0.0047361,0.011368000000000001,nan,0.045335,nan,0.07506499999999999,nan,0.088671,0.097381,0.1524,0.20073,0.21043,nan,0.24418,0.25773,0.27316999999999997,0.29073000000000004,0.2967,0.3005,0.31778,0.34175,0.36496,0.39121999999999996,0.40589000000000003,0.40757,0.42754,0.4438,0.42257,0.4282,0.49249,0.53194,0.52391,nan,nan,0.5778800000000001,0.58485,0.60807,0.63056,0.64547,nan,0.691,nan,0.70503,0.73369,0.76652,0.77657,nan,nan,0.82796,0.84498,0.8511200000000001,0.87945,0.89094,0.8796700000000001,0.8967,0.9210799999999999,0.9173100000000001,nan,0.95006,nan,nan,1.014,1.021,1.0515,1.0808,1.0942,1.1161,1.1414,1.1555,1.1749,1.2022,nan,1.2271,nan,1.2866,1.3079,nan,1.3371,1.354,1.3701,1.3945,1.4221,1.4434,1.4586,1.4729,1.493,1.5174,nan,1.5512,1.5666,1.5881,1.6146,nan,1.6533,1.6594,1.6839,1.719,1.7296,nan,nan,nan,1.84,1.8505,nan,1.9237,1.9187,1.9464,1.9906,1.9971,2.0002,2.0352,nan,2.0721,2.0884,2.1042,2.1244,2.1577,nan,2.2244,nan,2.2647,nan,2.2826,2.2932,2.3033,2.3286,nan,2.3655,2.3989,2.4273,2.4325,2.4392,2.4642,2.4849,2.4842,2.478,2.4852,nan,2.5393,2.5568,2.5713,2.6041,nan,2.6296,nan,2.6279,2.6268,2.6347,2.6557,2.6728,2.679,2.6746,2.6725,2.6914,2.7159,nan,nan,2.725,2.7327,nan,nan,2.7285,2.7710000000000004,2.8132,2.8036,2.7891,2.7985,2.7922,2.7718,2.7759,nan,2.7939999999999996,nan,nan,nan,2.7601,2.7539,2.7295,2.7110000000000003,2.7203,nan,nan,2.6993,2.701,2.6986,2.6904,2.6866,2.6886,2.6814,2.6649,nan,2.6843,2.6853,2.6585,2.6319999999999997,nan,2.6278,nan,nan,2.589,2.5826,2.5684,nan,2.5443,2.5334,2.5157,2.5058,2.5068,2.5049,2.4961,2.4886,2.4808,2.4714,2.4687,2.4698,2.4695,2.4681,2.4546,2.4349,nan,2.4453,2.4371,nan,2.4334,2.4348,2.4265,nan,2.4208,2.4212,2.4213,2.4216,2.418,2.4074,2.3971,2.3992,2.41,2.4119,2.4018,2.3964,2.3974,2.3914,2.3835,2.3836,2.3815,2.3716,2.3624,nan,2.3608,2.3626,2.3519,2.3341,2.331,2.3434,nan,2.3384,2.334,nan,nan,nan,2.3229,2.3105,2.3192,2.3236,2.3046,2.3007,nan,2.3056,2.2927,2.2866,2.2842,2.2922,2.2854,nan,2.253,2.2636,2.2545,2.251,2.2503,2.2317,2.2253,2.2255,2.2075,2.2042,2.2152,2.2072,2.2007,2.2023,2.1928,nan,2.2029,2.2028,2.2057,2.2152,2.2092,2.195,nan,2.1967,2.2083,2.2016,2.175,2.1632,2.1665,2.1590000000000003,2.1511,2.1541,2.1491,2.1311,nan,2.1164,2.1193,2.1178,nan,2.1005,nan,nan,2.0777,2.0809,2.0848,2.0714,2.0569,2.0639,2.0706,2.0566,2.0495,2.0709999999999997,2.0933,2.0884,2.075,2.0809,2.0931,nan,2.0806,nan,2.0771,nan,2.0752,2.0841,2.0806
7.0,-0.4008,nan,nan,-0.54176,-0.63762,-0.6261800000000001,-0.59954,nan,-0.62571,-0.62507,nan,nan,nan,-0.63725,-0.62247,-0.63347,-0.62242,-0.61144,-0.63264,-0.6267,nan,-0.59958,-0.5977899999999999,nan,-0.59917,-0.58685,-0.58907,-0.59867,-0.5796899999999999,-0.56689,-0.5958100000000001,-0.60319,-0.56084,-0.55385,-0.58697,-0.5817,-0.56865,-0.58925,-0.60034,-0.58681,-0.57024,nan,-0.56635,-0.57555,-0.5856899999999999,-0.59001,nan,-0.5637300000000001,-0.56894,-0.57111,-0.56198,-0.56763,-0.57958,-0.56876,-0.56042,-0.57725,-0.58399,-0.5747800000000001,-0.58011,-0.5826100000000001,-0.56253,-0.54785,-0.55345,nan,-0.56353,-0.5603199999999999,-0.58011,-0.58926,-0.56326,-0.57071,nan,nan,-0.57203,nan,-0.5774600000000001,-0.5731,-0.5878800000000001,-0.5778300000000001,-0.56967,-0.59305,nan,-0.56386,-0.5898399999999999,nan,-0.5716899999999999,nan,nan,-0.58115,-0.5706600000000001,-0.58931,-0.59624,nan,-0.60358,-0.58645,-0.60437,-0.6026199999999999,-0.58755,nan,nan,-0.6125,nan,-0.6193,-0.59633,-0.6178100000000001,-0.62698,-0.62045,nan,-0.63766,nan,-0.63626,nan,-0.63118,-0.63651,-0.64555,-0.6432899999999999,-0.63125,-0.64282,nan,-0.67795,-0.66135,-0.66597,-0.6701600000000001,-0.66009,-0.66519,nan,-0.6829999999999999,nan,nan,nan,-0.67174,-0.67788,-0.6869,-0.6975899999999999,-0.69517,-0.6957,-0.69602,-0.68489,-0.68465,nan,-0.6985100000000001,-0.68467,-0.6845399999999999,-0.69608,-0.7028300000000001,-0.7105100000000001,nan,-0.69633,-0.69622,-0.6953600000000001,nan,-0.71139,-0.71812,-0.69789,nan,-0.7237899999999999,-0.71087,-0.70015,-0.7179399999999999,-0.73368,-0.72596,-0.71053,-0.70982,-0.71907,-0.72059,-0.7206600000000001,-0.72185,-0.7177100000000001,-0.72401,-0.7337199999999999,-0.71808,-0.69739,-0.6977300000000001,-0.71316,-0.72993,nan,-0.72125,-0.72502,-0.73285,-0.7330800000000001,-0.73222,-0.7276600000000001,-0.72255,-0.7267399999999999,-0.7339399999999999,-0.73209,-0.7231,-0.7157899999999999,-0.72449,-0.74279,-0.74146,-0.72544,-0.7216600000000001,-0.72765,-0.7321300000000001,-0.73355,-0.73183,nan,-0.72011,-0.71837,-0.72706,-0.73182,-0.73169,-0.74355,nan,-0.7593300000000001,-0.73741,-0.72883,-0.73354,nan,-0.73034,-0.7326199999999999,-0.73193,-0.735,-0.7478,-0.74739,-0.72673,-0.71887,-0.72253,-0.71792,-0.72548,-0.7327199999999999,-0.7218100000000001,-0.72375,-0.73252,-0.72332,-0.7175,nan,-0.71067,-0.7027,nan,-0.72255,-0.72604,-0.73712,-0.73001,nan,nan,-0.71834,nan,nan,-0.72834,-0.7337899999999999,nan,-0.71477,-0.7097100000000001,-0.7155699999999999,-0.7234,-0.71988,-0.71008,nan,-0.70939,-0.70981,-0.70409,nan,-0.7104699999999999,-0.6864600000000001,-0.68795,-0.71054,nan,-0.68392,-0.68491,-0.69387,-0.69813,nan,-0.68423,-0.68915,-0.69708,-0.6976,nan,nan,-0.67382,-0.68253,nan,-0.67287,-0.68287,-0.6733399999999999,-0.65342,-0.6591600000000001,nan,-0.66314,-0.63532,nan,-0.6328199999999999,nan,-0.64695,-0.64465,nan,nan,-0.64778,-0.65423,-0.62469,-0.62336,-0.63944,-0.63536,-0.63225,-0.6322399999999999,-0.62011,nan,-0.63176,-0.63205,nan,-0.61792,-0.60055,-0.58731,-0.6068899999999999,-0.62957,-0.62159,-0.60983,-0.61221,-0.60923,-0.59967,-0.5967600000000001,-0.5976600000000001,-0.5988,nan,nan,-0.59996,-0.58581,-0.58614,-0.5857899999999999,-0.5744600000000001,nan,-0.60418,-0.60418,-0.57008,-0.565,-0.58621,nan,-0.57185,-0.5877899999999999,-0.58234,nan,-0.55106,-0.56724,-0.58328,-0.584,-0.57506,-0.5709,-0.5735100000000001,-0.57487,-0.56681,-0.5547,-0.55094,-0.55762,-0.56477,-0.56034,nan,-0.52457,nan,-0.53774,-0.52591,nan,-0.50231,nan,-0.50949,-0.5010600000000001,-0.49888999999999994,nan,nan,-0.49028,-0.48525,-0.48843000000000003,-0.47894,-0.46016999999999997,-0.47152,nan,nan,nan,-0.46562,nan,-0.47786999999999996,-0.47315,-0.46379,-0.46945,-0.47597,-0.47681999999999997,-0.47927,-0.46371,-0.44027,-0.4379,-0.43282,nan,-0.40975,-0.42954,-0.43909,-0.41977,nan,-0.41212,nan,-0.40985,-0.40114,-0.40404,nan,nan,-0.40323000000000003,-0.39215,-0.39563000000000004,nan,-0.39278,-0.38965,nan,nan,-0.3862,-0.38861,nan,nan,-0.37551,-0.36252,-0.35456,nan,-0.36632,-0.35735,nan,-0.34819,-0.3676,nan,-0.34492,-0.34312,-0.34339000000000003,-0.33497,-0.32842,nan,-0.33479000000000003,-0.34488,-0.34409,-0.33005,-0.33111,nan,nan,-0.30433000000000004,nan,-0.31037,-0.34235,nan,-0.32066999999999996,nan,-0.33014,-0.31892,-0.31495,-0.31390999999999997,nan,-0.30608,nan,nan,-0.30407,-0.30601,nan,-0.30764,-0.29464,-0.29623,-0.3075,-0.29651,nan,-0.2937,nan,-0.30685999999999997,-0.31563,-0.29622,-0.29653,-0.3062,-0.29536,-0.29598,-0.31095,-0.30677,-0.2931,-0.29691999999999996,-0.3072,-0.29869,-0.28060999999999997,-0.2838,nan,-0.28446,-0.28163,-0.29424,-0.29451,-0.29014,-0.28102,nan,-0.27474,-0.28062,-0.2776,-0.29761,-0.30211,-0.2824,-0.29323,-0.30674,-0.29511,-0.29162,-0.28916,-0.28169,nan,nan,nan,-0.27931,nan,nan,-0.28098,-0.28467,nan,-0.27002,-0.27969,-0.27415,nan,nan,-0.27334,-0.26983,-0.28135,-0.26705,nan,nan,-0.2706,-0.26642,-0.26965,nan,nan,-0.25713,-0.25633,-0.25801,-0.27191,-0.27135,-0.25506999999999996,-0.26002,-0.2699,nan,-0.25931,nan,-0.25092,-0.24206999999999998,-0.2594,-0.25926,-0.24846999999999997,-0.26136,-0.27033,-0.25192,-0.24239000000000002,-0.2462,-0.24144000000000002,-0.25301,-0.26966,-0.25265,-0.23531999999999997,-0.2491,nan,-0.24605,-0.24658000000000002,-0.2567,-0.24909,-0.24320999999999998,nan,-0.26811999999999997,-0.26118,-0.24245999999999998,-0.23074,nan,-0.24366999999999997,-0.23390999999999998,-0.2307,-0.2309,-0.23287,-0.2419,-0.24069000000000002,nan,nan,-0.23165999999999998,-0.24948,nan,-0.22566,-0.20797,-0.23110999999999998,-0.22046999999999997,-0.2036,-0.22052,-0.22283000000000003,-0.21658000000000002,-0.22086999999999998,-0.21871,-0.2239,-0.23339000000000001,-0.23263000000000003,-0.22909000000000002,nan,-0.19617,nan,-0.23721,-0.23374,-0.22346,nan,-0.20863,nan,-0.21363000000000001,-0.20693000000000003,-0.20885,-0.19285,-0.18209,nan,-0.20397,nan,-0.20825,-0.19602999999999998,-0.20010999999999998,-0.20711,-0.18854,-0.18124,-0.20104,-0.19992000000000001,-0.18008,-0.18982000000000002,-0.1979,-0.17365999999999998,-0.17933,-0.20939000000000002,-0.20224,-0.19003,-0.19763,-0.19696,nan,nan,-0.18514,-0.18589,nan,-0.19775,-0.1754,-0.16923,-0.17169,nan,nan,-0.18349000000000001,-0.18217,nan,-0.17375,-0.14849,-0.16505,-0.19153,-0.19745,-0.19847,-0.18406,-0.17185,-0.1897,-0.19635999999999998,-0.17884,nan,-0.17088,nan,nan,nan,-0.17247,-0.18520999999999999,nan,-0.17431,nan,-0.17298,-0.16419,-0.17657,-0.18649000000000002,nan,-0.16727999999999998,nan,-0.17260999999999999,-0.15584,-0.18674000000000002,-0.19062,-0.17064000000000001,nan,-0.17338,-0.16434,-0.17631,-0.18553,nan,-0.15955999999999998,-0.17238,-0.16192,-0.15934,-0.17268,-0.17132999999999998,-0.17134000000000002,-0.16899999999999998,-0.15865,-0.16559000000000001,nan,-0.15953,-0.16591,-0.16821,-0.15978,-0.16566,-0.17188,-0.1721,-0.18139,-0.17662,nan,-0.14542,-0.1616,-0.17226,-0.17217000000000002,-0.17048,-0.16927999999999999,-0.17238,nan,nan,-0.17431,-0.18572,-0.16657,-0.1609,-0.18256,nan,-0.15341,-0.17142000000000002,nan,-0.17882,-0.18544000000000002,-0.18837,-0.16729000000000002,-0.16014,-0.17984,-0.18207,-0.16515,nan,-0.15811,-0.15764,-0.15997,-0.15661,-0.16375,-0.18691,-0.19777999999999998,-0.18364,-0.16879,nan,nan,-0.16748,-0.15984,nan,nan,-0.18458,nan,-0.17440999999999998,-0.18433,nan,-0.16660999999999998,-0.17222,nan,-0.17318,-0.18995,-0.19768,-0.17290999999999998,-0.14816,-0.16124000000000002,nan,-0.17534,-0.17301,-0.19201,-0.19760999999999998,-0.19582,-0.19757,-0.18102000000000001,-0.16647,-0.17215,-0.17807,-0.18930999999999998,-0.19662000000000002,nan,-0.18513,-0.19825,-0.19766,-0.19212,-0.19845,-0.20749,nan,-0.20364000000000002,-0.19738,-0.19330999999999998,-0.19760999999999998,-0.1958,-0.19247999999999998,-0.20725,-0.22186999999999998,nan,-0.24394000000000002,-0.23709000000000002,-0.20968,-0.20845999999999998,nan,-0.23356999999999997,-0.23879,-0.25119,-0.25624,-0.24765,-0.23949,-0.24745999999999999,-0.24766999999999997,-0.22976,-0.24070999999999998,nan,-0.25690999999999997,-0.23567,-0.24727,nan,-0.26963000000000004,-0.26802,-0.26694,-0.27498,-0.28125,-0.2815,nan,-0.2794,-0.29456,-0.3164,-0.30606,-0.2946,-0.30546999999999996,-0.29297,nan,-0.31104,-0.32329,-0.31468,-0.32835,-0.3472,nan,-0.35599000000000003,-0.34321,-0.34391,nan,-0.37178,-0.39065,-0.38571,-0.35793,-0.35991,-0.38663000000000003,nan,-0.39139,-0.41956000000000004,-0.4545,-0.44982,nan,-0.43216000000000004,-0.46016999999999997,nan,nan,-0.47778999999999994,nan,-0.4754,-0.51422,-0.50567,-0.5041100000000001,nan,-0.5242899999999999,-0.53252,-0.55182,-0.54902,nan,-0.59153,-0.58819,-0.58525,-0.60773,-0.6126199999999999,-0.59655,-0.6047,-0.6108100000000001,-0.597,-0.6119899999999999,-0.63871,-0.6453300000000001,-0.6605300000000001,-0.67306,-0.67273,-0.6812699999999999,-0.6755,-0.6611100000000001,nan,-0.70991,nan,-0.74726,-0.7713399999999999,-0.76532,-0.75659,-0.7652399999999999,-0.76853,nan,nan,-0.8114899999999999,-0.79443,-0.81499,-0.8397700000000001,-0.82621,-0.8230799999999999,-0.85211,-0.86771,-0.86644,nan,-0.9281799999999999,nan,-0.91222,-0.92458,nan,nan,nan,-1.0039,-0.9927299999999999,-0.98435,-1.0098,-1.0266,-1.0224,-1.0291,-1.0389,-1.0343,-1.0436,-1.0647,nan,-1.0591,nan,-1.1085,-1.111,-1.11,-1.1121,-1.1125,-1.1358,-1.1615,nan,nan,-1.1871,-1.1856,-1.1852,-1.199,nan,-1.2092,-1.2049,-1.2093,nan,-1.2017,-1.2396,-1.3097,-1.2938,-1.2381,-1.2482,-1.2737,-1.2848,nan,nan,-1.2691,nan,-1.3059,-1.3025,-1.3074,-1.3130000000000002,-1.3289,-1.3452,-1.3443,-1.3406,-1.3438,-1.3543,-1.3593,-1.3444,-1.3454,nan,-1.3573,-1.3575,-1.3779,-1.3732,-1.4069999999999998,-1.464,-1.4216,nan,-1.3914,-1.3917,-1.3699,-1.3818,-1.3831,-1.3705,-1.3671,-1.3657,-1.3716,nan,-1.3807,-1.3732,nan,-1.3453,nan,nan,-1.3446,-1.3433,nan,-1.3298,-1.3299,-1.3277,nan,-1.2855,-1.2703,-1.2663,-1.2590000000000001,-1.2524,nan,-1.2417,-1.21,-1.2139,-1.2184,-1.1981,-1.2005,-1.2036,-1.165,nan,-1.1386,-1.1371,nan,-1.104,-1.0973,-1.0796,-1.0642,nan,-1.0526,-1.0385,-1.0347,nan,-0.9755799999999999,-0.96052,-0.9657399999999999,-0.9477399999999999,-0.92705,-0.91251,-0.8779299999999999,-0.84085,-0.8258700000000001,-0.81012,-0.7853600000000001,-0.78028,nan,nan,-0.7458199999999999,-0.7185199999999999,-0.67974,-0.66537,-0.6551600000000001,nan,-0.5974,-0.59527,-0.5574399999999999,-0.50138,-0.48353999999999997,-0.46488,nan,-0.39471,nan,-0.31956999999999997,nan,-0.27316,-0.21871,-0.17895,-0.16408,-0.12745,-0.07406599999999999,-0.025240000000000002,0.011413,0.043421,nan,0.15425,0.18915,nan,nan,nan,0.35125,nan,nan,0.49041,0.5433100000000001,0.6139600000000001,0.66255,0.68787,0.74661,0.81834,0.84814,0.88066,0.9425100000000001,0.99439,1.0537,nan,1.15,1.1802,1.2525,1.3166,1.3495,1.3894,1.4494,1.5067,1.5525,1.6042,1.6709,1.7368,nan,1.8193,1.8780000000000001,1.9347,nan,nan,2.0974,2.1366,2.1988,2.2453,nan,2.332,2.416,2.4408,2.4551,2.5219,2.5813,2.6189999999999998,2.6901,2.7405,2.7433,2.7807,2.8386,2.8777,2.9349,nan,3.0163,3.0478,nan,3.1338,3.1846,nan,3.2699,3.2938,3.2861,3.2887,3.3317,nan,3.3585,nan,3.3499,3.3635,nan,nan,nan,3.3688,3.3686,3.3651,3.3684,3.3421,nan,3.2923,3.3209,3.2968,3.2537,3.2254,3.1906,3.1646,3.1578,3.1379,3.0955,3.0604,3.0505,3.0439,3.0256,3.0125,nan,2.9613,2.9358,2.9301,2.8989999999999996,2.8481,2.8306,2.8352,2.8169999999999997,2.793,2.7853,2.7677,2.7403,2.7231,nan,2.7234,2.7136,2.6666,2.6439999999999997,2.6482,2.6299,2.6238,nan,2.6194,2.5985,nan,2.5914,nan,nan,2.5157,nan,2.4941,2.5017,2.4846,2.4701,2.4625,2.4448,nan,2.4406,nan,2.4184,2.4138,2.4038,2.3936,nan,2.3646,nan,2.3333,2.3268,nan,2.2944,nan,2.26,2.2528,2.2566,2.2446,nan,2.2254,2.2063,2.1839,2.1449,nan,2.1241,2.1101,2.0962,2.0985,2.085,nan,2.0617,2.0439,nan,2.0233,nan,1.9819,nan,nan,1.9763,nan,1.9403,1.9317,1.9248,1.9151,1.8998,1.8772,1.8667,1.8689,1.8521,1.8225,1.8168,1.824,1.8104,nan,1.7945,1.7856,1.7543,1.7272,nan,nan,1.7079,1.7092,1.7073,1.6977,nan,1.6680000000000001,1.6704,1.6676,1.6480000000000001,1.6335,1.6269,1.6096,1.5973,1.599,1.5878,1.5676,1.5619,1.5576,1.5428,1.5368,1.5396,1.5311,1.5244,1.5263,nan,1.4974,1.4896,1.4811,1.4741,nan,1.4448,1.4423,1.4519,1.4377,nan,1.4162,1.4263,nan,1.4089,1.3825,1.3598,1.3551,1.3544,1.345,1.3452,nan,1.3414,1.3083,1.2928,nan,nan,1.2852,1.2685,1.2715,1.2617,nan,1.251,1.2575,nan,1.2323,1.2345,1.2304,1.2209999999999999,1.2188,1.2195,1.2082,nan,1.2153,1.2057,1.1676,1.1583,1.1562,1.1364,nan,1.1583,1.1379,1.1322,nan,nan,1.1047,1.1146,1.1085,1.0995,1.102,1.1112,nan,nan,1.0994,1.0993,1.0897,1.0859999999999999,nan,1.0444,1.0407,1.0475,nan,1.0049,nan,1.0151,nan,0.9852200000000001,0.9870700000000001,0.99035,0.95909,0.93915,0.96799,0.9709,0.93574,0.9338799999999999,0.94909,0.9345399999999999,nan,0.9396200000000001,nan,0.92653,0.93395,0.91191,0.8772399999999999,0.8842899999999999,nan,0.8765,0.8773299999999999,nan,0.8632299999999999,0.86465,0.8658399999999999,0.8438399999999999,0.8291299999999999,nan,0.83939,nan,0.8302299999999999,0.82411,0.79989,0.78295,0.7802600000000001,0.7822100000000001,nan,0.76903,0.74845,0.7427,nan,0.74988,0.71545,0.69367,nan,0.71975,nan,0.68602,0.70381,0.71948,0.70662,0.69022,0.69426,0.69945,0.6877,0.68234,0.68471,0.67483,0.67295,nan,0.67606,0.67297,0.68153,0.67679,0.6705899999999999,0.6700699999999999,nan,0.61661,nan,0.6211399999999999,0.62036,0.6056,nan,0.60509,nan,0.59734,0.57853,0.57565,0.58492,0.5807899999999999,nan,0.5632,nan,0.56677,0.5625899999999999,0.57253,0.5696100000000001,0.55684,nan,nan,0.5228,0.53833,0.55167,0.5365800000000001,0.52452,nan,nan,0.53557,0.53547,0.5367,0.53762,0.53514,0.5273899999999999,0.52805,nan,0.53045,0.51413,0.51558,0.53351,0.53695,nan,nan,0.53056,nan,0.5233899999999999,0.51461,0.5140399999999999,nan,nan,0.5164300000000001,0.50053,0.53052,0.55019,nan,nan,0.50973,0.5106,0.49888000000000005,0.50746,nan,nan,0.5002300000000001,0.50203,nan,nan,0.49213,0.50761,0.51144,0.50398,nan,nan,nan,0.46105,0.469,0.48746000000000006,0.47476999999999997,0.46371999999999997,0.47373000000000004,nan,0.46181000000000005,0.4628,0.44975,0.42718,0.42766000000000004,0.43882,nan,0.42613999999999996,0.43615,nan,nan,0.41457,0.41868999999999995,0.43417,0.42368999999999996,0.39586,0.39284,0.40329,0.39431,0.38147,nan,0.36713,nan,0.37153,0.37649,0.37099,0.36496999999999996,nan,0.35203,0.32256999999999997,nan,0.34003,0.33216999999999997,0.3141,0.31651999999999997,nan,0.28118000000000004,0.27926,0.30212,nan,0.29106,0.2848,0.26673,0.25609,0.25773,0.24135,0.2322,0.2426,0.23840999999999998,0.22828,0.21702,0.19852,nan,0.20688,0.19680999999999998,0.19799,0.18988,0.16145,0.15675999999999998,nan,0.14558,nan,0.14115,0.11915999999999999,0.11767000000000001,0.13037,0.13294,0.1161,0.085866,0.071591,0.072622,0.059802999999999995,nan,0.058764,nan,0.031911,0.024897,0.047476,0.04009,0.021840000000000002,0.023902,0.017506,0.012116,0.011604000000000001,nan,-0.008540899999999999,nan,nan,-0.043593,nan,-0.042828,-0.05825,nan,-0.060475,-0.06714500000000001,-0.076139,-0.086488,-0.094559,-0.10034,-0.11165,-0.12085,-0.12205,nan,-0.15913,nan,-0.13439,-0.13683,-0.11979000000000001,-0.13383,nan,nan,-0.14199,nan,-0.16230999999999998,-0.1549,-0.17729,-0.19609000000000001,-0.18733,nan,-0.19584000000000001,nan,-0.19817,-0.22134,-0.24064000000000002,-0.24220999999999998,nan,-0.2281,-0.24122,-0.2438,-0.2507,-0.28298,nan,-0.2813,-0.30041,-0.29629,nan,-0.28184000000000003,-0.29928,-0.29314,-0.30117,-0.31012,-0.30368,-0.30522,nan,nan,-0.30655,-0.32204,nan,-0.33082,-0.33718000000000004,-0.34293,-0.32545999999999997,-0.31372,nan,-0.3571,-0.35522,-0.36551,-0.38286,-0.3801,-0.37353000000000003,-0.38627,-0.40578000000000003,nan,-0.39599,-0.40798,-0.41786999999999996,-0.39502,-0.39565,nan,-0.39804,-0.39329000000000003,-0.41636999999999996,-0.40818000000000004,nan,-0.43091999999999997,nan,-0.41844,-0.43211000000000005,-0.44156999999999996,-0.42768,-0.43043000000000003,-0.44105,nan,-0.43671000000000004,nan,-0.47772,-0.43723,-0.42991999999999997,-0.45686000000000004,-0.46806000000000003,-0.46095,-0.46276999999999996,-0.46626999999999996,-0.45793999999999996,-0.45338,-0.46493,-0.48377,nan,-0.47893,-0.46913999999999995,-0.46237,-0.46152,-0.4707,-0.47553,-0.47602,-0.48368,nan,-0.4776,-0.46548,-0.46182,nan,-0.50021,-0.4887,-0.47528000000000004,nan,-0.48439,-0.47289,-0.48708,-0.50803,-0.50955,nan,-0.47208,-0.48427,nan,nan,-0.46623000000000003,-0.47686000000000006,-0.4755,-0.48791,-0.5036,nan,-0.51103,-0.53417,-0.5379,-0.5253899999999999,-0.52627,-0.5402,-0.55675,-0.57586,-0.58628,-0.57624,nan,nan,nan,-0.56898,-0.55897,-0.57645,nan,-0.59608,-0.5826399999999999,nan,-0.57958,-0.58604,-0.5865199999999999,-0.58745,-0.57982,-0.57507,-0.58317,-0.57896,nan,nan,-0.56742,-0.5745100000000001,-0.57472,-0.56863,-0.57775,-0.5874699999999999,-0.5694100000000001,-0.56024,-0.57533,-0.5825899999999999,-0.59044,-0.59887,-0.58119,-0.5574899999999999,nan,nan,-0.62079,-0.5982,-0.57529,-0.57176,nan,-0.56307,-0.56752,-0.5776,-0.57162,-0.56968,nan,nan,-0.5836,-0.60853,-0.59928,nan,-0.59031,-0.5923,-0.57371,-0.58978,nan,-0.58305,-0.59272,-0.6119399999999999,-0.6059,-0.599,-0.60606,-0.6089,nan,-0.59436,nan,-0.6122,-0.61143,-0.60832,-0.61179,-0.61214,-0.6068,-0.61347,-0.61325,-0.58983,-0.58958,-0.6129,-0.60641,-0.58615,-0.58772,-0.59611,-0.60497,nan,-0.6579,-0.65695,-0.6392800000000001,-0.63594,nan,-0.60742,-0.60018,nan,-0.62134,-0.62448,-0.6433800000000001,-0.64893,-0.6463300000000001,-0.6482,-0.64288,-0.6538,nan,-0.65776,-0.63832,nan,-0.6519,-0.63407,-0.63786,-0.64874,-0.63085,-0.6219899999999999,-0.6350899999999999,-0.62744,-0.6209899999999999,-0.63644,nan,-0.61001,-0.61326,-0.62297,-0.60728,-0.57975,-0.58189,nan,-0.60516,-0.5878,-0.5842,-0.5834600000000001,-0.58775,-0.59788,-0.58992,-0.58816,nan,-0.60196,-0.58118,-0.585,-0.59427,-0.5776,-0.58649,-0.6048399999999999,-0.55902,-0.5945699999999999,-0.61858,-0.48722,-0.59313,-0.62778
3.0,-0.10975,-0.23405,-0.14719000000000002,-0.23471,-0.19401,-0.23621999999999999,-0.21381999999999998,-0.22805999999999998,-0.24819000000000002,-0.25978,-0.2602,-0.2463,-0.25433,-0.25947,-0.25718,-0.25701999999999997,nan,-0.27289,-0.27136,-0.28715999999999997,-0.29688000000000003,-0.29517,-0.30904,-0.29651,-0.30977,-0.3254,-0.32026,-0.34436,-0.33676,nan,nan,nan,-0.322,-0.31106,-0.31301,-0.34073000000000003,-0.34392,nan,-0.36055,-0.38098000000000004,nan,nan,-0.42315,-0.43578999999999996,-0.42155,-0.43831000000000003,-0.45837,-0.45519,-0.4645,-0.47158,-0.47233,-0.48838000000000004,-0.49762,nan,nan,-0.519,-0.53269,-0.5322600000000001,-0.5413100000000001,-0.54632,-0.55018,-0.55906,nan,-0.57318,-0.5725899999999999,-0.57205,-0.5814199999999999,-0.59672,-0.5875199999999999,nan,nan,-0.61248,-0.6366,-0.63449,nan,-0.62297,-0.64676,-0.64832,-0.65489,-0.66285,-0.65528,-0.6663600000000001,-0.67069,-0.67174,nan,-0.67429,-0.69907,-0.69886,nan,-0.70775,-0.71009,-0.70857,-0.70945,-0.70841,-0.71168,-0.72397,-0.7198899999999999,-0.71138,-0.72235,nan,-0.70697,-0.7185199999999999,-0.72122,-0.72016,-0.7207399999999999,-0.72229,-0.7394,-0.74641,-0.73533,-0.73563,-0.7333,-0.74639,nan,-0.73927,-0.74842,-0.74585,-0.74549,nan,-0.76002,-0.748,-0.76025,-0.76262,-0.7557,-0.77235,-0.75938,-0.77213,-0.78095,-0.7709600000000001,-0.78809,nan,nan,-0.8231200000000001,-0.8219,nan,-0.80575,-0.81809,-0.82025,-0.82186,-0.81865,-0.8264799999999999,-0.84915,-0.8343,-0.84691,-0.86519,-0.81575,-0.8177,nan,-0.79791,-0.81235,-0.8106300000000001,-0.82319,nan,nan,nan,-0.8598299999999999,-0.8592700000000001,-0.8684200000000001,nan,-0.8751399999999999,-0.89069,nan,-0.8959999999999999,-0.8991299999999999,-0.9117200000000001,-0.91164,-0.9099299999999999,-0.9199700000000001,-0.92468,nan,nan,-0.9214200000000001,-0.8754200000000001,-0.90891,-0.92143,-0.9108799999999999,-0.9116,nan,-0.92101,-0.92224,-0.9282100000000001,-0.9353799999999999,-0.9351299999999999,-0.9524799999999999,nan,-0.9385,-0.9613799999999999,-0.94894,-0.9589200000000001,-0.96142,-0.95909,-0.9580200000000001,-0.96596,-0.9727,nan,-0.9689700000000001,-0.9609,-0.9746600000000001,-0.9745,-0.98388,-0.97829,-0.9581299999999999,-0.9741200000000001,-0.98787,nan,-0.97115,nan,nan,-0.9839,-0.9744700000000001,-0.98521,-0.97429,-0.97951,-0.9902799999999999,-1.0111,-1.024,-1.0227,-1.0189,-1.0111,nan,-1.0246,-1.0346,-1.0341,nan,-1.0222,-1.0318,nan,-1.0143,nan,-1.0203,-1.0245,-1.0247,-1.0244,-1.0116,-1.0175,-1.0248,-1.0235,-1.0414,-1.0202,-1.0147,-1.0355,-1.0227,-1.0247,nan,-1.0338,-1.0256,-1.0269,-1.037,-1.0308,nan,-1.0145,nan,-1.0358,-1.0245,-1.0235,nan,-1.0241,-1.0123,-1.0143,-1.0245,-1.0208,-1.0227,nan,nan,-1.0116,nan,-1.0119,nan,nan,-1.0021,-1.0137,-1.0013,-1.0004,-1.0092,-0.99723,-0.9988100000000001,-0.98608,nan,-1.0006,-0.9860700000000001,-0.9833,-0.9828899999999999,-0.98456,-0.98113,-0.9714299999999999,-0.9742,-0.97429,-0.9620200000000001,-0.9587600000000001,-0.9633799999999999,nan,-0.93105,nan,-0.9340799999999999,-0.93101,-0.9216799999999999,-0.9236700000000001,-0.9244100000000001,-0.9244899999999999,-0.9118200000000001,-0.9093899999999999,-0.9086299999999999,-0.91132,-0.90161,-0.89691,-0.89246,-0.8854299999999999,-0.8983,-0.88533,-0.8847799999999999,-0.88661,-0.8740600000000001,-0.87249,-0.8663299999999999,-0.85141,-0.8423700000000001,nan,-0.83891,-0.8452200000000001,nan,nan,-0.78527,-0.77236,-0.77979,-0.77881,nan,-0.7539399999999999,-0.74532,-0.7459899999999999,-0.73306,-0.736,nan,nan,-0.73953,-0.71072,-0.7300800000000001,-0.74669,-0.7277100000000001,-0.7371,-0.73201,-0.73663,-0.74868,-0.74866,-0.73705,-0.72319,nan,nan,-0.72002,-0.72129,-0.7188100000000001,-0.7059300000000001,nan,-0.6983,-0.69821,-0.69845,-0.68687,-0.68213,-0.68517,-0.6777,-0.6671600000000001,nan,-0.6653100000000001,-0.64712,nan,nan,-0.63397,-0.63731,-0.6210100000000001,-0.6300100000000001,-0.63139,-0.6373800000000001,-0.5954,-0.54233,-0.56117,nan,-0.5605100000000001,nan,-0.5473600000000001,nan,-0.53606,-0.5372,-0.51966,-0.5356,-0.51666,-0.52377,-0.52173,-0.5222100000000001,-0.52417,-0.5004,-0.5017199999999999,-0.5129100000000001,-0.49833999999999995,nan,-0.50755,-0.49183999999999994,-0.48446999999999996,-0.48477,-0.47297,-0.4707,-0.47406000000000004,-0.45898999999999995,-0.46596000000000004,-0.46693,-0.45342,-0.46143,nan,-0.44759,-0.44737,-0.44783,-0.46028,-0.43735,-0.44136000000000003,-0.44771000000000005,-0.44786000000000004,-0.43612,nan,-0.42031,-0.40667,-0.41002,-0.40998999999999997,-0.39751,-0.39381,-0.40568000000000004,-0.40303,-0.38577,nan,-0.36154000000000003,nan,-0.36856,-0.34589000000000003,nan,nan,-0.33474,nan,-0.32969,-0.30625,-0.32213,nan,-0.30737,-0.32271,-0.30778,-0.30962,nan,nan,-0.30954,-0.30101,-0.28664,-0.28378000000000003,-0.28002,-0.26871999999999996,-0.27274,-0.27104,-0.25979,nan,-0.23296999999999998,-0.24176,nan,-0.24076,-0.22182,-0.22730999999999998,nan,nan,-0.23165999999999998,nan,-0.2328,nan,nan,-0.20699,-0.19505,-0.21398000000000003,-0.20371,-0.21122,-0.20536999999999997,-0.19648,-0.20973000000000003,-0.21028000000000002,nan,-0.19485999999999998,-0.19517,-0.19495,-0.19462000000000002,-0.19549,-0.19462000000000002,-0.19659000000000001,-0.19515,-0.18398,-0.18348,nan,-0.18482,-0.17245,-0.17352,-0.15798,-0.14346,-0.14347000000000001,-0.15059,-0.17157,-0.1465,-0.13435,-0.12136,-0.1313,nan,-0.13224,-0.1485,-0.14435,-0.1437,-0.15005,-0.17246,nan,-0.17009000000000002,nan,-0.15846,-0.16037,-0.14845999999999998,nan,-0.15997999999999998,-0.15758,-0.15732000000000002,nan,-0.14695999999999998,-0.15889,-0.14953,-0.13255,-0.14107,-0.14131,nan,-0.14107,nan,-0.13442,nan,-0.12157000000000001,nan,nan,-0.10693,-0.11012999999999999,-0.09981,-0.093441,-0.09550700000000001,-0.09514,-0.094394,-0.081358,nan,-0.09659,-0.08440800000000001,nan,nan,-0.091146,-0.089889,nan,-0.09981699999999999,-0.09148099999999999,-0.083159,-0.083614,-0.083118,nan,nan,-0.080359,-0.07488,nan,nan,-0.068101,-0.071924,nan,-0.08415,-0.084048,-0.08191,-0.08492000000000001,-0.072808,-0.071598,nan,-0.059503,-0.074837,-0.06829199999999999,-0.074157,-0.083229,-0.060309,-0.05715800000000001,-0.060274,-0.054840999999999994,-0.06698899999999999,-0.070762,nan,-0.051208000000000004,-0.066677,-0.06464500000000001,-0.0079827,-0.020011,nan,-0.016101,-0.014388,-0.0045777000000000005,-0.0086588,-0.010584,nan,-0.017521000000000002,-0.006545399999999999,0.0037139000000000004,-0.008417299999999999,-0.011073000000000001,0.0046835,-0.0045137,-0.0080026,-0.009459899999999999,nan,0.0023675000000000002,-0.008514399999999998,0.006629,0.0027524999999999997,-0.0092123,0.0014056,0.01702,0.009555,0.0023473,0.0077652,0.0018657,0.010809000000000001,0.015493,0.0039025999999999996,0.017504,0.016942,0.0044239,0.012931,0.029474,nan,nan,0.024116,nan,0.029722000000000002,0.0302,nan,0.029085000000000003,0.030541000000000002,0.019949,0.015403,0.025700999999999998,0.033763999999999995,0.024863,0.016375999999999998,nan,nan,0.030518,0.029677,0.016272,0.029247000000000002,0.021181000000000002,0.023512,0.030122000000000003,0.0095631,0.030154000000000004,nan,nan,0.031038,0.029627999999999998,0.016218,0.028883999999999996,nan,0.01414,0.026111000000000002,nan,0.011890999999999999,0.024630000000000003,nan,0.0038436,0.016279,0.004109300000000001,0.024697999999999998,0.032882999999999996,0.030893,0.023955,nan,0.010495,-0.010107,0.0080264,0.0020296,-0.009475299999999999,-0.007264799999999999,-0.029195,-0.033812,-0.032136,-0.030806,nan,-0.025259,nan,-0.031404,-0.020931,-0.033875,-0.00057803,0.018514,0.015813,0.019647,0.016204,0.02021,0.012981,0.0047975000000000005,0.021383000000000003,0.028997000000000002,0.016246,0.016171,0.018213,0.015927,0.020863,nan,nan,0.02011,0.016847,nan,nan,0.0033238,0.016751,0.015373,0.029506,0.021797,0.022890999999999998,0.033652,nan,0.011266,0.007032899999999999,0.015636,-0.0095491,-0.0095015,-9.6612e-05,0.020733,-0.0041855,0.0081494,nan,-0.007085800000000001,0.0043461,-0.0086507,0.004500100000000001,-0.0095678,-0.00905,-0.018269999999999998,nan,-0.0043852,nan,-0.021978,-0.013752,nan,-0.021544999999999998,-0.01999,-0.020998,-0.020408000000000003,-0.029513,-0.044062,-0.044282999999999996,-0.050739,-0.06436599999999999,nan,-0.08430399999999999,nan,-0.084524,-0.096789,-0.09648,nan,-0.09477999999999999,-0.10201,-0.11615,-0.12503,-0.13835,-0.14438,nan,-0.15074,-0.1587,nan,-0.11880999999999999,-0.11287,nan,-0.1301,-0.13585999999999998,-0.15128,-0.16105,-0.17415,-0.18442999999999998,-0.19709000000000002,-0.2086,nan,-0.23164,nan,-0.23956999999999998,-0.24628000000000003,nan,nan,-0.24791999999999997,-0.25966999999999996,-0.25963,nan,-0.28357,-0.27715,nan,-0.27352,-0.28145,-0.26583,-0.27565,-0.28524,-0.28383,-0.28557,-0.29623,nan,-0.33148,-0.32494,nan,-0.33945,-0.35167,-0.35543,nan,-0.36080999999999996,-0.35925,-0.35895,-0.36996,-0.37328,-0.36663,-0.38639,-0.39608000000000004,nan,-0.41011000000000003,-0.40876,-0.42471000000000003,nan,-0.4351,nan,-0.43196999999999997,nan,-0.46848999999999996,-0.4705,-0.47076999999999997,-0.47075,-0.47131999999999996,-0.47173999999999994,-0.47261000000000003,-0.48436,nan,-0.49532,-0.50613,-0.5017199999999999,-0.4975,nan,nan,-0.5219199999999999,-0.52166,nan,nan,-0.52285,nan,-0.55692,-0.55993,-0.54952,-0.5512699999999999,-0.55683,-0.56309,-0.5693600000000001,-0.56088,nan,-0.58645,-0.59345,-0.59587,nan,-0.61743,-0.61051,-0.64573,nan,-0.63684,-0.6622600000000001,nan,nan,-0.6805899999999999,-0.68517,-0.68294,-0.6829,-0.6871,-0.70173,-0.71211,nan,nan,-0.7358600000000001,-0.7337,-0.74546,-0.74628,nan,-0.7619,-0.7565,-0.76334,nan,-0.78833,-0.8122699999999999,-0.81174,-0.8088,nan,-0.81071,-0.8213299999999999,nan,-0.84631,-0.8459,nan,-0.8626299999999999,nan,-0.87459,-0.87118,-0.89543,-0.8871700000000001,nan,nan,-0.91553,-0.89251,-0.8557,-0.87764,-0.8855,-0.8984700000000001,-0.91007,-0.91927,-0.9327200000000001,-0.93285,-0.9350200000000001,-0.92986,-0.94419,-0.98196,-0.99979,-1.0118,-1.0118,-1.0102,-1.0201,-1.0319,-1.0344,nan,-1.0339,-1.033,-1.0361,-1.0499,nan,-1.0362,-1.0471,nan,nan,-1.0497,-1.0822,-1.0924,-1.0628,-1.0825,-1.0961,-1.0871,-1.1119,-1.1132,-1.0965,-1.1077,nan,-1.1172,-1.1183,-1.1065,-1.1109,-1.1098,-1.1111,nan,nan,-1.1257,-1.1107,nan,-1.125,nan,nan,-1.1139,-1.1226,-1.1096,-1.112,nan,-1.1231,-1.1235,-1.1152,-1.0967,-1.0772,-1.0958,-1.0859999999999999,nan,nan,-1.0486,-1.0357,nan,-1.046,nan,-1.0173,nan,-1.0201,-1.0239,-1.021,-1.0094,nan,nan,-0.9750200000000001,-0.96341,-0.95039,-0.94019,-0.9227799999999999,-0.90099,-0.8988,-0.9117299999999999,-0.89338,-0.8612,-0.86092,-0.8509700000000001,-0.82863,-0.80245,-0.79082,-0.7700899999999999,nan,-0.7570100000000001,-0.7450100000000001,-0.73156,nan,nan,-0.6973199999999999,-0.61233,-0.58478,nan,-0.54973,-0.53922,-0.51364,-0.50683,-0.4798,-0.45975,-0.46043999999999996,-0.43732,-0.43317,nan,-0.40765999999999997,nan,-0.35281,-0.35961,-0.33715,-0.30575,-0.28429,-0.26033,-0.24905,-0.21816,-0.18893,-0.16465,-0.12205,-0.10299000000000001,-0.087774,-0.067911,-0.055357,-0.0068454,0.03943,nan,0.079782,0.12226,0.141,nan,0.21654,0.24308000000000002,0.29144000000000003,0.32044,0.34355,0.37729,nan,0.44097,0.52367,0.59009,nan,0.6260100000000001,0.6713399999999999,0.71816,0.7447699999999999,0.77113,0.8295799999999999,0.8403700000000001,0.8891100000000001,0.93195,0.9418799999999999,1.0139,1.0559,nan,1.1106,nan,1.1964,1.2172,1.2744,1.2943,nan,1.3827,1.4038,1.4444,nan,1.5256,1.5498,1.5854,1.6191,nan,1.6880000000000002,1.7122,1.7423,1.7701,1.7667,1.7837,1.8534,nan,nan,1.9462,1.9534,1.9997,2.031,2.0884,2.1226,2.1858,nan,2.237,2.2789,nan,nan,nan,2.4281,2.4457,2.4561,nan,2.5367,2.5493,2.5657,2.5885,nan,2.6476,nan,nan,2.7297,2.7436,2.7492,2.7487,2.7692,2.7886,2.8008,2.8116,2.8224,2.8367,nan,2.8426,2.8446,2.8721,2.9056,2.8944,nan,2.8992,2.9118,2.8991,2.8855,2.8947,2.9025,2.8801,2.8703,2.8694,2.8553,2.8434,2.8175,nan,2.8117,2.7868,2.7861,2.7679,2.7494,2.7427,2.7252,2.6973,nan,2.6988,2.6831,2.6602,2.6485,2.6407,2.6053,2.6009,2.6107,nan,2.5749,2.5856,2.5677,2.5601,2.56,2.5471,2.5483,nan,2.544,nan,nan,2.5048,2.4955,2.4947,2.4698,2.4598,2.4491,2.4337,2.4404,2.4076,2.3951,nan,2.3679,2.3732,2.3724,nan,nan,2.3716,2.3628,2.3564,2.3625,nan,2.3455,2.3447,2.326,2.3072,2.3099,2.2965,2.2726,2.2821,nan,2.2625,2.2527,2.24,2.2288,2.2193,2.2055,2.197,nan,2.1986,2.1836,2.1854,2.1743,2.1702,nan,nan,2.1428,2.1319,2.1345,2.1336,2.1214,2.1209,nan,2.0997,nan,2.0756,2.0702,2.0691,2.0558,2.0455,2.0333,2.021,2.022,2.0032,nan,2.012,nan,2.0173,2.0041,1.996,1.9961,1.9967,1.9974,1.9831,nan,1.9871,1.9852,1.974,nan,1.9959,1.9822,nan,1.9708,1.9722,1.9369999999999998,1.9424,1.9343,1.9069999999999998,1.9102,nan,1.9080000000000001,1.8906,nan,1.8825,1.8476,nan,nan,1.8405,1.8437,nan,nan,1.8232,1.8078,1.8059,1.7968,1.8201,1.8012,nan,1.8019999999999998,1.7841,nan,1.7745,1.7764,1.7781,1.7414,1.7454,1.7345,nan,nan,1.7193,1.7325,1.7204,1.7093,nan,1.7039,1.7097,1.7068,1.6843,1.6711,1.671,1.6632,1.6531,1.6679,1.6629,1.6377,nan,nan,nan,1.6213,1.608,1.6084,1.6059999999999999,1.6118,nan,1.5846,1.5969,1.5759,1.5555,1.5442,1.5444,nan,nan,1.5185,1.5172,1.4964,nan,1.4882,1.4854,1.4926,1.4551,1.4444,nan,nan,1.425,1.4112,1.4074,nan,1.3869,1.3653,1.3575,1.357,1.3449,1.3439,1.3464,1.3359,1.3247,1.3121,1.3043,1.2875,nan,1.2782,nan,1.2575,1.2446,1.2567,1.2409999999999999,1.2281,nan,1.2125,1.2294,1.2469,1.2441,1.2445,1.232,1.219,1.2132,1.1917,1.2109999999999999,nan,1.1561,1.1685,nan,1.1157,1.0928,1.0817,1.0588,1.0453,1.044,1.0472,1.0368,1.0326,1.0277,1.0172,1.001,0.98131,0.9815,nan,0.95793,0.93001,0.91438,0.91811,0.89589,0.89551,0.89005,0.8803799999999999,nan,0.85551,0.86871,nan,0.8327700000000001,0.82083,0.78666,0.78789,0.78933,0.7611100000000001,0.7575,0.75398,nan,0.70827,0.69185,0.70611,0.69082,nan,nan,0.63853,0.62364,0.60472,nan,0.59243,0.594,0.57153,0.57043,0.55232,nan,nan,0.51085,0.5030600000000001,nan,nan,0.46647,0.45553999999999994,nan,nan,0.41003,0.39933,0.38828,0.3747,0.36593000000000003,0.34903,0.32916999999999996,0.3293,0.31768,0.30863,0.28328000000000003,0.28447,0.25459,0.22224000000000002,0.23365,nan,nan,0.214,0.16566,0.15308,0.15703,0.13593,0.12692,0.13577,0.11740999999999999,nan,0.10312,nan,0.07792400000000001,nan,0.040808,0.042815,0.032629000000000005,nan,nan,nan,nan,-0.043095999999999995,-0.06046,-0.073931,nan,nan,-0.080111,-0.08576399999999999,-0.077123,-0.098506,-0.11270999999999999,-0.1289,-0.12871,nan,nan,-0.17269,-0.18487,nan,-0.14608,-0.17323,-0.17129,-0.19451,-0.18784,-0.18666,-0.2143,-0.2213,-0.2226,-0.23314000000000001,-0.23401,-0.23071999999999998,-0.24136999999999997,-0.25043000000000004,-0.27068000000000003,-0.28925,-0.29917,-0.30956,-0.30927,-0.32302,-0.32306,-0.31856,nan,-0.34342,-0.3597,-0.37340999999999996,-0.3726,-0.38903000000000004,-0.3967,-0.3951,-0.39759,-0.42157,-0.4223,-0.42162,-0.4181,-0.43571000000000004,-0.44958000000000004,-0.44486000000000003,-0.44659,-0.4485,-0.46019,-0.45938999999999997,-0.45933999999999997,-0.46941000000000005,-0.48283000000000004,-0.4833,-0.48496999999999996,-0.48011000000000004,nan,-0.4925,-0.48533999999999994,-0.49825,-0.49843999999999994,-0.50965,-0.49856000000000006,-0.5045,nan,-0.52541,-0.50849,-0.51979,-0.53109,nan,-0.53397,-0.52267,-0.54738,-0.5481699999999999,-0.55562,-0.55285,-0.54186,-0.5534899999999999,-0.55901,-0.55658,-0.56119,nan,-0.5723199999999999,-0.5726600000000001,-0.5714899999999999,-0.5808800000000001,-0.58715,-0.5734100000000001,-0.57509,-0.58737,-0.57813,-0.57192,-0.58704,-0.58401,-0.57255,-0.5839300000000001,-0.58311,nan,nan,nan,nan,-0.63654,nan,-0.6354,-0.63466,-0.6230600000000001,nan,-0.6326,-0.6341899999999999,-0.63384,nan,-0.63535,-0.63056,-0.6391600000000001,nan,-0.63574,-0.64858,nan,-0.6292399999999999,-0.63821,-0.6238100000000001,-0.61883,nan,-0.63353,-0.6147100000000001,-0.61052,-0.62279,-0.62285,nan,-0.61129,-0.60058,-0.58612,-0.58849,-0.59905,-0.5949300000000001,-0.59647,-0.58011,-0.5731,-0.5856600000000001,-0.5735,-0.5707300000000001,-0.56455,nan,-0.55248,-0.55672,-0.53825,-0.53675,-0.54752,-0.53285,-0.51012,-0.50745,nan,-0.50331,-0.49345,-0.49762,nan,-0.49601999999999996,-0.49775,-0.49501000000000006,-0.48458999999999997,-0.48565,-0.47312,-0.47086000000000006,-0.47107,-0.47189,-0.46381000000000006,nan,-0.45898,nan,-0.44363,-0.43525,-0.44843999999999995,-0.43733999999999995,-0.42101000000000005,nan,nan,-0.41528000000000004,-0.41698,-0.40543,nan,-0.39271,-0.39826,-0.40985,-0.38759,-0.37055,-0.3816,-0.37831,nan,-0.36194,-0.37435,-0.36623,-0.35923,-0.37339,-0.37249,-0.35952,-0.36846,-0.36853,-0.32211999999999996,-0.3025,-0.31396999999999997,-0.32414,-0.3152,nan,-0.32132,-0.30971,-0.32155,-0.31138000000000005,-0.30698000000000003,-0.30727,-0.31477,-0.32164,-0.3215,-0.31711,nan,-0.32269000000000003,nan,-0.30763,nan,-0.30884,-0.31745999999999996,-0.31429,nan,-0.32531,-0.31599,-0.30841,-0.32483,-0.33505999999999997,-0.322,-0.33326,-0.33233,-0.34409,-0.33597,-0.34404,nan,-0.34367,-0.36293000000000003,-0.35631999999999997,nan,nan,-0.36939,-0.37478,-0.35806,-0.36744,-0.36369,nan,-0.36917,-0.35823,-0.37346999999999997,nan,-0.37235999999999997,nan,-0.35596,nan,-0.37918,-0.38111999999999996,-0.36144,-0.36317,-0.38883,-0.3816,-0.37269,-0.37334,-0.35727,-0.38087,nan,-0.35834,nan,-0.36046,-0.36269,nan,-0.37323,-0.38529,-0.37308,-0.37065,-0.37224,-0.36984,-0.37176,-0.36574,nan,nan,nan,-0.35907,-0.35885,-0.34621999999999997,-0.36954000000000004,nan,-0.35716,-0.35065,-0.34779,-0.36175999999999997,-0.35569,nan,-0.35791,-0.3601,-0.37221,-0.36193000000000003,-0.34585,nan,-0.35683000000000004,-0.3231,-0.30455,-0.30875,-0.30848000000000003,-0.30814,-0.3101,-0.32236,nan,-0.30769,-0.30725,-0.31516,nan,-0.32304,-0.3396,-0.34565999999999997,-0.34615,-0.34654,-0.34671,-0.34657,-0.34426,-0.35407,-0.36466,-0.37958000000000003,nan,-0.3683,-0.37228,-0.37113,-0.37243000000000004,-0.37256999999999996,-0.37116,-0.38115,-0.38634,-0.37967,-0.39276,-0.38629,-0.36846999999999996,-0.39019000000000004,-0.37924,-0.37423,-0.40938,-0.39774,-0.40471,-0.40328,-0.38771,-0.41088,nan,-0.42022,nan,nan,-0.42208999999999997,-0.42246000000000006,-0.43341999999999997,-0.43549,-0.43183999999999995,-0.44137,-0.44872,-0.44365,-0.44953000000000004,-0.44182,-0.43593999999999994,-0.44803000000000004,-0.44806999999999997,-0.47024,nan,-0.4543,nan,nan,nan,-0.46518000000000004,-0.46071000000000006,-0.47181999999999996,nan,-0.48563,-0.47167,-0.49296999999999996,-0.48993000000000003,nan,-0.48343,-0.48846000000000006,-0.49722,-0.49896999999999997,nan,-0.50962,-0.51005,-0.5070899999999999,nan,-0.52299,-0.53532,-0.54572,-0.5263,-0.5411699999999999,nan,-0.56261,-0.55752,nan,nan,-0.57311,-0.5536399999999999,-0.6288,-0.52331
6.0,0.1279,-0.00018849,0.031356999999999996,0.10776,0.048947000000000004,0.080089,0.10549000000000001,0.073951,0.070994,0.064312,0.040485,0.024205,0.027464999999999996,0.026399000000000002,0.0050804,-0.0026528000000000003,0.006572199999999999,0.007912100000000002,0.010417000000000001,0.016788,0.011962,0.006456699999999999,0.007704399999999999,nan,0.012847999999999998,0.019407,nan,0.016717,0.021100999999999998,0.029735,0.038837,nan,0.027311000000000002,nan,0.052399,nan,0.040154,0.056926,0.061684,0.060939,0.06004299999999999,nan,0.043411,0.061364999999999996,0.06267400000000001,0.05418099999999999,0.049231,0.049194,nan,0.044102999999999996,0.03963,nan,0.040478,0.026641,0.028038,0.021366999999999997,0.0201,0.028131,0.015031999999999998,nan,-0.0011905,-0.002548,nan,-0.012417000000000001,-0.01516,-0.0239,-0.019761,nan,-0.014322,-0.01207,-0.017425,-0.025481999999999998,nan,-0.033510000000000005,-0.047316000000000004,-0.045972000000000006,-0.049951,-0.058628999999999994,-0.056554999999999994,nan,-0.060748,-0.06892999999999999,nan,nan,-0.09254,-0.11117,-0.12107000000000001,-0.11579,-0.12403,-0.13199,-0.11319000000000001,-0.11402000000000001,-0.13105,-0.12201,-0.12605999999999998,-0.14344,nan,nan,-0.15298,-0.15270999999999998,-0.16469,-0.1804,-0.1832,-0.18338,-0.1825,-0.18434,nan,nan,-0.20375,-0.20661999999999997,-0.22218000000000002,-0.23574,-0.2338,-0.23753000000000002,-0.25895,nan,-0.26615,-0.26566999999999996,-0.28121999999999997,-0.29013,-0.27991,-0.27342,-0.28719,-0.2884,-0.28657,-0.30371,-0.28693,-0.24861,-0.25601999999999997,-0.27653,nan,-0.29595,-0.30908,-0.31042,-0.32163,nan,-0.32831,-0.32013,-0.31898000000000004,-0.33191,-0.34665999999999997,nan,-0.35864,-0.36629,-0.36251,-0.36011,-0.38029,-0.39810999999999996,nan,-0.39274000000000003,-0.39701,-0.40859,-0.43185,-0.44878999999999997,nan,-0.44806,-0.46425,nan,nan,-0.47918,-0.47976,-0.4826,-0.49118999999999996,-0.48377,-0.48062,nan,-0.49943999999999994,nan,nan,-0.51284,-0.51757,-0.52513,-0.52315,-0.5212600000000001,nan,-0.51774,nan,-0.48281999999999997,-0.5000100000000001,-0.51317,-0.5108699999999999,-0.51961,-0.5373,nan,-0.57384,-0.5927,-0.59763,-0.59601,-0.59939,-0.61169,-0.62752,-0.63094,-0.62342,-0.61944,nan,-0.63768,-0.65361,-0.66125,-0.65993,-0.66097,-0.66171,nan,-0.6716300000000001,nan,-0.70514,-0.69233,-0.6967300000000001,-0.71463,-0.71463,-0.71226,-0.72896,-0.7450899999999999,nan,-0.74732,-0.7567,-0.75595,-0.75337,-0.7569,nan,-0.79485,-0.79471,-0.78925,-0.80196,-0.81358,nan,nan,-0.7934899999999999,-0.7724,-0.7894399999999999,-0.79304,-0.77928,-0.79356,-0.81805,-0.8135100000000001,-0.80789,nan,-0.83275,nan,nan,-0.87331,-0.8757799999999999,-0.8865299999999999,-0.8944799999999999,-0.9012700000000001,-0.90349,nan,-0.91333,-0.91912,-0.93095,-0.9475399999999999,-0.9414899999999999,-0.9290200000000001,-0.93866,nan,nan,-0.93639,-0.9372299999999999,-0.9180299999999999,-0.91875,-0.9381700000000001,nan,nan,-0.93595,-0.9366899999999999,-0.94068,-0.95096,-0.9587600000000001,-0.9660799999999999,-0.97019,-0.96465,-0.9584799999999999,-0.9617899999999999,nan,nan,-0.97888,-0.97857,nan,-0.9797,-0.9849399999999999,-0.98949,-0.9889700000000001,-0.98108,-0.9772700000000001,-0.9961399999999999,-1.0117,-0.99513,-0.9877600000000001,nan,-1.0014,-0.9963799999999999,nan,nan,-0.99754,-1.0002,-1.0001,-0.9981,-1.0017,-0.9962,-0.98935,-0.99575,-0.99823,-1.0015,nan,-1.0193,-1.0068,nan,-0.9968299999999999,-1.0032,-1.0114,nan,nan,-1.0134,nan,-1.0002,nan,nan,-0.9967,nan,-1.0086,-1.0002,-1.0064,-1.0073,-1.0007,nan,-1.0068,-0.99879,-1.0089,nan,-1.0049,-1.0008,-0.9992,-0.99845,-0.99998,-1.0005,-0.9934,-0.98505,-0.99036,-0.99859,-0.99445,-0.9885299999999999,-0.99764,nan,-0.9931,-0.99025,-0.998,-0.9948,nan,-0.98916,-0.98618,-0.9919600000000001,nan,-0.9911,-0.98756,-0.9879600000000001,nan,-0.98346,-0.9875700000000001,-0.9804799999999999,-0.9776100000000001,-0.9776,-0.9804700000000001,-0.98845,-0.98346,-0.97705,-0.9803299999999999,-0.97801,-0.97969,-0.9779399999999999,nan,-0.97283,-0.97934,-0.9802200000000001,nan,nan,-0.9698,nan,-0.9662299999999999,-0.9564,nan,-0.9685299999999999,-0.9679,-0.9678,-0.96509,nan,-0.98454,nan,-0.97577,nan,nan,-0.96539,-0.96486,-0.95535,-0.96814,-0.97206,nan,-0.97075,-0.9803,-0.96646,nan,-0.96793,-0.9766600000000001,-0.98009,-0.99085,-0.99854,-0.99902,-0.9994,-1.0006,-0.99869,-0.9991700000000001,-1.0004,-0.9990000000000001,nan,-0.99845,-0.9999299999999999,-1.0023,-0.99239,-0.99034,-0.99944,-0.9917100000000001,-0.99082,-1.0011,-0.9754700000000001,-0.94516,-0.94821,nan,-0.9582,-0.95442,-0.93825,nan,-0.9405,-0.94744,nan,nan,-0.9437700000000001,nan,-0.94189,-0.9445,-0.9362299999999999,-0.93395,-0.9355399999999999,-0.9355399999999999,-0.93647,-0.9293299999999999,-0.9233399999999999,-0.9271299999999999,-0.9266200000000001,-0.9209299999999999,-0.91261,-0.9051600000000001,-0.9028799999999999,-0.9033,-0.9053700000000001,-0.90446,-0.90151,-0.90553,-0.9063399999999999,-0.88938,nan,-0.8947200000000001,-0.8944200000000001,-0.89099,-0.89386,-0.89395,-0.88876,nan,-0.8740100000000001,nan,-0.8795200000000001,-0.8717299999999999,-0.87249,-0.8717600000000001,-0.8728899999999999,nan,-0.86341,-0.8610200000000001,nan,-0.8522200000000001,-0.8502,nan,-0.8424799999999999,-0.8416,-0.83342,nan,-0.80953,-0.80294,nan,-0.79988,-0.80013,-0.7934,nan,nan,-0.79214,-0.80178,-0.80961,-0.8083,-0.80771,-0.80903,-0.8086899999999999,-0.80514,-0.79356,-0.78885,-0.79152,-0.7731899999999999,nan,-0.7337199999999999,-0.7359399999999999,-0.73307,-0.73543,-0.73664,-0.72715,-0.71155,-0.70305,-0.70404,-0.70048,-0.69363,-0.69125,-0.6915,-0.69325,-0.6933699999999999,-0.68595,-0.68021,-0.68225,-0.6807300000000001,-0.6831699999999999,-0.69409,-0.69463,-0.68472,-0.68042,-0.67302,-0.65399,-0.65075,nan,nan,nan,-0.64589,-0.63055,-0.6199899999999999,nan,-0.61956,-0.61343,-0.59167,-0.58781,nan,-0.57382,nan,-0.54545,-0.5483399999999999,-0.52909,-0.52358,nan,nan,-0.50216,-0.5132800000000001,nan,-0.49838000000000005,-0.5010399999999999,-0.49243000000000003,-0.48733000000000004,-0.49035,-0.48085,-0.46924,-0.47171,-0.46721,-0.45908999999999994,-0.46638,-0.46576999999999996,nan,-0.43845,-0.43704,-0.43963,nan,-0.4441,-0.43451999999999996,-0.43961999999999996,-0.4417,-0.42708,-0.41539,-0.41652,-0.41618999999999995,-0.41668999999999995,-0.41766000000000003,-0.40813,-0.40404,-0.40563,-0.39748,-0.38645,-0.38566999999999996,-0.39608000000000004,-0.39871,-0.38353000000000004,-0.37444,-0.38366999999999996,-0.38263,-0.368,-0.36451,-0.36456,-0.36001,-0.36569,-0.37458,-0.36746,-0.36246999999999996,-0.36451,-0.36086999999999997,-0.36939,-0.37326,-0.35563,nan,-0.3668,-0.36469,nan,nan,-0.36178,-0.3457,-0.33966999999999997,-0.34304,-0.33371999999999996,-0.31401,-0.30866,-0.31056,-0.30934,-0.31608,nan,-0.30262,-0.28696,nan,-0.29991,-0.28291,nan,nan,-0.29006,-0.2909,-0.285,-0.27871,-0.27786,-0.28231999999999996,-0.29245,-0.2915,-0.27221,-0.26905999999999997,-0.27987,nan,nan,-0.2706,-0.26969,-0.25673,-0.26097,-0.26837,-0.25892,-0.2591,-0.26965,-0.25989,nan,-0.23584000000000002,-0.23684000000000002,-0.23465,-0.24269000000000002,-0.2457,-0.22854000000000002,-0.21391,nan,-0.21481,-0.20592,-0.20440999999999998,-0.20427,nan,-0.21181999999999998,-0.21272,-0.20513,nan,-0.18622,-0.18419000000000002,-0.19361,-0.19444,-0.19392,-0.19460999999999998,-0.18498,-0.18475999999999998,nan,-0.19595,nan,-0.18265,-0.18402000000000002,-0.18223,-0.18444000000000002,-0.18147,-0.17335,-0.17205,nan,-0.17351,-0.18228,-0.1781,-0.17210999999999999,-0.17339000000000002,-0.16444,-0.1647,-0.17328,nan,nan,-0.15347,nan,-0.14873,-0.15354,-0.15265,-0.14187,nan,-0.15355,nan,-0.1445,-0.13790999999999998,-0.13104000000000002,nan,nan,-0.14107999999999998,-0.14007999999999998,-0.14769000000000002,nan,-0.14194,-0.13931,nan,-0.14125,-0.14148,-0.13828,nan,-0.15264,nan,-0.13918,-0.14082,-0.13224,-0.12686,-0.13205999999999998,-0.14132,-0.14945,-0.15113,-0.15257,-0.1533,-0.14342,-0.14225,-0.15225999999999998,-0.15124,nan,nan,-0.16987,-0.18027,-0.18084,-0.17318,nan,-0.18125,-0.17202,-0.17857,-0.19235,nan,-0.19425,-0.20207,-0.2044,-0.20599,-0.21295999999999998,-0.21491999999999997,nan,-0.22518000000000002,-0.23394,-0.23624,-0.23718000000000003,-0.2431,-0.25861,-0.26866,-0.25916,-0.25066,-0.26652,nan,-0.27042,-0.26578,-0.2679,-0.26811,-0.27433,-0.27926,-0.27964,-0.28644000000000003,-0.29162,-0.28833000000000003,-0.2896,nan,-0.28647,-0.29123000000000004,nan,-0.31451999999999997,-0.32466999999999996,-0.3415,-0.3491,-0.35564,nan,-0.36357,-0.36327,-0.36211,-0.3538,-0.35525,-0.3689,-0.37526,-0.37914000000000003,-0.39929000000000003,-0.42046999999999995,nan,-0.42767,-0.42566000000000004,nan,-0.44236000000000003,-0.45142,-0.44653000000000004,-0.44678,-0.46015,-0.47431,-0.48188000000000003,nan,nan,-0.48905,-0.48867,-0.5042,nan,-0.50234,-0.50385,-0.52685,nan,-0.54555,nan,nan,-0.56662,-0.57087,-0.5836100000000001,-0.59921,-0.60612,-0.61512,-0.6172300000000001,-0.61966,-0.63438,nan,-0.6282300000000001,-0.64394,-0.67015,-0.68529,-0.69348,-0.69281,-0.6906100000000001,-0.6932,-0.69292,-0.69317,-0.71141,nan,-0.74207,-0.75173,-0.7689199999999999,-0.77609,nan,-0.79077,nan,-0.80504,-0.81119,nan,-0.8297100000000001,-0.8283299999999999,-0.83255,-0.84204,nan,nan,-0.83237,-0.84655,-0.85903,nan,-0.86208,nan,-0.88734,-0.89515,-0.9101,-0.9222100000000001,-0.9265100000000001,-0.93548,-0.9485,-0.9650799999999999,-0.98115,-0.98755,nan,-1.0042,-1.0211,-1.0236,-1.0174,-1.0235,-1.0379,nan,-1.0553,-1.0641,nan,-1.0652,-1.0751,-1.0809,nan,-1.1104,-1.1258,nan,-1.1335,-1.1275,-1.133,nan,-1.1496,-1.1586,-1.1656,-1.1715,-1.1937,-1.2183,-1.2182,-1.2105,-1.2207,-1.2303,nan,-1.2459,-1.2532,nan,-1.2558,-1.2647,-1.2624,-1.2686,nan,-1.2958,nan,-1.2968,-1.2967,-1.3066,-1.3232,nan,-1.327,-1.3317,nan,-1.3408,-1.3355,-1.344,-1.3618,-1.3622,-1.3572,-1.3772,nan,-1.3962,-1.3898,-1.3932,-1.3884,-1.4002,-1.4142,nan,-1.4032,-1.4181,-1.4258,-1.4241,-1.4196,-1.4123,-1.4121,-1.4187,nan,-1.4257,-1.4274,-1.4412,-1.4438,-1.4342,-1.4387,nan,-1.4461,-1.453,nan,-1.445,nan,nan,-1.4538,nan,-1.4555,-1.4541,nan,-1.4553,nan,-1.4689,-1.4684,-1.4556,-1.4580000000000002,nan,nan,-1.4659,-1.4641,-1.4572,-1.4542,-1.4527,-1.4441,-1.4352,nan,-1.4208,-1.4148,-1.4113,-1.4133,-1.4138,nan,-1.4144,-1.4102,-1.4038,-1.3982,-1.3764,-1.3477,-1.3387,-1.3368,-1.3229,-1.3089,-1.2994,-1.2925,-1.2865,-1.2781,-1.2652,-1.248,-1.2348,-1.2308,-1.2318,-1.2218,-1.2042,-1.1968,-1.1861,-1.171,-1.1636,-1.1489,-1.1264,-1.1169,-1.113,-1.103,nan,-1.0847,nan,nan,-1.0338,-1.0211,-1.0074,-1.0011,-0.9928899999999999,-0.98334,-0.96826,-0.9422200000000001,-0.92781,-0.92427,-0.9084399999999999,-0.8833799999999999,nan,nan,-0.81465,-0.80166,-0.79711,-0.7814300000000001,-0.75715,-0.7359899999999999,-0.7136,-0.6877300000000001,nan,-0.66866,nan,-0.60626,-0.5737,-0.5555100000000001,-0.53841,-0.5233300000000001,-0.50868,-0.48595,-0.46429,-0.45451,nan,nan,-0.36613,-0.34600000000000003,-0.29855,-0.27121999999999996,nan,-0.23788,-0.19896,-0.16135,-0.13825,-0.12528,-0.09299400000000001,-0.052503999999999995,-0.026185000000000003,0.0035394,0.035187,0.05234199999999999,0.073487,0.11282,nan,0.17504,0.22184,0.2572,0.2758,0.30578,0.34404,nan,nan,0.4443,0.46818999999999994,0.51373,0.56047,0.58972,0.62562,0.6625,nan,0.73797,nan,0.8279,0.86034,nan,0.94991,0.96536,1.0094,1.0501,1.0763,1.1342,nan,1.2128,1.2636,1.3109,1.3484,nan,1.4355,1.4606,1.5174,1.5681,1.6064,nan,1.6864,1.7454,1.7856,1.8154,1.8811,1.9381,1.972,nan,2.0561,2.1023,2.1735,nan,2.2625,2.3003,2.3409,2.4088,2.4527,nan,2.5355,2.595,2.6296,2.6895,2.7406,nan,2.8207,2.8595,2.9017,2.9574,nan,2.9937,3.0297,3.0765,3.1085,3.1366,3.1574,3.1628,3.1789,3.2036,nan,3.2322,3.2444,3.2528,nan,3.2755,3.2705,nan,3.265,3.2762,3.273,3.26,3.2712,3.2678,nan,3.2231,3.2101,3.1677,nan,3.1305,3.1222,3.0995,nan,3.0317,nan,2.9886,2.9643,2.9653,2.9442,nan,2.8493,nan,2.8175,2.7918,2.7696,2.7388,2.7113,2.6928,2.6701,2.6454,2.6254,2.5998,2.5689,nan,2.5213,nan,2.4629,2.4467,2.4188,2.379,2.3567,2.3455,nan,2.2882,2.2638,2.2542,2.2407,2.2052,2.1716,2.1505,2.121,2.0914,2.073,2.0644,2.0626,2.0433,2.004,1.9814,1.9758,nan,nan,1.9371,1.9159,nan,1.8741,1.8428,nan,1.8099,1.7946,1.7586,1.7558,1.7571,1.7294,nan,1.6871,1.672,1.6572,1.6428,1.6196,nan,1.5971,1.5913,1.5792,nan,1.5774,1.5646,nan,1.5214,1.4968,1.4868,1.4772,1.4618,1.455,1.4415,1.4274,1.4285,nan,1.4173,1.4186,1.3975,1.3819,1.3854,1.3783,nan,1.3614,1.3447,1.3423,1.341,1.3319,1.3265,1.3116,1.2997,1.3011,1.2936,1.2914,1.3008,1.2951,1.2836,1.2791,1.2711,1.2621,1.2567,1.2584,1.2674,1.2674,1.2559,1.2481,1.2472,1.2478,1.2474,nan,1.2482,nan,1.2467,1.2535,1.2603,1.2584,nan,1.2449,1.2491,1.2578,1.2543,1.2447,nan,1.2565,1.2589,1.2584,1.2587,nan,nan,nan,1.2494,1.2501,1.2595,1.2595,1.2566,1.2605,1.2687,1.2779,nan,1.2801,nan,1.2787,nan,1.2896,nan,1.2907,1.2894,1.2881,1.2978,1.2988,1.2899,1.3022,1.3155,1.2977,nan,1.3053,1.3088,1.2908,nan,1.3051,1.2998,1.2987,nan,1.2972,1.2896,1.2974,1.2997,1.2888,1.2873,nan,1.3,1.2908,1.2909,nan,nan,nan,1.3372,1.3434,1.3338,1.3247,1.32,1.3108,1.3030000000000002,1.294,nan,1.2497,1.2431,nan,1.2463,1.2225,1.212,1.2169,1.2077,1.197,1.2196,1.2482,1.2429,1.2306,1.2403,1.248,1.2408,1.2348,nan,1.2097,nan,1.2052,nan,1.1858,nan,1.1842,nan,nan,nan,1.1455,1.1258,1.1225,1.1313,1.1248,nan,nan,1.105,1.0819,nan,nan,1.0617,1.0528,1.0442,1.0351,1.0452,nan,1.0141,1.0103,1.0174,1.0132,1.0136,nan,0.9995799999999999,0.99331,0.98908,0.9717,0.9619700000000001,0.97035,0.96986,0.9577399999999999,0.9510299999999999,nan,nan,0.9495600000000001,0.9335399999999999,0.9214700000000001,0.9164399999999999,0.8988,0.87902,0.878,0.87411,0.8507,0.83511,0.83349,0.8245299999999999,0.82011,0.8313299999999999,0.83278,0.8242799999999999,nan,0.83215,nan,0.80338,0.80266,nan,0.80333,0.7975800000000001,nan,0.78218,0.77903,0.78504,0.7669,0.73837,nan,0.77074,nan,0.74757,nan,0.73788,0.74017,nan,nan,0.72837,0.71537,0.70848,0.73009,0.72617,0.70291,0.71468,0.74653,0.7542800000000001,0.7460600000000001,0.74967,0.75261,0.73873,0.72649,0.71909,0.70416,0.69192,0.6854899999999999,0.67748,0.67495,nan,0.67493,0.67786,nan,nan,0.6734100000000001,0.67352,0.66192,nan,0.64664,0.64564,0.65363,0.6552,nan,0.6412899999999999,0.63334,0.63031,0.6146199999999999,0.61136,0.625,nan,0.60636,nan,0.65672,0.63798,0.64377,0.64804,0.63715,0.633,0.63315,0.63322,0.63247,nan,0.61155,0.61466,0.60834,0.5918899999999999,0.59624,0.6019,0.5903,0.5828,0.57508,0.5686,nan,0.55962,0.5435300000000001,0.53715,0.52564,nan,nan,0.46679,nan,0.45355,0.45252,0.44488,0.44192,0.44126000000000004,0.43332,0.4261,0.41843,0.41018000000000004,nan,0.40559,0.38558000000000003,0.37714000000000003,nan,0.37290999999999996,0.35718,nan,0.37105,0.35328000000000004,0.32924000000000003,nan,0.32571,0.31548000000000004,nan,0.28784,0.28317,nan,0.27933,0.27001,0.26193,0.25476,0.24796999999999997,0.23849,nan,0.23199,0.22815,0.21935,0.22066999999999998,0.21464,0.19549,0.18775999999999998,0.19035,nan,0.16791,0.15044000000000002,0.14539000000000002,0.14493,0.138,0.12945,0.12176,0.11331,0.11235999999999999,0.11327000000000001,0.10134,0.084881,0.08073999999999999,0.081178,0.071871,0.062375,0.060194000000000004,0.059139,nan,0.047586,nan,0.042004,0.023291,0.04553,0.082223,0.077561,nan,0.07308200000000001,nan,nan,0.057574,0.049179,0.049223,0.050089,0.034217000000000004,nan,0.023644,nan,nan,0.014041999999999999,0.023953,nan,-0.0031301,0.0051817,0.004399899999999999,-0.015024000000000001,-0.010142,0.0076574,0.005931399999999999,-0.0023596,-0.006988600000000001,nan,-0.025558,-0.015687,-0.015647,-0.026629000000000003,-0.026125,-0.021391,nan,-0.046319,-0.062453999999999996,-0.068823,-0.066621,-0.066397,-0.07227,nan,-0.06815,-0.054782000000000004,-0.063957,-0.078205,-0.070239,-0.061747,-0.070743,-0.068328,-0.043114,-0.027056,-0.024707,-0.024002000000000002,nan,-0.033838,-0.025807999999999998,-0.026697000000000002,-0.043529000000000005,-0.044027,nan,nan,-0.043247,-0.035347,-0.040931999999999996,-0.045972000000000006,-0.046314,nan,-0.052377,nan,-0.045764,-0.046895,-0.041312,nan,-0.025626999999999997,-0.024361,-0.023148,-0.015207,nan,0.0017293,0.0079946,0.008696299999999999,0.0068959,0.0097883,0.016488,0.019899,nan,0.018059,nan,0.028858999999999996,0.029439999999999997,0.028542,nan,0.020762,nan,0.028385000000000004,nan,0.040818,0.039054000000000005,0.039508999999999996,0.039242,0.039178,0.048066000000000005,0.051938,nan,0.05828099999999999,0.064089,0.055101,0.049797,nan,0.061636,nan,0.059775999999999996,0.054826,0.049769,nan,nan,0.06463200000000001,0.060862,0.069518,0.071997,0.071506,0.069938,0.068675,0.079193,0.079149,nan,0.062981,0.076806,0.081058,0.08319,0.076712,nan,nan,0.084951,0.079988,nan,0.084133,0.075937,0.07102,0.079672,0.085061,0.079592,nan,0.09124299999999999,0.092872,0.092923,0.093376,0.08522300000000001,0.083399,0.09172999999999999,0.093944,0.092628,0.09173200000000001,0.083351,0.07897699999999999,nan,nan,0.087271,0.076741,0.08442899999999999,0.09374299999999999,nan,0.087703,0.10255,0.089871,0.078306,0.081588,0.07293999999999999,0.0724,nan,0.081375,0.069208,0.080777,0.092658,0.08383,0.083352,nan,0.10280999999999998,nan,0.088614,0.080059,0.07211000000000001,0.072752,nan,0.0924,0.076132,0.072716,0.082307,nan,0.081941,0.081274,nan,0.085537,0.07278899999999999,0.059302,0.06879600000000001,nan,0.057624,0.058874,0.066829,0.075463,0.06836,0.051433000000000006,0.056432,0.057687999999999996,nan,nan,nan,0.027134,nan,0.02922,0.029824,0.038167,0.036266,nan,nan,0.01381,-0.015427000000000001,-0.054097000000000006,-0.049782,-0.0074938,0.01586,0.029849,0.062229,0.08054299999999999,0.082836,nan,nan,0.094561,0.10340999999999999,0.10532000000000001,0.10344,nan,0.14315,0.15064,0.13998,nan,0.1078,0.095608,0.076192,0.060305,0.061573,nan,0.038060000000000004,0.037498000000000004,0.041589,0.038556,0.038671,0.040264,0.039324,0.038563,0.039454,0.039799,0.039560000000000005,0.047462,0.06049500000000001,0.054495,0.049642,0.068174,0.066708,nan,0.07572100000000001,nan,nan,nan,0.052547
6.0,-0.7298899999999999,-0.90296,-0.77557,-0.86318,-0.8375299999999999,-0.81362,-0.8400299999999999,-0.84014,-0.85077,nan,-0.84856,-0.8473299999999999,-0.85419,nan,-0.8672700000000001,-0.8516,-0.8603299999999999,-0.8863700000000001,nan,-0.8724,-0.87949,-0.86845,-0.8960100000000001,nan,-0.86367,-0.8960299999999999,-0.8809799999999999,-0.8787,-0.8834200000000001,-0.85855,nan,-0.88992,-0.87966,-0.88685,nan,-0.88492,-0.8933200000000001,-0.89266,nan,-0.9047200000000001,-0.9031600000000001,-0.89559,-0.8847299999999999,-0.8942899999999999,nan,-0.8837299999999999,-0.8899,-0.9133399999999999,nan,-0.89194,-0.9097700000000001,-0.89699,-0.8942399999999999,-0.8858299999999999,-0.8813,-0.9056200000000001,-0.9067700000000001,-0.8871399999999999,-0.8983399999999999,-0.90448,nan,-0.91465,nan,nan,nan,-0.89415,-0.9078,-0.91481,nan,-0.9318200000000001,-0.9531,-0.90144,-0.89344,-0.88981,nan,-0.88764,-0.8817799999999999,-0.88659,-0.89515,-0.8857799999999999,-0.8847799999999999,nan,-0.87492,-0.87487,-0.86711,-0.88107,-0.87776,-0.85636,-0.8589200000000001,-0.85641,-0.8572,-0.8740399999999999,-0.8613799999999999,-0.8331,-0.8321299999999999,-0.8515,-0.8675200000000001,nan,nan,-0.84654,-0.8474700000000001,nan,-0.84882,-0.85588,-0.85004,-0.81708,-0.81642,nan,-0.84893,nan,nan,-0.83936,-0.8309200000000001,-0.82039,-0.83088,-0.8218,-0.82875,-0.8483,-0.8421799999999999,-0.83845,nan,-0.83096,-0.8240000000000001,-0.81093,nan,nan,-0.8114399999999999,-0.81226,-0.79524,-0.7976800000000001,nan,nan,-0.80262,-0.8032100000000001,-0.7905300000000001,-0.8003600000000001,-0.79006,-0.77135,-0.78579,-0.7925300000000001,-0.7931699999999999,-0.77674,nan,-0.77068,-0.77242,-0.76475,-0.78172,-0.76851,-0.74612,-0.76032,-0.7516,nan,-0.7656,nan,nan,-0.74135,-0.71491,-0.72832,-0.73198,nan,-0.7115199999999999,nan,-0.69105,-0.7108,-0.71238,-0.69953,-0.7017800000000001,-0.69326,-0.67891,-0.68234,-0.69025,nan,nan,-0.6485,nan,-0.65366,nan,-0.65312,-0.64322,-0.63148,-0.63427,-0.62637,-0.63349,nan,-0.6036,nan,-0.6330399999999999,-0.63377,-0.61032,-0.59014,nan,-0.5976199999999999,nan,-0.6082,-0.59978,nan,-0.5812,-0.59736,nan,-0.5804,-0.5977100000000001,nan,-0.58554,nan,-0.5847600000000001,-0.58728,-0.5624100000000001,-0.5523,-0.54752,-0.53825,-0.54594,-0.5400699999999999,-0.53433,-0.54401,-0.52799,nan,-0.5314,-0.5234800000000001,nan,nan,nan,-0.51536,-0.5168,-0.51149,-0.49723,nan,-0.47853,nan,-0.48986999999999997,-0.47885,-0.49746999999999997,-0.48036999999999996,-0.47600000000000003,-0.4722,nan,-0.47618,-0.46998,-0.48621000000000003,-0.48136999999999996,nan,nan,-0.46803,nan,-0.47935,-0.46265,-0.45665,-0.46316999999999997,-0.47017,-0.46861,nan,-0.45848999999999995,nan,-0.45729,-0.46113000000000004,-0.45793,-0.44187,-0.43985,-0.43661000000000005,-0.4279,nan,-0.42938000000000004,-0.41406000000000004,-0.42715,-0.43787,-0.41888000000000003,-0.41326,-0.41148,-0.40462,-0.41253999999999996,-0.40704,-0.40188,-0.40276,-0.40551,-0.41394,-0.39119,nan,-0.38325,-0.38211,-0.37608,-0.38695999999999997,-0.38800999999999997,-0.37058,-0.36457,-0.36683000000000004,nan,-0.36722,-0.35909,-0.34947,-0.35108,-0.36041999999999996,-0.35398,-0.35963,nan,-0.35544000000000003,nan,-0.3465,-0.33810999999999997,-0.35074,nan,-0.3389,nan,-0.34691,nan,-0.33015,-0.33047,-0.33495,nan,-0.34974,-0.31903000000000004,-0.31339,-0.32121,-0.31249,-0.31645999999999996,-0.32033,-0.32203000000000004,nan,nan,nan,-0.31656,-0.32223,-0.31656,-0.31137,nan,nan,-0.29328000000000004,-0.31067,-0.30899,-0.30017,-0.29364,-0.29319,-0.29208,-0.29077,-0.27642,nan,-0.30214,-0.26793,nan,nan,-0.2758,-0.28219,nan,-0.27341,-0.2717,-0.25818,-0.27381,-0.27078,-0.26666999999999996,-0.26811,nan,-0.25308,nan,nan,-0.25885,-0.26644,-0.25854,-0.24475,-0.23578000000000002,-0.2529,-0.2541,-0.23021,-0.2261,-0.23444,-0.24176999999999998,nan,-0.23573000000000002,-0.22016,-0.22338000000000002,nan,-0.22153,nan,-0.23156999999999997,-0.23868000000000003,-0.24035,-0.22253,-0.22316999999999998,-0.22429000000000002,-0.20815,-0.21995,-0.22801999999999997,-0.23023000000000002,-0.21821,-0.2085,-0.22185,nan,-0.20945,-0.2204,nan,-0.24606999999999998,-0.23319,-0.2091,-0.19932,nan,nan,-0.20357999999999998,-0.22241999999999998,nan,-0.1978,-0.22571999999999998,-0.21406999999999998,-0.19478,-0.20142000000000002,-0.20067000000000002,-0.20909,-0.21081999999999998,-0.20477,-0.19314,-0.19509,nan,-0.20171,-0.19772,-0.20281,-0.19405,-0.19186,-0.19121,-0.19153,nan,-0.20127,-0.18436,-0.19894,-0.20919000000000001,-0.19291,-0.18844,-0.201,-0.19033,nan,nan,-0.20089,-0.19471,-0.17693,nan,-0.18542,nan,-0.18303,-0.19266,nan,-0.1884,nan,-0.17177,nan,nan,-0.19513,-0.17765999999999998,-0.17627,-0.17908,-0.16388,-0.18821,-0.19018,-0.17040999999999998,-0.17753,nan,nan,-0.17182999999999998,-0.18133,-0.17973,-0.18721,-0.18944,-0.18275,-0.19163,nan,-0.17577,-0.16894,-0.17715999999999998,-0.18089,-0.16369,-0.18449000000000002,-0.1882,-0.15766,-0.17217000000000002,-0.18048,-0.1638,nan,-0.17875,-0.16692,nan,-0.1567,-0.18212,-0.18508,nan,-0.17178,-0.17284000000000002,-0.17224,nan,-0.18162999999999999,-0.17651,-0.16973,-0.17394,-0.17179,-0.1735,nan,-0.16355999999999998,nan,-0.17112,-0.16088,-0.15516,nan,-0.1681,nan,-0.14429,nan,-0.16385999999999998,-0.15611,nan,-0.13967000000000002,-0.15536,-0.15874000000000002,-0.13565,-0.15938,-0.17105,-0.14457,-0.15454,-0.16019,-0.14506,-0.1541,-0.15561,-0.15416,-0.15270999999999998,-0.15786,-0.1625,-0.14645,-0.14532,-0.13788,-0.141,-0.15818,-0.15379,-0.15488,-0.16218,-0.16043,-0.1436,-0.13430999999999998,-0.13577999999999998,nan,-0.14444,-0.13976,nan,-0.13810999999999998,-0.14677,-0.14605,-0.1355,-0.14332,-0.13744,-0.1217,nan,-0.13656,nan,-0.1423,-0.12194,nan,-0.13863,-0.13601,nan,-0.14523,-0.13530999999999999,nan,-0.14110999999999999,-0.14495,-0.12769,nan,-0.12394000000000001,-0.13112000000000001,-0.13367,nan,-0.14400000000000002,-0.14074,-0.13358,-0.1582,-0.15797,-0.13443,-0.13517,nan,-0.14595,nan,-0.1339,nan,nan,-0.15969,-0.13684000000000002,-0.14284000000000002,-0.13824,-0.12832000000000002,-0.15467999999999998,-0.1471,-0.15479,-0.16017,-0.13895,nan,-0.15541,-0.1542,nan,-0.15006,-0.14372000000000001,-0.15935,-0.17348,nan,nan,nan,-0.1677,-0.17115,-0.15515,-0.15983,-0.17359000000000002,nan,-0.18092,-0.19047999999999998,-0.17256,-0.16379000000000002,-0.16143,-0.17195,nan,-0.18012,-0.18323,-0.18389,-0.172,-0.18215,-0.19419,nan,-0.19239,-0.19243,-0.18492999999999998,nan,-0.19022999999999998,nan,-0.19105999999999998,nan,-0.1979,-0.20576,nan,-0.20986999999999997,-0.2213,-0.22928,nan,-0.21771,-0.21841,-0.22127,-0.24203000000000002,-0.25674,-0.2423,-0.23271,-0.24758000000000002,-0.25676,nan,-0.26603000000000004,-0.26707,-0.26195,nan,-0.27138,-0.26641,-0.28434,-0.28609,-0.27418000000000003,-0.27931999999999996,-0.28315,-0.28452,-0.29385,-0.29358,-0.2967,-0.30749,-0.29366,-0.29799000000000003,-0.3215,-0.32013,nan,nan,-0.31037,-0.30946999999999997,-0.30357,-0.32752,-0.33166,-0.3325,-0.33926,nan,-0.3427,-0.3671,-0.34786,-0.3307,nan,-0.36729,-0.35638000000000003,nan,nan,-0.34585,-0.36317,-0.39050999999999997,-0.38442,-0.37705,-0.38119000000000003,-0.39641,-0.38565,-0.3936,-0.41363999999999995,-0.40437,-0.42013,-0.41181,-0.405,-0.43083999999999995,-0.43071000000000004,nan,-0.44743,-0.45678,-0.46002,-0.45925,-0.47329,nan,-0.47246000000000005,-0.46531000000000006,-0.47134,-0.46688999999999997,-0.48316000000000003,-0.49718,-0.4795,-0.48615,-0.50979,nan,nan,-0.5152,nan,nan,-0.52952,-0.53269,-0.56672,-0.5605100000000001,-0.55985,-0.56834,-0.57773,nan,-0.59415,nan,nan,-0.59029,-0.58985,nan,-0.5967,-0.61751,-0.60797,-0.6217,-0.6227199999999999,-0.6156,-0.62947,-0.6258,-0.64286,-0.6715399999999999,-0.66388,-0.67019,-0.68102,nan,-0.67347,-0.67102,-0.6882199999999999,-0.70794,-0.7083,-0.7106600000000001,-0.72819,nan,-0.7441,nan,-0.75484,-0.76484,nan,-0.77246,-0.77541,-0.77013,nan,-0.79297,-0.78397,-0.78796,-0.81016,-0.80179,nan,-0.81897,-0.80172,-0.81653,-0.8315899999999999,-0.8273,-0.85036,nan,-0.8494700000000001,-0.86685,-0.85745,-0.8672,-0.87346,nan,-0.9144,-0.9057,-0.90199,-0.90171,-0.9124399999999999,-0.93416,-0.9196700000000001,-0.92069,-0.9399200000000001,-0.9325399999999999,-0.93411,-0.94029,-0.94199,-0.9501,nan,-0.9506600000000001,-0.95716,-0.94642,-0.96216,-0.9692700000000001,-0.9654200000000001,-0.9812299999999999,-0.9865,-0.98988,nan,-1.0063,nan,-1.0186,-1.0242,-1.0232,-1.0235,-1.0252,-1.0393,-1.0443,-1.0372,-1.0481,-1.0626,-1.0616,-1.0523,-1.0586,-1.0889,-1.0943,-1.0894,-1.1092,-1.1159,-1.1215,-1.1233,-1.1084,nan,-1.1454,-1.1362,-1.1391,-1.1505,-1.1501,-1.1406,nan,-1.1711,-1.1712,-1.1799,-1.1922,nan,-1.2018,nan,nan,-1.2027,-1.2122,nan,-1.2273,-1.2275,-1.2269,-1.2239,-1.2309,-1.235,-1.238,-1.2558,-1.2563,-1.2526,-1.255,-1.2546,nan,nan,-1.2573,-1.2570000000000001,-1.2739,-1.2855,nan,-1.2834,-1.2795,-1.2985,-1.2947,-1.2924,-1.2878,-1.2741,-1.2901,nan,-1.2968,-1.2973,-1.2919999999999998,-1.2921,nan,nan,nan,-1.2784,-1.3036,-1.281,-1.2807,-1.2929,-1.2843,-1.2791,-1.2686,-1.2657,-1.2738,-1.2544,-1.2311,-1.2441,nan,-1.2273,-1.237,-1.2217,-1.2162,-1.2111,-1.1944,-1.2012,-1.2096,-1.1969,-1.1615,nan,-1.1633,nan,-1.136,-1.1345,-1.1304,-1.1141,-1.1029,-1.0822,-1.0527,-1.0506,-1.0426,-1.0141,-1.0023,nan,nan,-0.97204,-0.9540700000000001,-0.9354899999999999,-0.91074,-0.9036,-0.90428,-0.8882,-0.86595,-0.8359,-0.81123,-0.81137,-0.80067,-0.78389,nan,-0.76559,-0.75246,nan,-0.7148899999999999,nan,-0.66722,-0.65559,-0.64875,-0.62485,-0.59597,-0.58973,nan,-0.55781,-0.52792,nan,-0.50603,-0.49836,nan,-0.4527,-0.42191999999999996,-0.39597,nan,-0.34083,-0.33221999999999996,-0.31284,nan,-0.27274,nan,-0.20131,-0.17842,-0.15281,-0.13583,nan,-0.081872,-0.053114999999999996,-0.038110000000000005,-0.011461,0.023809,nan,0.08412599999999999,0.10434,0.11039000000000002,0.14513,0.17762999999999998,0.19933,0.23306,0.25267,nan,0.30919,0.32591,nan,0.39258000000000004,0.4202,0.42878,0.42923,0.46841000000000005,0.50795,0.52637,nan,0.57289,0.60593,0.62263,nan,0.67489,nan,0.74802,0.77371,0.79927,0.80675,0.81696,0.88116,0.92624,0.93514,0.94595,0.9697899999999999,1.0054,nan,nan,1.0963,1.1299,1.1741,1.2036,1.2177,1.2589,1.3103,1.321,1.3407,1.3755,1.4196,1.4733,1.496,1.5297,1.5674,nan,1.6508,1.6771,nan,1.7590000000000001,1.7762,1.8281,1.8882,nan,nan,1.9809,nan,nan,2.056,2.097,2.153,2.1788,2.1962,2.2111,2.242,2.2702,nan,2.3298,nan,2.3257,2.3568,2.3515,2.3680000000000003,2.3851,2.399,2.4108,2.4182,2.4141,2.4063,nan,nan,2.4416,2.4524,2.4314,nan,2.4267,2.4224,2.4307,nan,2.4354,2.4356,2.4264,2.4257,nan,2.4016,2.4084,2.3984,2.3785,2.3847,2.3557,2.3449,2.3613,2.3421,2.3414,2.3327,nan,2.2991,2.2816,2.2681,2.2597,nan,2.2205,2.2135,2.2221,2.2118,2.2047,2.1968,2.1896,2.1749,2.1515,2.1488,2.1495,2.1223,2.0915,2.099,nan,2.0835,2.0847,2.0668,2.0705,2.0656,2.0405,2.0488,2.0478,2.0367,2.0401,2.0229,1.9892,1.9819,1.9821,1.9661,1.9612,1.9621,nan,nan,1.9543,1.9525,1.9587,1.9367,1.9280000000000002,1.9333,nan,1.9257,1.9099,1.8895,1.9057,1.9044,nan,1.8811,nan,1.8829,1.8722,1.8596,nan,1.8683,1.8825,1.8618,1.8544,1.8732,nan,nan,nan,1.8676,nan,1.8458,1.8544,1.8714,1.8538,1.8575,1.855,1.8417,nan,1.8444,1.8401,1.8503,1.8508,1.8512,1.8408,1.8335,1.8492,nan,1.8259,1.8418,1.8509,nan,1.8504,1.8474,nan,1.8444,1.8423,1.8435,nan,1.8479,1.8351,nan,1.8439,1.8435,1.8495,1.8597,1.8578,nan,nan,nan,1.8422,1.8508,1.8434,nan,1.8499,1.8609,1.8447,1.8422,1.8419999999999999,1.8464,1.8515,1.8524,1.8613,1.8486,1.8355,1.8316,1.8365,1.8431,nan,1.8526,1.8387,1.8369,1.8403,1.8232,1.8329,nan,nan,1.8482,1.8361,nan,1.8335,1.8288,nan,1.8219999999999998,nan,1.7938,nan,1.7994,nan,1.7958,1.8088,nan,nan,1.776,1.7884,nan,1.7757,nan,nan,nan,1.7708,1.7703,1.7625,1.7496,1.7604,1.7532,nan,1.7457,1.7505,1.7344,1.7129,1.7204,1.7333,nan,1.7235,1.7195,1.703,1.7031,1.7116,1.715,1.7071,1.6894,1.6865,nan,1.6709,1.6644,1.6666,1.6514,nan,1.6668,1.6607,1.6473,1.632,nan,nan,1.6403,1.6466,1.6440000000000001,1.6392,1.6345,1.6196,1.6209,1.6117,1.6208,1.6069,1.5927,nan,1.5839,1.5818,nan,1.5817,1.5847,1.5821,1.5653,1.5468,1.5590000000000002,1.5694,1.5598,nan,1.5379,1.5473,nan,1.5272,1.5278,1.5306,1.5275,1.5016,1.5125,1.5198,1.4997,1.4904,1.4925,1.4931,1.4761,nan,1.4665,nan,1.4652,1.4649,1.4472,1.4496,1.4575,1.452,1.4449,1.4454,1.4407,nan,nan,1.4098,1.4081,1.4086,1.402,1.3943,1.4098,1.4159,1.4073,1.3994,nan,nan,1.3863,1.3596,1.3417,1.3529,1.3641,1.3463,1.3481,1.3488,1.3323,1.3348,1.3273,1.3223,1.3286,1.3182,1.3039,1.3068,1.3155,1.3102,nan,1.2992,1.3086,nan,1.2895,1.2872,1.2887,nan,nan,1.2671,1.2517,nan,1.2532,1.2649,1.2375,1.2157,1.2415,1.2151,1.2014,1.2279,1.2309999999999999,1.2209,1.2054,nan,1.2224,nan,1.2096,1.1926,nan,1.1759,1.1809,1.1678,1.1554,1.1469,1.1405,1.1431,1.1206,1.11,1.1091,nan,1.0942,1.0964,1.0806,nan,1.0628,nan,1.0475,1.047,nan,1.0234,1.0259,nan,0.9815200000000001,0.98049,0.98934,0.9688899999999999,0.9646,0.9462799999999999,0.91701,0.92575,nan,0.9257700000000001,nan,nan,0.90574,0.8821100000000001,nan,0.8543200000000001,0.84016,nan,0.8052600000000001,0.79837,0.78298,0.78303,0.78718,0.75941,nan,0.7428899999999999,0.72988,0.7054699999999999,0.68984,0.68612,nan,0.6595,0.66,0.65015,0.62697,0.60674,0.60525,0.6129,0.59211,0.56898,0.56566,0.5476300000000001,nan,nan,0.5120600000000001,0.50227,0.47462,0.46655,0.46101000000000003,0.43623999999999996,0.4372,0.4251,0.41494,0.39839,0.36671,0.36309,0.36351,0.3585,0.33916999999999997,0.31833,0.30395,nan,0.28869,0.28522,0.2679,0.25895,0.24916999999999997,0.24233000000000002,nan,0.19317,0.19203,0.19337000000000001,0.17424,0.17956,0.17069,0.14507,0.1382,0.11994,0.10202,0.1041,0.077679,0.062586,0.084132,0.050917000000000004,0.033762,nan,nan,0.0018099,-0.0058633999999999995,-0.020638,-0.012546999999999999,-0.030281,-0.043688,-0.040001,-0.063842,-0.071538,-0.07572000000000001,nan,-0.099787,nan,-0.10967,-0.11885,-0.14115999999999998,-0.13441,-0.15685,-0.1821,-0.17848,-0.19484,-0.19394,-0.1823,-0.20188,-0.20906999999999998,-0.2274,-0.24946999999999997,-0.2403,-0.25401,-0.27598,-0.2746,nan,-0.29249,nan,-0.30236999999999997,-0.31533,-0.33993,nan,-0.33895,-0.36361,-0.35448,-0.35805,nan,-0.37176,-0.3783,nan,-0.39171,-0.4051,-0.40471,-0.40116999999999997,-0.42027,-0.44018,-0.43817,-0.44305,-0.46011,-0.46784,-0.47411000000000003,nan,-0.47576999999999997,-0.47903,-0.488,-0.48817,-0.47981,-0.47771,-0.49513,-0.5058699999999999,nan,-0.51022,nan,nan,-0.51835,-0.53628,nan,-0.53235,-0.54557,nan,-0.5553899999999999,-0.55467,-0.57189,nan,-0.59316,-0.59905,-0.5966100000000001,-0.59729,-0.5989399999999999,-0.60731,nan,-0.61201,-0.61707,-0.61659,-0.61688,-0.61656,-0.6313,-0.63176,-0.6217600000000001,-0.62926,nan,-0.6353300000000001,-0.6411,nan,nan,-0.66789,-0.67178,nan,-0.67102,nan,-0.6763,-0.6792699999999999,-0.6725,-0.68193,nan,-0.68358,nan,-0.69414,-0.6796800000000001,-0.69175,-0.71527,-0.71595,-0.70112,-0.7216899999999999,-0.73561,-0.7188100000000001,-0.72577,-0.72806,-0.73028,-0.73834,-0.73636,-0.7379399999999999,-0.74453,-0.75651,-0.74174,-0.74145,-0.75513,nan,-0.73498,-0.75781,-0.76853,nan,-0.7576,-0.76461,-0.75537,-0.7689,nan,-0.75878,nan,-0.77423,-0.7741,nan,-0.77872,nan,-0.7774300000000001,-0.7833899999999999,nan,-0.77866,-0.79688,-0.79645,-0.77572,-0.7760699999999999,-0.7845,-0.7742100000000001,nan,-0.78198,nan,-0.7909999999999999,-0.78438,-0.79901,-0.79655,-0.789,-0.7904,-0.78208,nan,-0.7837,-0.78723,-0.79467,-0.7864300000000001,-0.7844800000000001,nan,-0.79219,-0.79238,-0.78597,nan,-0.79356,-0.79243,-0.78486,-0.77555,-0.7748,-0.7917,nan,-0.78233,-0.77275,-0.79497,-0.80056,-0.78127,-0.77263,-0.7749,-0.78283,-0.7915,-0.7832600000000001,-0.76459,-0.76715,-0.7743800000000001,-0.7741399999999999,-0.7824800000000001,-0.7773899999999999,-0.77225,-0.7719699999999999,nan,-0.77405,-0.7703399999999999,-0.75026,-0.76775,-0.7667,-0.74554,nan,nan,nan,-0.7421800000000001,-0.73535,-0.73645,-0.7286199999999999,nan,nan,-0.72032,nan,nan,-0.71049,-0.71665,-0.71326,nan,-0.7203,-0.7036600000000001,-0.6916,-0.6997899999999999,-0.69384,-0.68789,-0.6896,-0.6769,-0.67392,-0.68921,-0.69239,nan,-0.68052,-0.6954199999999999,nan,-0.6825600000000001,-0.6814899999999999,-0.67361,-0.6782600000000001,-0.69034,-0.67127,-0.67867,nan,-0.70025,-0.68238,-0.68138,-0.68123,-0.68155,-0.6824399999999999,-0.67428,nan,-0.6715899999999999,-0.6735899999999999,-0.67389,-0.66277,nan,-0.67802,-0.6544399999999999,-0.65585,-0.65522,-0.62883,-0.6302399999999999,-0.6322300000000001,nan,-0.6269100000000001,-0.62725,-0.6198100000000001,nan,-0.61456,nan,-0.58801,nan,-0.6182300000000001,-0.60873,-0.60542,-0.60948,-0.61757,-0.60736,-0.58987,-0.6000300000000001,-0.6116699999999999,-0.60026,nan,-0.6079399999999999,-0.59246,-0.58368,-0.60227,-0.60518,-0.6107199999999999,nan,-0.58362,-0.5798,nan,-0.60025,nan,-0.60711,-0.5908800000000001,nan,-0.6009399999999999,nan,-0.5886,-0.59005,nan,-0.60015,-0.58533,-0.57881,-0.5948,nan,-0.58991,nan,-0.59205,nan,nan,nan,-0.6079600000000001,-0.60118,-0.59345,-0.60144,nan,-0.59125,-0.59885,-0.589,nan,-0.6049899999999999,nan,nan,-0.59001,-0.58783,-0.59228,-0.58019,-0.58478,-0.5991,-0.58954,-0.5875600000000001,-0.5978600000000001,-0.59424,-0.6016699999999999,-0.5916899999999999,nan,-0.60605,-0.59592,nan,-0.5896899999999999,-0.59038,nan,-0.5906100000000001,nan,-0.58749,-0.59331,nan,-0.57925,nan,-0.59887,nan,-0.59105,-0.59931,-0.59751,-0.59801,-0.6059100000000001,-0.6070800000000001,-0.60473,-0.59182,-0.59282,-0.61741,-0.61549,-0.62152,-0.58429,-0.61942,-0.58123,-0.60463
6.0,0.04238,-0.12254000000000001,nan,-0.035629,-0.11419000000000001,-0.092562,-0.054051,-0.09825700000000001,-0.092949,-0.06855499999999999,nan,-0.080956,-0.072897,-0.060039999999999996,nan,-0.06603300000000001,-0.079042,-0.07393,-0.059465,-0.063544,nan,-0.058172,-0.050174,-0.035225,-0.023365,-0.032527999999999994,-0.044322,-0.04458,-0.027035000000000003,nan,-0.027183999999999996,-0.047816000000000004,-0.029986000000000002,-0.021965000000000002,-0.022587,0.0024822,0.016456000000000002,0.0041839,-0.0035034,0.0025568,0.015749000000000003,0.018666,nan,0.035267,0.053389,0.044255,0.042983999999999994,0.057509000000000005,0.063449,0.060024,0.047043,0.04025,0.051364,0.050182,nan,0.04133,nan,0.044775999999999996,0.061610000000000005,nan,0.063929,0.062895,0.05678099999999999,0.051662,0.052427999999999995,nan,0.071256,0.058767999999999994,0.049683,0.073117,0.06835,0.051335000000000006,nan,0.078784,nan,0.067344,nan,0.060076,0.061424,0.06873,0.061828999999999995,0.06258899999999999,0.07263,nan,nan,0.066941,0.060335,0.050575,0.049886,0.06704600000000001,0.07729,0.074753,nan,0.053,0.028495,0.034939,0.04862,0.038095,0.029013999999999998,nan,0.041252,0.040006,0.051244000000000005,0.049256,0.028558999999999998,0.020983,0.018126,nan,-0.0017537,-0.0025552,nan,-0.012270999999999999,-0.028979,-0.035916000000000003,-0.036788,-0.037117000000000004,nan,-0.025276,-0.033684,nan,nan,-0.056542999999999996,-0.055777999999999994,-0.041249,-0.047508,nan,-0.068895,-0.06924,-0.075825,-0.082995,-0.07750399999999999,nan,-0.094274,-0.10235,-0.10292000000000001,-0.1163,-0.12362000000000001,-0.11244000000000001,-0.1159,-0.13539,-0.13213,-0.12219000000000001,-0.14115,-0.16144,-0.15902,nan,-0.17151,-0.16838,-0.16355999999999998,-0.17793,-0.19222999999999998,-0.19144,-0.18886,nan,-0.19097999999999998,-0.19996,-0.22035,-0.22415,-0.20581999999999998,-0.20123,-0.21468,nan,-0.2268,-0.23708,nan,-0.22869,nan,-0.25749,-0.25344,nan,nan,-0.27793,-0.28717,-0.30267,-0.3014,-0.29889,-0.30006,-0.31246999999999997,-0.33219,-0.32469000000000003,nan,-0.3359,-0.35356,-0.34053,-0.32475,-0.32311,-0.34243,-0.35685,-0.35133000000000003,-0.36523,-0.37881,-0.35944,-0.36232,nan,-0.40292,nan,-0.39398,-0.41141000000000005,-0.41247,-0.41025,-0.42468,-0.4345,-0.42818,-0.4379,-0.45528,-0.44259,-0.43386,nan,-0.46512,-0.46588,-0.46766,-0.46384,-0.4743,-0.48994,-0.48883999999999994,nan,-0.48695,-0.4878,-0.50111,nan,nan,-0.50876,-0.51267,-0.52459,-0.53382,-0.52194,-0.5090600000000001,-0.52912,-0.55415,-0.54786,-0.54483,nan,-0.57757,-0.56522,nan,-0.57085,nan,nan,-0.58617,nan,-0.58919,-0.57624,nan,-0.61312,-0.6142,nan,-0.59991,-0.6086,-0.61642,-0.6230899999999999,nan,-0.64031,-0.6399600000000001,-0.6322399999999999,-0.63632,-0.6501899999999999,nan,-0.62035,-0.63877,-0.65636,nan,-0.66255,-0.6594399999999999,-0.64374,-0.64846,-0.6566,-0.6543899999999999,-0.6622899999999999,-0.6728,-0.67725,-0.67807,-0.67415,-0.68,-0.68852,-0.67952,-0.67602,-0.69007,-0.69826,-0.6959,-0.70038,-0.7099,-0.70491,-0.69311,-0.70006,-0.70996,-0.70217,-0.70019,-0.7168,-0.71954,-0.70605,-0.70827,-0.7184699999999999,-0.72053,-0.73235,-0.73798,-0.71563,-0.7125100000000001,-0.73828,nan,-0.73411,nan,-0.7589600000000001,-0.73423,-0.74292,-0.7542399999999999,-0.7498100000000001,-0.75573,-0.75754,-0.74212,-0.74627,-0.76476,-0.75307,-0.74043,-0.75402,nan,-0.7509100000000001,nan,-0.75307,-0.75859,-0.77922,-0.77973,-0.75776,-0.75564,-0.7661,-0.75666,nan,-0.76681,-0.7653800000000001,-0.76446,nan,-0.763,-0.7734800000000001,nan,-0.7552,-0.75976,-0.76348,nan,-0.79009,-0.79381,-0.77335,-0.77207,-0.78094,-0.78879,-0.79798,-0.79697,-0.7984399999999999,-0.79964,-0.7866,-0.7922600000000001,nan,-0.8032699999999999,-0.78996,-0.80179,-0.8019,nan,-0.78041,-0.79927,-0.78392,-0.76963,-0.7770600000000001,-0.7825300000000001,-0.79715,-0.81007,-0.80056,-0.7941699999999999,nan,-0.79914,-0.80356,-0.80979,-0.79735,-0.77073,-0.76188,-0.7804,-0.79733,-0.79203,-0.78451,-0.78755,-0.7814800000000001,-0.7678699999999999,-0.76663,-0.7670899999999999,-0.7567699999999999,-0.75552,-0.77154,-0.7786,-0.77207,-0.7665,-0.76256,-0.76752,nan,-0.76948,-0.7591,-0.76826,-0.78437,-0.7833,nan,-0.7659999999999999,nan,-0.76222,-0.75549,nan,-0.77556,-0.77317,-0.74561,-0.74866,-0.76777,-0.75745,-0.74605,nan,-0.76673,-0.76158,-0.76872,-0.76405,-0.74375,nan,nan,nan,nan,-0.7454,-0.7441300000000001,-0.74027,nan,-0.74361,-0.74282,-0.73947,-0.74432,-0.74549,-0.7262,-0.72236,-0.73248,nan,-0.7057899999999999,-0.71117,-0.71511,-0.73112,-0.7268399999999999,nan,nan,-0.70038,-0.69928,-0.70515,-0.70682,-0.69972,-0.70572,-0.70738,-0.69701,-0.68896,-0.68193,nan,nan,-0.67588,nan,-0.68885,-0.6920000000000001,-0.6784600000000001,nan,-0.67776,nan,nan,nan,-0.6674399999999999,-0.66538,-0.6672,nan,-0.65646,-0.66675,-0.65795,-0.64888,-0.65756,-0.67473,nan,-0.65151,-0.63294,nan,nan,nan,-0.64636,-0.65468,nan,-0.63293,nan,-0.63674,nan,-0.61757,-0.61411,-0.64584,-0.64807,-0.63147,-0.61903,nan,-0.61231,-0.60483,-0.59883,nan,-0.63147,-0.62245,-0.62136,-0.6147,-0.61175,-0.62853,-0.62902,-0.61945,-0.63058,-0.6412100000000001,-0.64078,-0.63278,-0.60754,-0.5929,-0.61592,-0.64186,-0.62975,nan,-0.59865,-0.60521,-0.61249,-0.6230100000000001,-0.61785,-0.59615,nan,-0.59702,-0.59744,-0.60016,-0.60113,-0.58632,-0.59355,-0.6115,-0.60042,nan,-0.6101,nan,-0.57489,-0.59039,-0.58895,nan,-0.60211,nan,-0.5945600000000001,-0.6020800000000001,-0.5988,nan,-0.59385,-0.5976,-0.5875199999999999,nan,-0.61097,nan,-0.59533,-0.59943,-0.60002,-0.5992,-0.5930300000000001,-0.5877100000000001,-0.5961,-0.6020300000000001,-0.59515,-0.5887600000000001,-0.58616,nan,-0.60069,-0.61027,-0.60134,-0.58608,-0.58524,-0.59341,-0.59977,-0.60024,-0.59086,-0.58645,-0.6005,-0.61045,-0.60365,-0.5995699999999999,-0.60026,-0.59032,-0.58878,-0.5987600000000001,-0.59692,-0.60214,-0.6117,-0.59446,-0.58465,-0.6020800000000001,-0.61787,-0.62432,-0.61798,-0.60116,-0.60007,nan,nan,-0.5978,nan,-0.61144,-0.61582,nan,-0.62689,-0.60095,-0.6079100000000001,-0.6229100000000001,nan,-0.60675,nan,-0.61142,-0.6118100000000001,-0.6016699999999999,nan,-0.61051,-0.60118,-0.60114,-0.61142,-0.59895,nan,-0.6228,nan,nan,nan,-0.5936100000000001,-0.57923,-0.59109,-0.5898399999999999,-0.58035,-0.59628,-0.61165,-0.60092,-0.60042,nan,-0.60278,-0.59242,-0.60314,-0.6203,-0.6251899999999999,nan,-0.60048,nan,-0.58281,-0.59026,-0.60739,-0.60615,-0.59707,-0.59858,-0.60297,-0.61397,-0.6122,-0.58353,-0.5795600000000001,-0.60139,-0.60148,-0.5945600000000001,-0.60077,-0.6088,-0.61715,-0.6202,-0.61202,nan,-0.59368,-0.58841,nan,-0.6067600000000001,-0.6087600000000001,-0.5915100000000001,nan,-0.60888,-0.62341,-0.5980300000000001,-0.5833699999999999,-0.58878,-0.57975,nan,-0.5901,nan,-0.60126,-0.5937600000000001,-0.5788300000000001,-0.5857100000000001,-0.6064,nan,-0.6017600000000001,-0.59291,-0.5869800000000001,-0.57931,nan,-0.58016,-0.58835,-0.58068,-0.5757,nan,nan,-0.56425,-0.5808,nan,-0.57095,-0.55028,-0.5442100000000001,-0.54561,nan,-0.5676800000000001,-0.55342,-0.56126,nan,-0.53768,-0.53808,-0.55704,nan,nan,-0.54469,nan,-0.54306,-0.53957,nan,nan,-0.5316,-0.53435,nan,-0.51872,-0.51035,-0.5324,-0.5463,-0.53568,-0.53484,-0.53787,-0.51513,-0.49935,-0.5172,-0.5266,-0.5189,nan,nan,-0.51641,-0.51189,-0.51668,-0.5260100000000001,-0.51955,nan,-0.50117,-0.5131100000000001,-0.51231,nan,-0.51498,-0.52336,-0.5078699999999999,-0.48821000000000003,-0.49023999999999995,-0.50651,-0.51344,-0.50871,-0.51017,-0.51437,-0.5016,-0.47947,-0.47273000000000004,-0.48312,nan,-0.48736999999999997,-0.48813,-0.48713999999999996,-0.48741,-0.49518999999999996,-0.49673999999999996,-0.47991999999999996,-0.46416999999999997,nan,-0.4785,-0.46898,-0.46343999999999996,-0.46785,-0.47611000000000003,-0.48213,nan,-0.45638999999999996,nan,-0.48186999999999997,-0.47818999999999995,-0.46881000000000006,-0.46002,nan,-0.44645,nan,-0.46595,-0.48023999999999994,nan,-0.44953000000000004,-0.46763000000000005,-0.44768,-0.45023,-0.46712,-0.44787,-0.44846,nan,-0.45895,-0.4365,-0.43209,-0.43518999999999997,nan,-0.46063999999999994,-0.4532,nan,-0.45147,-0.4522,-0.43583999999999995,-0.43545,-0.44683999999999996,-0.44538999999999995,-0.44078,nan,-0.45665,nan,-0.44799999999999995,-0.44313,-0.44413,nan,-0.45948999999999995,-0.45703999999999995,nan,-0.43821000000000004,-0.44383,-0.43155,-0.44922,-0.46666,-0.44741000000000003,-0.44446,-0.45808000000000004,-0.45652,nan,-0.46663000000000004,nan,-0.44327,nan,-0.45708999999999994,-0.45725,-0.44571000000000005,-0.44504,-0.4557,-0.45545,-0.45574,-0.46833,-0.46957,-0.45996000000000004,-0.47065,-0.48782,-0.47668999999999995,-0.46461,-0.47706000000000004,-0.48631,nan,-0.48923999999999995,-0.48097,-0.47384,nan,-0.47957,nan,-0.48252,-0.49915,-0.4979,-0.50334,-0.52355,-0.52518,nan,-0.5111899999999999,-0.51741,-0.5336,-0.54457,-0.54399,nan,-0.5582199999999999,nan,nan,-0.57552,nan,-0.5689,-0.59822,-0.60858,-0.5901,-0.5929300000000001,-0.61868,nan,-0.6159399999999999,nan,-0.63164,-0.61935,-0.63462,-0.6573,-0.6556,-0.6532399999999999,-0.65136,-0.6441600000000001,-0.65386,-0.67278,-0.67797,-0.6758,-0.67823,-0.6905600000000001,-0.70725,-0.71104,-0.7091,-0.72045,-0.73578,nan,nan,-0.76402,nan,nan,-0.7614,nan,-0.79042,-0.79869,-0.79579,-0.8003600000000001,nan,-0.8145600000000001,-0.8257700000000001,-0.83052,-0.8199,-0.8263299999999999,nan,nan,-0.85715,-0.8685299999999999,nan,-0.88034,-0.89176,-0.8983,-0.8962600000000001,-0.9015299999999999,-0.91041,-0.91766,nan,-0.94532,-0.95419,-0.9654,nan,-0.9867100000000001,-0.9849399999999999,-0.9850899999999999,-0.98593,-0.99421,nan,-1.0173,-1.0090000000000001,-1.0095,nan,-1.0309,-1.0338,-1.0547,-1.0618,-1.0592,-1.0873,-1.1078,-1.0883,-1.082,-1.111,-1.1311,-1.1287,nan,-1.1561,-1.1729,-1.1666,-1.1616,nan,-1.1814,-1.1856,-1.197,-1.2041,-1.2068,-1.2214,-1.2383,-1.2382,-1.2431,-1.2608,-1.2679,nan,-1.2862,nan,-1.2914,nan,-1.3134,-1.3264,-1.3241,-1.3069,-1.3168,-1.3296,-1.3301,-1.3436,-1.3436,-1.3148,-1.3093,-1.3357,nan,-1.3504,nan,nan,nan,-1.3945,-1.3856,-1.3730000000000002,-1.3711,-1.3708,nan,-1.391,-1.3979,-1.3898,-1.3944,-1.4104,-1.4144,-1.4063,-1.4095,-1.4255,-1.4266,-1.4173,-1.4169999999999998,-1.413,nan,-1.4116,-1.4159,-1.4186,-1.4258,-1.4229,-1.4167,-1.4175,-1.4082,-1.4063,-1.4171,nan,-1.4180000000000001,-1.4184,-1.4022,-1.4182,nan,-1.4216,-1.4126,-1.4144,-1.3893,nan,-1.3579,-1.3519,-1.3532,-1.367,-1.3595,-1.3396,-1.3404,-1.3334,-1.3086,-1.3125,-1.3329,-1.3198,nan,nan,-1.2939,-1.2682,-1.2527,-1.2491,-1.2416,-1.2391,-1.2367,-1.2203,-1.2002,-1.187,-1.1737,-1.1694,-1.1783,-1.1691,nan,-1.1341,-1.1223,nan,-1.0818,-1.0612,-1.042,-1.0405,-1.0312,-1.0019,-0.9862200000000001,-0.98321,nan,-0.94431,-0.9334600000000001,-0.9223100000000001,-0.89825,nan,nan,nan,-0.8086300000000001,-0.7693300000000001,-0.74975,-0.73557,-0.70191,-0.67803,-0.65583,-0.61164,-0.58927,nan,-0.53271,-0.50389,-0.47857,nan,-0.41436999999999996,nan,-0.34746,nan,-0.26577,-0.22198,nan,-0.19222,-0.11850999999999999,-0.091571,-0.083495,nan,nan,0.07381599999999999,0.12454000000000001,0.16576,0.20171,0.25636,0.28808,nan,0.37471,0.43146999999999996,0.45706,0.52441,nan,nan,nan,0.71699,0.75298,0.7891100000000001,nan,0.90381,0.9412200000000001,1.0084,1.0483,1.0694,1.1316,nan,1.2322,1.2894,1.3233,1.3624,1.4351,nan,1.5317,1.588,1.6352,1.6851,1.7378,1.7673,1.8088,1.8891,1.949,1.9572,1.9787,2.0514,nan,nan,nan,2.2451,2.289,2.3287,2.3680000000000003,2.39,2.4438,2.5145,2.5449,2.5892,nan,2.6839999999999997,nan,2.7703,2.8063,2.85,2.8956,2.9336,2.9713,2.9788,nan,nan,3.0679,3.082,nan,3.1087,3.1146,3.1235,3.1236,3.127,nan,3.1508,3.1341,nan,3.148,nan,nan,3.1337,3.1278,nan,nan,3.0782,3.0535,3.0457,3.0412,3.009,2.9698,2.9494,nan,2.9187,2.9137,2.9082,2.8901,2.8519,2.8112,2.7921,2.7739999999999996,2.7418,2.7201,2.7110000000000003,2.6936,2.675,nan,2.6332,2.5987,2.5885,2.5767,nan,nan,2.529,nan,2.4755,nan,2.4479,2.4326,2.4131,nan,2.3589,2.3751,2.3613,2.3194,2.312,nan,nan,2.2747,nan,2.2438,2.2114,2.1982,nan,2.1757,2.1609,2.1656,nan,2.1374,2.1227,2.1163,2.1004,2.0925,2.0978,2.0883,2.0587,2.0289,2.0082,1.9978,1.9979,nan,nan,1.9644,1.9641,1.9643,1.9505,1.9383,1.9414,1.9392,1.9137,nan,1.8672,1.8595,1.8517,1.8525,nan,1.8328,1.8204,1.8249,1.8095,nan,1.81,1.7949,1.7728,1.7758,1.7605,1.7347,nan,1.7086,1.7202,1.7429,1.7234,nan,1.6877,1.6884,1.6811,nan,1.6665,1.6568,1.6528,nan,1.6247,1.6217,1.6201,1.6106,1.6161,nan,1.6013,1.5875,1.589,1.5872,1.5805,nan,1.5647,1.557,1.5488,1.5421,1.5427,nan,1.5402,1.5330000000000001,1.534,1.528,1.5078,1.4978,1.5072,nan,1.4921,1.4791,1.4784,1.4776,nan,1.4769999999999999,1.4646,1.4538,1.4658,1.4791,1.4694,nan,1.4708,1.4672,1.4534,1.4631,1.4652,1.446,1.4505,nan,1.435,nan,nan,1.4223,1.4371,1.4392,1.4095,1.4069999999999998,1.4123,1.3963,nan,1.3914,1.3887,1.3893,1.3812,1.355,1.3559999999999999,1.3866,1.3769999999999998,1.341,1.341,1.3549,1.3553,1.3555,1.3511,1.3429,1.3451,1.3487,1.3375,1.321,1.3203,1.3282,1.318,nan,1.3104,nan,1.3339,1.3208,1.3008,1.2896,1.2977,nan,1.2829,nan,1.2595,nan,1.2675,1.2585,1.2559,1.2557,1.25,1.2386,1.2347,1.2352,1.2324,nan,1.2354,nan,1.2158,1.2227,1.2072,1.2026,1.2133,1.2057,nan,1.1746,1.1674,1.1713,1.1617,nan,1.1767,1.173,1.1556,1.1494,1.1354,nan,1.1581,1.1325,1.1089,1.1235,1.1224,1.1042,1.1025,1.0964,1.0759999999999998,1.0688,1.078,1.0868,1.0942,1.0906,1.0741,1.0655,1.0561,1.0452,nan,1.0668,nan,1.0467,nan,1.0242,1.0225,1.0263,1.0373,nan,nan,1.0208,nan,1.0169,0.99721,1.0014,1.0099,0.99026,0.9686899999999999,nan,0.9712799999999999,0.9693,0.9615,0.95216,nan,0.97119,0.9428,0.9426100000000001,0.9581,0.94094,0.9426,0.95945,0.94201,0.92668,0.9255,nan,0.94109,0.94537,0.92486,0.9284399999999999,0.9424899999999999,nan,0.8924200000000001,0.90665,0.93086,0.92732,0.9172,0.91301,0.90255,0.8991,0.91348,0.92656,0.92709,0.92235,0.9111,0.90296,0.9060600000000001,nan,0.8912100000000001,0.90189,0.89949,0.89176,0.9021100000000001,nan,0.87739,0.8789600000000001,0.8836799999999999,0.87846,0.87034,0.86164,0.85977,0.85819,0.85001,0.84804,0.8465799999999999,0.83749,nan,nan,0.8377899999999999,0.81731,nan,0.82568,nan,0.81523,nan,0.79665,0.78405,0.78228,nan,0.7880699999999999,0.7953,0.7915,0.7853600000000001,0.77588,0.7557,0.7458100000000001,0.76554,0.78659,nan,0.7745,0.76744,0.74726,nan,0.73087,0.7367600000000001,0.7296699999999999,0.72422,0.72837,0.72752,nan,0.71346,0.70357,0.6943199999999999,0.69448,0.6915100000000001,0.68352,0.68481,0.6801699999999999,0.67111,0.67572,0.66309,0.6382800000000001,0.64388,0.64932,0.63694,0.63016,0.62056,0.61639,0.6177199999999999,0.60219,nan,0.59455,nan,0.57821,nan,0.57271,nan,nan,0.5738800000000001,0.5586300000000001,0.54855,0.55867,0.5667300000000001,0.55188,0.53819,0.5462199999999999,0.5494899999999999,0.5364899999999999,0.53608,nan,0.53108,nan,0.50527,0.50236,0.49406000000000005,0.49796999999999997,0.48496999999999996,0.4719,0.48251000000000005,0.47618999999999995,0.45607,0.44146,0.42708,0.43543999999999994,0.43859,0.4177,0.43001000000000006,0.43604,nan,0.37081,0.40316,0.39912,nan,nan,0.39478,0.37521,0.34729,nan,0.32573,0.3347,0.3244,0.31527,0.33135,nan,0.27385,0.27432,nan,0.26991,0.2444,0.24241999999999997,0.25429,0.25482,0.23606,0.23185999999999998,0.24983000000000002,0.25204,0.22628,0.19391,nan,0.19763,0.20706,nan,0.17157,0.16149000000000002,0.16192,0.17401,0.16746,0.13908,0.12875,0.13115,0.11523,0.09792100000000001,0.099578,0.092815,0.075853,0.075943,nan,0.051372,0.043488,0.03847,nan,nan,nan,0.0084035,nan,-0.0022831,-0.019462,-0.02538,nan,-0.041645999999999996,nan,nan,-0.071128,-0.07910299999999999,-0.069451,-0.075991,-0.09824400000000001,nan,nan,-0.12447000000000001,-0.13537000000000002,-0.11709000000000001,-0.11152000000000001,-0.12759,-0.13532,-0.13329000000000002,-0.13734000000000002,-0.15695,-0.177,-0.1736,-0.1693,-0.18483,-0.19180999999999998,-0.19141,nan,-0.20169,nan,-0.20323,nan,-0.2109,-0.2243,-0.2118,nan,-0.22121999999999997,-0.20132,-0.22496999999999998,-0.26300999999999997,-0.2498,-0.23601999999999998,nan,-0.25718,nan,-0.25117,nan,nan,-0.27337,-0.29101,-0.27166,-0.25795,-0.27635,nan,-0.28920999999999997,-0.29054,nan,nan,-0.28334000000000004,-0.30617,nan,-0.2963,-0.28951,-0.30114,nan,-0.29635,-0.30227,-0.31735,-0.32998,-0.33399,-0.32575,-0.31283,-0.3117,-0.31285999999999997,-0.30833,-0.31471,-0.3113,-0.29744,-0.31274,-0.32128,-0.30207,-0.30945,-0.32326,-0.30317,-0.29227,-0.30713,-0.31249,-0.30958,-0.31335,-0.31014,-0.30086999999999997,-0.30346999999999996,-0.3145,nan,-0.32526,nan,nan,-0.29764,-0.30095,nan,-0.30746999999999997,-0.32081,nan,-0.30313,-0.29025,-0.28964,-0.29144000000000003,nan,-0.3066,nan,-0.30989,-0.3172,-0.32359,nan,-0.35094000000000003,-0.35059,-0.3356,-0.34502,-0.36127,-0.35494000000000003,nan,-0.34761,-0.35863,-0.36703,-0.36557,-0.36688000000000004,-0.35783000000000004,-0.33518000000000003,-0.33875,-0.3458,-0.33297,-0.34747,-0.36844,-0.35044000000000003,nan,nan,-0.36891999999999997,-0.35024,-0.3432,nan,-0.35076999999999997,nan,-0.3655,-0.34896,-0.33784000000000003,-0.33129000000000003,nan,-0.35057,-0.35202,-0.34685,-0.36106,-0.36528,-0.35499,-0.36330999999999997,nan,-0.34942,-0.35345,nan,-0.36991999999999997,-0.35702,nan,-0.35546,-0.33309,-0.34768000000000004,-0.36454000000000003,-0.34954,-0.34421999999999997,nan,-0.36496,-0.35709,-0.36043000000000003,-0.37072,-0.36623,-0.3559,-0.35868,-0.36896,-0.36864,-0.36229,-0.37146,-0.37966,-0.36888000000000004,-0.3668,-0.36703,-0.35551,-0.36363,-0.38023,-0.37081,-0.35577,nan,-0.36744,-0.37062,-0.35871,-0.35745,-0.37409000000000003,-0.37524,-0.36580999999999997,nan,-0.36505,-0.37035999999999997,-0.38941,-0.38738,nan,-0.36858,-0.37729,nan,-0.36666,-0.3672,-0.36627,-0.35048,nan,-0.39449,-0.35425999999999996,-0.37013,-0.41134,-0.31616,-0.38074,-0.3996
